0.803525 0.000212975 0.790367 0.000196667
0.802664 0.000496753 0.789391 0.00043723
0.802878 0.00063003 0.789488 0.000545093
0.802493 0.000449684 0.789106 0.000365209
0.802572 0.000492424 0.789133 0.00038563
0.802207 1.85188e-05 0.788844 1.07031e-05
0.802208 5.17775e-05 0.78883 3.17337e-05
0.802177 3.98923e-05 0.788788 3.94714e-05
0.80208 0.000104019 0.788687 0.000107094
0.802061 0.000103143 0.788644 0.00010019
0.801698 0.000265842 0.788253 0.000288663
0.801684 0.000398487 0.788219 0.000432472
0.801167 0.000228583 0.787641 0.000273282
0.801302 0.00046247 0.78778 0.000511546
0.801125 0.000497533 0.787533 0.000591371
0.800771 0.000366278 0.787129 0.000435877
0.800773 0.00030053 0.787113 0.000391459
0.800578 8.75425e-05 0.786843 0.000123908
0.800605 0.000168556 0.786867 0.000266858
0.800438 7.34339e-05 0.78664 0.000143949
0.8004 6.57861e-05 0.786495 0.000120161
0.800291 0.000141099 0.78634 0.000254882
0.80006 0.000187444 0.785972 0.000332759
0.79985 0.000156797 0.785627 0.000251419
0.799665 0.000288414 0.785268 0.000508432
0.799555 0.00024106 0.785119 0.00049004
0.799358 0.000173652 0.78464 0.000446242
0.799193 0.000160391 0.784299 0.000447576
0.799008 0.000306874 0.78384 0.000682241
0.799003 0.000143567 0.78375 0.000428612
0.79866 0.000172588 0.783187 0.000272
0.798512 0.000288025 0.782998 0.000413472
0.797821 0.000403884 0.782221 0.000511166
0.797296 0.00039846 0.781658 0.000428856
0.79669 0.000995467 0.78113 0.000971345
0.795696 0.000837193 0.780124 0.000780566
0.79586 0.00104487 0.780247 0.000986994
0.794576 0.000993156 0.779091 0.000876887
0.793389 0.0014088 0.778053 0.00124412
0.79196 0.00149846 0.776589 0.00132582
0.790348 0.00107571 0.775014 0.00109275
0.78836 0.00154833 0.773264 0.00124708
0.785499 0.00370067 0.77083 0.00342706
0.782981 0.00400513 0.768228 0.00344896
0.780342 0.00257479 0.766034 0.00215507
0.776336 0.00339376 0.762455 0.00278553
0.772977 0.00372903 0.759178 0.0031518
0.767877 0.00302922 0.754293 0.00279367
0.765611 0.00469863 0.752347 0.00412996
0.760295 0.00280592 0.747513 0.00285016
0.756281 0.00537634 0.743196 0.00490873
0.748612 0.00590189 0.736601 0.00550456
0.74477 0.00690426 0.733062 0.00704596
0.739604 0.0038595 0.727856 0.00419993
0.732832 0.00424418 0.720495 0.00455316
0.727294 0.0020723 0.714881 0.00256133
0.723194 0.00215739 0.710302 0.00257609
0.720516 0.00177685 0.707352 0.00211995
0.718951 0.00089183 0.704638 0.000911249
0.718338 0.000710051 0.704055 0.000963078
0.717644 0.00048745 0.702809 0.000548729
0.717551 0.000510582 0.70278 0.000409442
0.717235 0.000329753 0.702237 0.000323242
0.717143 0.000302401 0.702019 0.000204749
0.717021 0.000179783 0.701824 0.000159877
0.716833 0.000288621 0.701707 0.000271808
0.716453 0.00015555 0.701207 0.000150288
0.716419 0.000341146 0.701126 0.000255989
0.716401 0.000295772 0.701067 0.000273759
0.715913 0.000421439 0.700514 0.000523403
0.715511 0.000553339 0.700016 0.000545152
0.715001 0.000617062 0.698833 0.000602914
0.713947 0.000439222 0.697543 0.000561004
0.712998 0.00144865 0.69669 0.00154946
0.71088 0.000800456 0.694791 0.00100945
0.70894 0.00115968 0.692402 0.00105967
0.706082 0.00092702 0.689917 0.000734519
0.702567 0.000783547 0.686485 0.00100233
0.700611 0.00129799 0.684686 0.00114356
0.699399 0.000448136 0.68348 0.000462325
