0.967726 0.000294136 0.957565 0.000207406
0.967842 0.000280714 0.957588 0.000356006
0.967883 0.000335615 0.95765 0.000476485
0.967972 0.00035985 0.957612 0.00051199
0.967867 0.000273286 0.957571 0.000304399
0.967814 0.000353237 0.957663 0.000478107
0.967815 0.000257805 0.957496 0.000463607
0.967912 0.000506916 0.957725 0.000874794
0.967861 0.000395987 0.957605 0.00037456
0.967791 0.000241802 0.957447 0.000446638
0.968044 0.000425244 0.957791 0.000532989
0.967898 0.000340719 0.957638 0.000646499
0.967855 0.000247436 0.957518 0.000326513
0.967978 0.000489285 0.957637 0.000614383
0.967849 0.000181796 0.957648 0.000224698
0.967764 0.000209021 0.957462 0.000392251
0.967966 0.000502481 0.957633 0.000561739
0.967864 0.000241512 0.957462 0.000227425
0.967774 0.000132226 0.957456 0.000340437
0.967798 0.000333697 0.957601 0.00035101
0.967896 0.000300541 0.957765 0.000531297
0.967778 0.000269316 0.957583 0.000570896
0.967735 0.000347982 0.95759 0.000383363
0.967804 0.000297528 0.95767 0.000460762
0.967877 0.000434977 0.957703 0.000478753
0.967813 0.000117588 0.95778 0.00058882
0.967706 0.000242885 0.95772 0.000503096
0.967835 0.000142424 0.957415 0.000434599
0.96789 0.000404477 0.957759 0.000242828
0.967796 0.00025867 0.957667 0.000400566
0.967596 0.000194128 0.95759 0.000446857
0.967752 0.000285837 0.957918 0.000603818
0.967692 0.000236127 0.957503 0.000305241
0.967681 0.000209369 0.957466 0.000273024
0.967925 0.0002759 0.957376 0.000312557
0.967709 0.000285511 0.957526 0.000330184
0.967829 0.000262172 0.957661 0.000271204
0.967734 0.000317911 0.957473 0.00026731
0.967753 0.000376688 0.957681 0.000303993
0.967975 0.000428903 0.958094 0.000378635
0.967783 0.000319947 0.95774 0.00041512
0.967838 0.00023835 0.957551 0.000311361
0.967725 0.000326665 0.957906 0.000484676
0.968007 0.000310833 0.957918 0.000519203
0.967672 0.000331567 0.957599 0.000418669
0.967767 0.000173933 0.957507 0.000409789
0.967786 0.000306977 0.957576 0.000292696
0.967689 0.000289013 0.957749 0.000640448
0.967764 0.000360257 0.957526 0.000385848
0.967821 0.000634715 0.958018 0.000498787
0.967848 0.000358556 0.95774 0.00034084
0.96774 0.00039642 0.957706 0.000524193
0.967711 0.000417606 0.957752 0.000455629
0.96772 0.000283855 0.957555 0.000268044
0.967631 0.000450895 0.957698 0.000405776
0.967805 0.000306652 0.957645 0.00034272
0.967763 0.000316997 0.957769 0.000576295
0.967787 0.000402597 0.957637 0.000291328
0.9678 0.000506979 0.957469 0.00047607
0.967701 0.000403678 0.957689 0.000517972
0.967382 0.000554124 0.957786 0.000385549
0.967682 0.00040537 0.957949 0.000494435
0.967663 0.000483338 0.957831 0.000798846
0.967805 0.000399599 0.957804 0.000550391
0.968049 0.00054105 0.957705 0.000582644
0.968041 0.000256374 0.957665 0.000241647
0.967885 0.000425334 0.957891 0.000591924
0.96817 0.000307054 0.957584 0.000612911
0.967931 0.000488087 0.957612 0.000541297
0.967946 0.000526719 0.95753 0.000482648
0.967925 0.000623399 0.958012 0.000463224
0.967705 0.000551762 0.957799 0.000423541
0.968063 0.000240223 0.957786 0.000280957
0.967805 0.000703506 0.957622 0.000422347
0.967572 0.000523619 0.957765 0.00043835
0.967819 0.000458163 0.957777 0.000341124
0.968077 0.000217091 0.957567 0.000453544
0.967983 0.000324364 0.95777 0.000653621
0.968138 0.000332563 0.95732 0.000418306
0.967651 0.000595446 0.957505 0.000347915
