0.964834 0.000468672 0.956406 0.000710666
0.964762 0.000332144 0.956339 0.000484039
0.964588 0.000425925 0.956211 0.000818199
0.964609 0.000423039 0.956097 0.000538656
0.964898 0.000418575 0.956511 0.000606711
0.964823 0.000438997 0.956437 0.000664037
0.964625 0.000505526 0.956227 0.000792423
0.964455 0.000432428 0.95598 0.000632451
0.964544 0.000440069 0.956101 0.000594094
0.964514 0.000460632 0.956036 0.000713281
0.964636 0.00028326 0.956074 0.00033207
0.964428 0.000518115 0.955902 0.000715645
0.964343 0.000561992 0.955826 0.000653094
0.964453 0.000642146 0.955952 0.000935922
0.964601 0.000337526 0.956 0.000607495
0.964405 0.000440608 0.955842 0.000609207
0.964251 0.000516133 0.955538 0.00066758
0.964239 0.00043077 0.955467 0.000482186
0.964075 0.000613731 0.955219 0.000612774
0.964072 0.000621117 0.955471 0.000946612
0.964124 0.000610329 0.955373 0.000717145
0.964032 0.000405206 0.955267 0.000455866
0.964162 0.000590323 0.955416 0.000726334
0.963782 0.000646953 0.954898 0.000548061
0.964052 0.000746992 0.955415 0.000937744
0.963971 0.000603771 0.955213 0.000550111
0.964051 0.000579884 0.955176 0.000527276
0.96402 0.00053702 0.95533 0.000492248
0.964298 0.000619217 0.955421 0.000594022
0.964019 0.000672238 0.95516 0.000662005
0.963825 0.000618073 0.955059 0.000490309
0.963657 0.00057995 0.954919 0.000630603
0.964087 0.000932899 0.95537 0.000978329
0.963678 0.000597309 0.954825 0.000378487
0.963801 0.000549998 0.954946 0.000599485
0.96357 0.000753208 0.954799 0.000704998
0.963605 0.000381301 0.954858 0.00038102
0.963679 0.000816904 0.954842 0.000722265
0.963707 0.000717488 0.954922 0.000637492
0.963699 0.000504424 0.954877 0.000531651
0.963562 0.000774336 0.954807 0.000918347
0.963787 0.000875462 0.954953 0.00142616
0.963882 0.000837018 0.954895 0.000623566
0.963508 0.000275659 0.954573 0.000348151
0.963539 0.000306254 0.954631 0.000228704
0.963762 0.000790865 0.954738 0.000748109
0.963786 0.000562253 0.954824 0.00046089
0.963533 0.000355537 0.954602 0.000315863
0.963553 0.000646363 0.954621 0.000619199
0.963433 0.00034048 0.954567 0.000307499
0.963286 0.000348028 0.954282 0.000361517
0.963443 0.000344541 0.954468 0.000369607
0.963695 0.000513792 0.954751 0.000308584
0.963391 0.000607043 0.954538 0.000564555
0.963465 0.000649197 0.954466 0.000427609
0.963582 0.000705023 0.954537 0.000597985
0.963293 0.00028221 0.954355 0.000227706
0.963935 0.000786796 0.954774 0.000686734
0.963331 0.000372135 0.954254 0.000374256
0.963306 0.000237646 0.954254 0.000235886
0.96375 0.000798903 0.954657 0.000573812
0.963345 0.000217346 0.954182 0.000241922
0.963372 0.000538602 0.954249 0.000503392
0.963475 0.000488519 0.954486 0.000349457
0.963419 0.000241994 0.954315 0.000197653
0.963384 0.000308194 0.954253 0.00032648
0.963395 0.000509707 0.954211 0.000451305
0.963702 0.000489118 0.95449 0.000451506
0.963497 0.000220928 0.954319 0.000301455
0.963544 0.000356434 0.954382 0.000293964
0.963329 0.000271129 0.954164 0.000268228
0.963388 0.000324064 0.954123 0.000354695
0.963611 0.000526121 0.954331 0.000534565
0.963354 0.000415424 0.954065 0.000442502
0.963334 0.000331846 0.954137 0.000306463
0.963496 0.000594216 0.954303 0.000508755
0.963719 0.00058878 0.954494 0.000636988
0.963652 0.000374979 0.954316 0.000410436
0.963453 0.000479873 0.954177 0.000427066
0.963346 0.000333826 0.953937 0.000386571
