0.95068 0.00279947 0.941369 0.00272244
0.940369 0.00782461 0.931469 0.00754544
0.941993 0.0104575 0.933042 0.0101209
0.932707 0.00778284 0.924111 0.00751112
0.930256 0.00486527 0.921736 0.00467949
0.92961 0.00378277 0.921119 0.00365388
0.928155 0.00200411 0.919693 0.0019092
0.928122 0.00206551 0.919651 0.00200369
0.925626 0.00124985 0.917232 0.00121724
0.923142 0.00357939 0.914821 0.00349645
0.922103 0.00517946 0.913773 0.00504728
0.911555 0.0160955 0.903485 0.0157529
0.894696 0.0153349 0.887103 0.0150668
0.889988 0.0162537 0.882547 0.015853
0.883257 0.0187245 0.875895 0.0182763
0.872982 0.0154313 0.865964 0.0150339
0.865028 0.0149998 0.858138 0.0146351
0.871106 0.0186211 0.864029 0.018155
0.864574 0.0166807 0.857592 0.0163259
0.866459 0.0147082 0.859691 0.0143757
0.858472 0.00971042 0.851707 0.0095353
0.855726 0.00544244 0.849146 0.00525587
0.85125 0.00135287 0.844802 0.00114276
0.851607 0.00219485 0.845104 0.00209173
0.850847 0.000698994 0.844447 0.000651808
0.850576 0.00041649 0.844334 0.000436853
0.850607 0.000392611 0.84432 0.000376128
0.850639 0.000374547 0.844172 0.000240556
0.850184 0.00048359 0.843884 0.000296518
0.850244 0.00036806 0.843918 0.000254368
0.850184 0.000285591 0.843975 0.000230584
0.850128 0.00025195 0.843791 0.000162938
0.850076 0.000231135 0.843834 0.000185036
0.849881 0.000294005 0.843758 0.000214824
0.8498 0.000223543 0.843668 0.000136198
0.849848 0.000404597 0.84369 0.000260645
0.849635 0.000305594 0.843526 0.000235157
0.849623 0.000302024 0.843519 0.000223272
0.849065 0.000234294 0.843233 0.000127022
0.848959 0.000306315 0.843156 0.000211867
0.849052 0.000482022 0.843161 0.000315682
0.848924 0.000413232 0.8431 0.000282217
0.848657 0.000385694 0.842961 0.000303443
0.848397 0.000246997 0.842838 0.000181301
0.848515 0.000330704 0.842845 0.000265852
0.848159 0.000323329 0.842611 0.000175427
0.848292 0.000363452 0.842664 0.00027851
0.847788 0.000271477 0.842188 0.000286331
0.847901 0.000348766 0.842243 0.000215018
0.847716 0.000300891 0.841985 0.000289316
0.84756 0.000308902 0.841931 0.000384726
0.847452 0.000306985 0.841675 0.000316562
0.84732 0.00037326 0.841652 0.000271043
0.84715 0.000372586 0.84116 0.000364139
0.846718 0.000436723 0.840858 0.0004354
0.846395 0.000483548 0.840412 0.00046767
0.846174 0.000376883 0.840243 0.000421254
0.845729 0.000674744 0.839936 0.000540122
0.844734 0.000545367 0.838772 0.000574379
0.844258 0.000819939 0.838304 0.000661377
0.843976 0.000668383 0.838111 0.000834635
0.843073 0.000681169 0.837062 0.000382539
0.842841 0.000782346 0.836831 0.000853695
0.842037 0.00112166 0.835997 0.00139975
0.840694 0.00112467 0.834052 0.00121715
0.840294 0.00138206 0.833427 0.00150924
0.840432 0.00156257 0.833193 0.0015772
0.838257 0.00195109 0.830591 0.00210251
0.838171 0.00181589 0.831033 0.00195199
0.835617 0.00241237 0.827452 0.00252295
0.834973 0.00283041 0.826908 0.0028791
0.831535 0.00234316 0.823003 0.00259146
0.829843 0.00150126 0.820712 0.0015012
0.828602 0.00221872 0.8196 0.00216807
0.826737 0.00223987 0.817591 0.00191463
0.825831 0.00207823 0.816819 0.00293315
0.823814 0.00091182 0.814941 0.00126277
0.82281 0.00169742 0.813524 0.00136992
0.822543 0.00120136 0.812719 0.00101372
0.822644 0.000872428 0.812387 0.000557421
