0.811469 0.000668757 0.796517 0.00108213
0.811747 0.000698376 0.796994 0.00101946
0.811394 0.00063191 0.796339 0.000737731
0.811714 0.000679926 0.797176 0.000951088
0.812124 0.000571389 0.797336 0.000873694
0.811558 0.000712325 0.796759 0.000635203
0.811749 0.000663053 0.797122 0.00107969
0.81167 0.00068292 0.796745 0.00127965
0.811792 0.000676246 0.79713 0.00128924
0.81152 0.00060295 0.796202 0.000582388
0.811563 0.000614644 0.796725 0.00120133
0.811638 0.000516116 0.796356 0.000682333
0.811569 0.000632733 0.796545 0.00065341
0.811607 0.00056106 0.796691 0.000700345
0.811448 0.000644769 0.796372 0.000791656
0.811874 0.00120016 0.796865 0.00112816
0.811809 0.000418463 0.797016 0.00116841
0.811979 0.000717781 0.797564 0.00143416
0.811939 0.000523592 0.797517 0.000825765
0.811709 0.000741596 0.797293 0.00128371
0.811751 0.000582886 0.796537 0.00105414
0.811817 0.000855917 0.79697 0.0011983
0.811808 0.000652035 0.797356 0.00135217
0.81164 0.000513927 0.796545 0.00102518
0.811683 0.000551299 0.796593 0.000792508
0.811278 0.000660238 0.796785 0.000692305
0.811863 0.000589013 0.797416 0.00111478
0.811993 0.000543973 0.797261 0.000790647
0.811994 0.000678315 0.797455 0.000995263
0.811859 0.000558041 0.797174 0.0010898
0.812004 0.000524209 0.797407 0.00113496
0.811509 0.000646651 0.796829 0.00110891
0.811681 0.000749753 0.797268 0.00138006
0.812016 0.000512969 0.796664 0.000929782
0.811954 0.000655682 0.797007 0.00153558
0.812147 0.000809904 0.797524 0.00074342
0.811442 0.000805318 0.796778 0.000967152
0.811654 0.000659486 0.796477 0.00100375
0.812128 0.00101701 0.797283 0.00117138
0.812612 0.000601835 0.797966 0.00113144
0.811774 0.000849774 0.79692 0.00104163
0.812225 0.000871091 0.797543 0.00116736
0.811831 0.00064046 0.796699 0.00132759
0.811875 0.000709864 0.797149 0.00105059
0.811756 0.000929397 0.796724 0.000826769
0.811895 0.00057663 0.79697 0.000836833
0.811822 0.00078141 0.796787 0.000727676
0.811971 0.00108886 0.797176 0.00108666
0.811955 0.000988438 0.797299 0.0010871
0.81185 0.000661256 0.797073 0.000821744
0.8125 0.000613686 0.797966 0.000616681
0.81245 0.000845182 0.797188 0.000867846
0.812031 0.000408951 0.797248 0.000764782
0.812037 0.000860833 0.797306 0.000904446
0.812265 0.00060128 0.797292 0.000716623
0.811994 0.000572669 0.797264 0.000635082
0.811757 0.000626559 0.796982 0.000962644
0.811633 0.00088986 0.796783 0.00124234
0.812232 0.000636379 0.796854 0.00104277
0.812375 0.000706063 0.797844 0.00103327
0.81215 0.000656736 0.797062 0.00124137
0.812328 0.000944559 0.796783 0.00133735
0.812108 0.000550304 0.797603 0.001591
0.811829 0.000835248 0.796977 0.00115992
0.812422 0.00062906 0.797731 0.000679792
0.812231 0.000624491 0.797857 0.00187577
0.811803 0.00100047 0.796889 0.000675252
0.811556 0.000659189 0.79666 0.00128216
0.812104 0.000662785 0.796907 0.00114967
0.812008 0.000552576 0.79711 0.00103522
0.812158 0.000930259 0.796749 0.000693701
0.812301 0.000949272 0.797459 0.00114892
0.812321 0.00087471 0.7972 0.0009703
0.812727 0.000543929 0.797302 0.00110749
0.812003 0.000842836 0.797461 0.0013165
0.812307 0.000532056 0.796695 0.000628497
0.811894 0.000788355 0.796664 0.000576503
0.811879 0.000759593 0.796728 0.00117104
0.811896 0.000519912 0.796644 0.000988323
0.812526 0.000440397 0.797823 0.000986958
