0.79658 0.000386593 0.792052 0.000507515
0.796967 0.000692199 0.793262 0.000875768
0.797139 0.000209091 0.793156 0.000508963
0.797054 0.00036886 0.793317 0.000522895
0.797394 0.000268313 0.793377 0.000457365
0.797229 0.000485777 0.793582 0.000612756
0.797105 0.000553043 0.793692 0.000768791
0.79709 0.000502061 0.794317 0.000968054
0.79696 0.00049618 0.793919 0.000390942
0.796653 0.000370252 0.793983 0.000391139
0.797212 0.000331828 0.794016 0.000740417
0.797137 0.000372361 0.794105 0.00063758
0.79715 0.000537057 0.7944 0.000567395
0.796867 0.000379916 0.79462 0.000476071
0.797053 0.00052658 0.794903 0.000340703
0.797149 0.000391376 0.794529 0.000564851
0.796915 0.000537705 0.794736 0.00050623
0.796949 0.00026534 0.794591 0.000511528
0.797267 0.00049381 0.794766 0.00039513
0.797501 0.000436878 0.794658 0.000598504
0.797202 0.000302096 0.794719 0.000325095
0.797394 0.000931098 0.794705 0.00034094
0.797162 0.000509246 0.7949 0.000276594
0.797284 0.000636646 0.79539 0.000655997
0.797482 0.000421919 0.795439 0.000585692
0.797458 0.000491275 0.795023 0.000622113
0.797226 0.000342032 0.795419 0.000600823
0.797307 0.000498489 0.795681 0.000520871
0.798048 0.000786845 0.795496 0.000460986
0.797508 0.000561243 0.795611 0.000622542
0.798059 0.000415148 0.795709 0.000590367
0.797208 0.0006477 0.795467 0.000684024
0.79818 0.00107228 0.796025 0.000827188
0.797563 0.000672799 0.79584 0.000280431
0.797757 0.000672504 0.795755 0.00059517
0.797919 0.000663264 0.796157 0.000491784
0.798117 0.000825674 0.795932 0.000632186
0.798165 0.000697042 0.796115 0.000482341
0.797925 0.000626001 0.796203 0.000700884
0.798244 0.000982516 0.796436 0.000429117
0.798092 0.000595815 0.796194 0.000536135
0.798654 0.00101836 0.796217 0.000600649
0.798236 0.00101682 0.796176 0.000439178
0.799025 0.000413716 0.796838 0.000574777
0.79845 0.000818143 0.796636 0.000643026
0.798726 0.00106417 0.796578 0.000511335
0.798715 0.000620367 0.796583 0.000354965
0.798267 0.000697338 0.796842 0.000904899
0.798535 0.00052024 0.796915 0.000797479
0.798701 0.0009963 0.797181 0.000834445
0.799239 0.000673254 0.797036 0.000573784
0.798652 0.0010069 0.79721 0.000762447
0.79932 0.000802354 0.797589 0.000957116
0.799768 0.000753208 0.797582 0.000511298
0.799114 0.00106693 0.797551 0.00106521
0.799319 0.00100854 0.797282 0.000734124
0.799645 0.000952293 0.797977 0.000864744
0.799167 0.00108777 0.797725 0.000787841
0.799899 0.00159589 0.798214 0.00125037
0.799805 0.000812164 0.797765 0.000794954
0.79998 0.00092846 0.797499 0.000704717
0.799818 0.000899136 0.797658 0.000937694
0.799509 0.000941944 0.797832 0.000843486
0.800981 0.000926137 0.798139 0.00105722
0.800203 0.00101395 0.797601 0.00101149
0.800442 0.00115592 0.797773 0.000630889
0.800354 0.00133537 0.798662 0.000783843
0.800904 0.00129133 0.798677 0.00178994
0.800925 0.00104866 0.798611 0.000634692
0.801545 0.000969644 0.798904 0.000989423
0.80094 0.00126124 0.799176 0.000542837
0.801258 0.000758751 0.798773 0.0008455
0.800907 0.00122106 0.799286 0.000571981
0.800941 0.0013053 0.799338 0.000920181
0.801135 0.000716163 0.799356 0.000718866
0.801432 0.000594913 0.799345 0.0010497
0.801318 0.000915851 0.799604 0.00103062
0.801295 0.00138908 0.79875 0.00116062
0.801937 0.0016218 0.800156 0.00102137
0.802458 0.00171202 0.800493 0.00118749
0.80238 0.00142631 0.799785 0.00105969
0.801932 0.00171344 0.79973 0.000912679
0.802571 0.00193318 0.799881 0.000972488
0.803074 0.00158666 0.800409 0.0010781
0.802694 0.00153847 0.800278 0.00129679
0.802211 0.000953369 0.801029 0.00148155
0.802523 0.000706486 0.800404 0.000696051
0.803069 0.000851433 0.800997 0.000853436
0.803697 0.00165831 0.801772 0.000989347
0.803865 0.00165199 0.801049 0.00133006
0.802673 0.00153964 0.801924 0.00133438
0.803625 0.000645465 0.801543 0.00143892
0.803156 0.00213993 0.801831 0.000780026
0.803374 0.00221123 0.801486 0.000980431
0.803779 0.00170198 0.801363 0.000868393
0.803906 0.00237465 0.802832 0.00129848
0.804011 0.0015962 0.801313 0.00123466
0.804096 0.00213592 0.802035 0.000896549
0.803907 0.001387 0.802744 0.00130712
0.804582 0.00153265 0.803899 0.0028229
