0.796391 0.000409849 0.791504 0.000400185
0.797528 0.000339978 0.792205 0.000321158
0.797327 0.000422594 0.792129 0.000400282
0.797638 0.00028178 0.792464 0.000362677
0.797504 0.000392964 0.792438 0.000472327
0.797769 0.00054886 0.792524 0.000173811
0.797645 0.000690906 0.792732 0.000252111
0.797826 0.000621402 0.792735 0.000246479
0.797527 0.000725937 0.792763 0.000373307
0.797701 0.000319039 0.792882 0.000298214
0.797641 0.000386436 0.792905 0.000330426
0.79775 0.000417875 0.793004 0.000282068
0.797798 0.00066336 0.792889 0.00041075
0.797784 0.000759613 0.793205 0.000262225
0.79774 0.000514721 0.793098 0.000502422
0.797651 0.00064777 0.793178 0.000360973
0.797986 0.000457152 0.793152 0.000430459
0.797775 0.000580216 0.793539 0.000430947
0.797889 0.000530167 0.793271 0.000386999
0.797193 0.000347435 0.793654 0.000545175
0.797803 0.000610151 0.793548 0.000357418
0.79735 0.00066258 0.793699 0.000543426
0.797448 0.000808963 0.793736 0.000424351
0.797726 0.000752909 0.793847 0.000619677
0.797696 0.000511994 0.793727 0.000279595
0.797847 0.000579195 0.793658 0.000397973
0.79733 0.00071365 0.793931 0.000265863
0.797911 0.000403675 0.793589 0.000232315
0.797967 0.000590302 0.793894 0.000365357
0.797794 0.000463917 0.794011 0.000527185
0.797421 0.000904623 0.79427 0.000305524
0.797674 0.000582683 0.79384 0.000589591
0.797617 0.000572163 0.794267 0.000359116
0.7976 0.000556991 0.7942 0.000500646
0.797718 0.000502436 0.794397 0.000353825
0.797747 0.000525247 0.794395 0.000444284
0.797504 0.000431801 0.794241 0.000472753
0.797713 0.000376848 0.794395 0.00024628
0.797641 0.000516763 0.794399 0.000421216
0.797816 0.000533766 0.794416 0.000306673
0.798036 0.000557536 0.794575 0.000387517
0.798055 0.000441681 0.794575 0.000386885
0.797469 0.000583768 0.794413 0.000329469
0.79802 0.000624547 0.794319 0.000439085
0.797635 0.00073139 0.794683 0.000427668
0.797984 0.00120486 0.794557 0.000613924
0.797545 0.000554738 0.794813 0.000577476
0.797971 0.00071805 0.794623 0.000374897
0.797737 0.000664159 0.7949 0.000756303
0.797805 0.000518187 0.79511 0.000398239
0.798101 0.000904319 0.794741 0.000436975
0.797911 0.000601859 0.794999 0.000321272
0.798092 0.000556937 0.794786 0.000332003
0.798153 0.000874348 0.794904 0.000576445
0.797618 0.000922696 0.795116 0.000536513
0.798096 0.000613294 0.794917 0.000313453
0.798174 0.000543965 0.795178 0.000263235
0.797872 0.000507059 0.794953 0.000300326
0.79841 0.000456116 0.795206 0.000415332
0.797733 0.000595442 0.795117 0.000322143
0.797844 0.000976231 0.794875 0.000469473
0.798494 0.000808109 0.795401 0.000472274
0.798158 0.000615415 0.795048 0.000441652
0.798233 0.000767642 0.795357 0.000431442
0.798221 0.000876816 0.794972 0.000507002
0.798883 0.000586768 0.7954 0.000564452
0.798172 0.000575181 0.795463 0.000550946
0.798351 0.000838529 0.795337 0.000691281
0.798534 0.000685056 0.795443 0.000531104
0.798173 0.000787031 0.795667 0.000406595
0.798261 0.000985542 0.795426 0.00073703
0.798428 0.000607659 0.795495 0.000465645
0.798407 0.00112362 0.795512 0.000329038
0.798498 0.000547677 0.795496 0.000787535
0.798184 0.000967826 0.795524 0.000694089
0.798766 0.00114325 0.79555 0.000585577
0.798277 0.000634226 0.79583 0.000493245
0.798996 0.000640634 0.795888 0.000403754
0.798682 0.00116221 0.795743 0.000373094
0.798407 0.000531144 0.795803 0.000414084
0.79875 0.000871808 0.795875 0.000389998
0.798465 0.000761872 0.795806 0.000536938
0.798394 0.000769721 0.79571 0.000430914
0.798715 0.000897082 0.796135 0.00062038
0.798549 0.000729266 0.796089 0.000421742
0.798692 0.000574505 0.796082 0.000477461
0.798733 0.000501577 0.796133 0.000627446
0.79894 0.000999455 0.79596 0.00051612
0.798581 0.000544346 0.796191 0.000540097
0.798964 0.0010877 0.796141 0.00056232
0.798375 0.000750535 0.796218 0.000487607
0.799945 0.000768686 0.796172 0.000568889
0.799138 0.000370452 0.796131 0.000573386
0.798528 0.00100957 0.795969 0.00055756
0.799634 0.000623407 0.796358 0.000505702
0.79871 0.000880811 0.796509 0.000716541
0.799322 0.000979127 0.796501 0.000519354
0.799403 0.000797271 0.796351 0.000592534
0.799298 0.000439803 0.796355 0.000686932
0.798938 0.00143174 0.796634 0.000701971
