0.958637 0.000366203 0.956202 0.0006394
0.959819 0.00076978 0.95663 0.000665057
0.959988 0.000548843 0.956513 0.000690192
0.959897 0.00079868 0.956972 0.000628241
0.959651 0.000313425 0.957307 0.000570817
0.960111 0.000861555 0.956829 0.000469401
0.959742 0.000398307 0.957547 0.000329985
0.959641 0.00061354 0.957376 0.000385062
0.960432 0.00061222 0.957393 0.000440455
0.959594 0.000666573 0.95742 0.000438023
0.959815 0.000653692 0.957541 0.000489591
0.959859 0.000425695 0.957607 0.000410171
0.959729 0.000755461 0.957516 0.000402591
0.959642 0.000566047 0.957769 0.00029659
0.960105 0.000498634 0.957642 0.000395641
0.959568 0.000655634 0.958074 0.000210251
0.959479 0.000555672 0.957827 0.000248807
0.959774 0.000684413 0.957815 0.000418798
0.95982 0.000944528 0.957743 0.000395834
0.959734 0.000435573 0.957902 0.000346021
0.959504 0.00102101 0.957757 0.000567219
0.959887 0.000707541 0.957812 0.000389018
0.959886 0.000770627 0.958014 0.000188994
0.960037 0.000675614 0.957832 0.00021909
0.95953 0.000421891 0.958117 0.000259095
0.95999 0.00106651 0.957912 0.000364339
0.95995 0.000761126 0.957942 0.000352408
0.959562 0.000770185 0.958197 0.000568282
0.959274 0.000307598 0.957992 0.000339683
0.959528 0.000665695 0.958098 0.000477127
0.959508 0.000916071 0.958174 0.000227892
0.959944 0.000438157 0.958147 0.000304794
0.959792 0.000606978 0.958172 0.000286069
0.959782 0.00092342 0.958126 0.000359701
0.959612 0.000748322 0.958092 0.000315535
0.959901 0.000714412 0.958203 0.000431662
0.959666 0.000368351 0.95846 0.000221544
0.959506 0.000360432 0.958256 0.00024996
0.959809 0.00115335 0.958231 0.000421711
0.959783 0.000317349 0.958144 0.00025899
0.959442 0.000666928 0.958271 0.000205088
0.960059 0.000718346 0.958202 0.000446321
0.95988 0.000531261 0.958145 0.000371167
0.959887 0.000472017 0.958305 0.000247599
0.959635 0.000704904 0.958367 0.000380285
0.9598 0.00134028 0.958261 0.000434708
0.959693 0.000768986 0.958084 0.000363789
0.959673 0.000422711 0.958243 0.000378104
0.960067 0.000622217 0.957994 0.000452301
0.959808 0.000314597 0.958456 0.000433685
0.959665 0.000645938 0.958162 0.000431098
0.960012 0.00072527 0.958289 0.000389261
0.959567 0.000823072 0.958456 0.000440209
0.959948 0.00063319 0.958305 0.000501196
0.959653 0.00050934 0.958427 0.000268388
0.959443 0.00052143 0.958398 0.000471966
0.959871 0.000700288 0.958183 0.000363383
0.95989 0.000600907 0.958433 0.000376878
0.959807 0.000623832 0.958319 0.000417474
0.959348 0.000395221 0.958656 0.000306016
0.95959 0.000822021 0.958584 0.000334622
0.960043 0.000586124 0.958602 0.00049065
0.959636 0.000692571 0.958551 0.000352319
0.959981 0.000762605 0.958633 0.000303968
0.959538 0.000635694 0.958525 0.000457488
0.959686 0.00049808 0.958514 0.000340839
0.960142 0.000584975 0.958658 0.00033647
0.960278 0.000745809 0.958595 0.000353974
0.960034 0.000522981 0.95852 0.000205887
0.95981 0.000571406 0.95842 0.000293852
0.95989 0.000582522 0.958698 0.000355611
0.959829 0.000885218 0.958424 0.000305388
0.959814 0.0007154 0.958666 0.000490459
0.959884 0.000879513 0.958752 0.00038985
0.960127 0.000716821 0.958782 0.000342017
0.960002 0.000971914 0.958559 0.000346636
0.959587 0.000701219 0.95862 0.000467363
0.960054 0.00058787 0.958715 0.000328523
0.960334 0.000484801 0.9586 0.000308359
0.960174 0.000695797 0.958777 0.000383449
0.959833 0.000511712 0.958485 0.000358578
0.959955 0.000657952 0.958659 0.000454555
0.960077 0.000657189 0.958707 0.000520121
0.959996 0.000770167 0.958611 0.000254974
0.96043 0.000822969 0.958523 0.000466634
0.96005 0.000739861 0.958843 0.000295224
0.960056 0.000719287 0.958765 0.000448484
0.960094 0.000762024 0.958562 0.000476795
0.959902 0.000947627 0.9587 0.000336454
0.959864 0.000590422 0.959154 0.000512662
0.960017 0.000554874 0.958738 0.000392823
0.960461 0.000947118 0.958678 0.000533725
0.960321 0.000825403 0.958775 0.000392518
0.960318 0.000580014 0.95885 0.000325204
0.960418 0.000761328 0.958811 0.000402464
0.96015 0.00103234 0.958845 0.000416373
0.960019 0.00061198 0.958827 0.000445407
0.960246 0.000890129 0.958893 0.000687007
0.960282 0.000928829 0.958904 0.000538349
0.960475 0.000706584 0.958993 0.000453912
