0.805839 5.73716e-05 0.791269 0.000105144
0.805871 3.88891e-05 0.79118 2.6929e-05
0.805886 4.12199e-05 0.791185 6.74402e-05
0.805906 2.98969e-05 0.79117 2.47449e-05
0.80589 7.53954e-05 0.791183 8.52757e-05
0.805932 8.94923e-05 0.791209 0.000123767
0.805925 6.68263e-05 0.791178 8.10217e-05
0.805899 2.85028e-05 0.791141 2.58025e-05
0.805914 9.19635e-05 0.791172 8.5028e-05
0.8059 3.76568e-05 0.791126 3.51448e-05
0.805903 6.80562e-05 0.791117 5.21601e-05
0.805894 5.50867e-05 0.791116 6.24563e-05
0.805899 9.25777e-05 0.791093 9.50943e-05
0.805901 7.08709e-05 0.791122 0.000121877
0.805877 3.27416e-05 0.791076 2.75241e-05
0.80591 0.00013154 0.79112 0.000163886
0.80588 6.08312e-05 0.791039 7.7805e-05
0.805922 9.98159e-05 0.791077 0.000118977
0.805852 4.63059e-05 0.790991 9.77161e-05
0.80587 4.24984e-05 0.79099 0.00010506
0.805839 8.152e-05 0.790935 0.000156048
0.805861 7.24343e-05 0.790948 0.000144255
0.805836 6.22459e-05 0.790921 0.000123253
0.805842 8.70959e-05 0.790918 0.000127876
0.80584 9.80188e-05 0.790882 0.000182776
0.805885 0.000126205 0.79095 0.000185339
0.805842 7.72913e-05 0.790923 0.000154531
0.805854 7.46423e-05 0.790897 0.000155152
0.805832 6.36553e-05 0.790802 0.0001341
0.805843 4.92983e-05 0.790843 0.00011761
0.805849 7.86934e-05 0.790817 0.000165154
0.805849 8.78723e-05 0.790791 0.000175628
0.805806 4.3497e-05 0.790726 0.000138174
0.805827 4.65324e-05 0.790736 0.000129601
0.805884 0.000106435 0.790821 0.000183564
0.80585 0.000111946 0.790786 0.000184665
0.805861 9.49777e-05 0.790761 0.000176455
0.805854 5.3051e-05 0.790759 0.000148898
0.805834 7.23482e-05 0.790656 0.000148049
0.805788 0.000172967 0.790665 0.000181683
0.805822 3.07323e-05 0.790657 0.000124934
0.805761 0.000175685 0.790548 0.000148073
0.805778 0.00011093 0.790595 0.000174613
0.805801 0.000180937 0.790602 0.000239509
0.805646 0.000371631 0.790506 0.000259167
0.805825 0.000162342 0.790636 0.000248505
0.805807 0.000109897 0.790547 0.000169253
0.805549 0.000381076 0.790382 0.000320968
0.805594 0.00050934 0.790399 0.00032736
0.805672 0.000250819 0.790458 0.000179643
0.805674 0.000257062 0.790442 0.000265424
0.805715 0.000210279 0.790421 0.000202598
0.8054 0.000414527 0.790276 0.000268198
0.805512 0.00025728 0.790289 0.000197644
0.805292 0.00048229 0.79016 0.000330293
0.805351 0.000432644 0.790194 0.00026337
0.805169 0.00052534 0.790106 0.000398771
0.805269 0.000509056 0.790147 0.000369474
0.805079 0.000463164 0.790004 0.000318434
0.805217 0.000480518 0.790171 0.00029018
0.805053 0.00043751 0.790026 0.000283599
0.804964 0.000467337 0.78997 0.0002461
0.805122 0.000521499 0.790033 0.000259673
0.805415 0.000451122 0.790207 0.000280033
0.804907 0.000464556 0.789876 0.000260363
0.804955 0.000395882 0.789946 0.000253882
0.804897 0.000510486 0.789933 0.000359825
0.804855 0.000233534 0.789838 0.000165361
0.804881 0.00049934 0.789901 0.000311364
0.804984 0.000350749 0.789945 0.000282098
0.804699 0.000211148 0.789784 0.000115065
0.804844 0.000319676 0.78982 0.000221654
0.804859 0.000275977 0.789713 0.000163707
0.80472 0.000179562 0.789754 0.000135413
0.804745 0.000160431 0.789796 0.000111702
0.804777 0.000252871 0.789803 0.000115143
0.804838 0.000238251 0.789789 0.000195284
0.804676 9.9624e-05 0.78973 0.000187448
0.80455 0.000147438 0.789687 0.000124384
0.804763 0.000178952 0.789815 0.000121652
