0.951946 0.00169261 0.942341 0.00166046
0.943595 0.00857502 0.934436 0.00825988
0.933603 0.00965704 0.924931 0.00929088
0.931038 0.00663744 0.922487 0.00637753
0.930593 0.00536357 0.922079 0.00516452
0.930648 0.00581826 0.922117 0.00558968
0.927924 0.00262912 0.919503 0.00250544
0.92565 0.00151912 0.917336 0.00145645
0.921829 0.00369268 0.913638 0.00355912
0.9207 0.00337982 0.912557 0.00327687
0.912883 0.0132156 0.904994 0.0127582
0.901102 0.0169947 0.893579 0.0164419
0.881201 0.0180267 0.87435 0.0174237
0.890444 0.0215978 0.88333 0.0208791
0.871097 0.0157118 0.864701 0.0151406
0.873384 0.0227939 0.866901 0.021962
0.856393 0.006957 0.850523 0.00668208
0.852136 0.00673035 0.846516 0.00642267
0.8515 0.00332624 0.84591 0.00315305
0.849314 0.00116859 0.843897 0.00103576
0.849839 0.00196665 0.84433 0.00179511
0.848774 0.000321771 0.843412 0.000277193
0.848801 0.000297509 0.843463 0.000278928
0.84864 0.000298452 0.843351 0.000281133
0.848463 0.000188796 0.843223 0.000132261
0.848474 0.000179939 0.843219 0.000104982
0.848335 0.000167487 0.843198 0.000173278
0.848324 8.79645e-05 0.843231 0.000121966
0.848359 0.000110941 0.84314 5.27518e-05
0.848364 8.32328e-05 0.843134 6.07136e-05
0.848334 8.01444e-05 0.843125 8.5444e-05
0.848286 9.35402e-05 0.843116 7.36607e-05
0.848268 5.1952e-05 0.843061 2.91932e-05
0.848295 5.8485e-05 0.843104 5.80805e-05
0.84827 8.45265e-05 0.843081 7.8555e-05
0.848249 7.31877e-05 0.84306 4.65356e-05
0.848214 8.22703e-05 0.843031 6.86001e-05
0.848154 0.000104627 0.842978 6.96731e-05
0.848071 6.125e-05 0.842926 4.43619e-05
0.848124 9.6036e-05 0.842925 8.11244e-05
0.848083 7.84351e-05 0.842876 9.03856e-05
0.847995 0.000106457 0.842795 0.000120824
0.847944 0.000104577 0.842707 9.88083e-05
0.847833 9.50604e-05 0.842576 0.000124399
0.84772 0.00010753 0.842408 0.000156509
0.847626 0.000226074 0.842274 0.00026142
0.847473 0.000144221 0.842096 0.000162155
0.847496 0.000258638 0.842106 0.000248915
0.84725 0.000405064 0.841832 0.000306575
0.84698 0.000228003 0.841596 0.000170634
0.846364 0.000407077 0.841099 0.000317143
0.846012 0.000349452 0.840791 0.000261857
0.845613 0.00032993 0.840423 0.000284929
0.845207 0.000811391 0.840139 0.000566706
0.844541 0.000407382 0.839436 0.00034796
0.843937 0.00036434 0.838825 0.000157168
0.843077 0.000529612 0.837908 0.000448562
0.842774 0.000469083 0.837522 0.000435236
0.84236 0.000544773 0.836911 0.000589744
0.84171 0.000615091 0.835871 0.000799895
0.841211 0.000797001 0.834949 0.00103418
0.840111 0.000675308 0.833596 0.000839004
0.838761 0.000702662 0.831583 0.00109073
0.83825 0.000758108 0.830616 0.000910342
0.836671 0.000630058 0.828568 0.000774
0.833431 0.000977215 0.824663 0.00121406
0.833832 0.00198284 0.824806 0.0022891
0.831034 0.00247256 0.821551 0.0026172
0.828354 0.00214529 0.818591 0.00228745
0.825799 0.00127448 0.815341 0.00154525
0.823421 0.00113621 0.813016 0.0013892
0.822951 0.00117056 0.812339 0.00123026
0.821474 0.000880186 0.810879 0.000647896
0.82137 0.00065651 0.810539 0.000688909
0.820604 0.000866838 0.809922 0.000807626
0.820471 0.000933432 0.809426 0.00094531
0.819683 0.000784969 0.808223 0.000654779
0.819423 0.00102765 0.807686 0.001211
0.818948 0.000891284 0.807505 0.00086961
0.818865 0.00115019 0.806688 0.00107433
