0.809049 0.000245542 0.79404 0.000463812
0.809199 0.000255705 0.794178 0.000494525
0.809062 0.000277683 0.794169 0.000220256
0.809166 0.00024724 0.794156 0.000386825
0.809102 0.000290225 0.794071 0.000361652
0.809243 0.000358578 0.794157 0.00034201
0.809278 0.000272676 0.794322 0.00033191
0.809218 0.000263175 0.794245 0.000512575
0.809318 0.000309041 0.794262 0.000452252
0.809044 0.000145711 0.794367 0.000307488
0.809125 0.000264768 0.794219 0.000339049
0.808933 0.000422694 0.794392 0.000535011
0.809173 0.000441862 0.794252 0.000421961
0.809155 0.000246511 0.794034 0.000281246
0.809249 0.000546372 0.794329 0.000432801
0.809213 0.000480109 0.794294 0.000527744
0.809153 0.0005424 0.794357 0.000391239
0.809232 0.000401704 0.794383 0.000616721
0.809242 0.000292753 0.794282 0.000460997
0.809122 0.000221524 0.79395 0.000465753
0.809227 0.000322249 0.794364 0.000498745
0.809327 0.000403737 0.794453 0.000610672
0.809033 0.000268503 0.794167 0.000439392
0.8091 0.000392383 0.794283 0.000500439
0.80937 0.000293051 0.794448 0.000418634
0.809398 0.000418562 0.794653 0.000362802
0.809273 0.000488119 0.794551 0.000746247
0.809266 0.000573223 0.794566 0.000415784
0.809215 0.000265841 0.794498 0.000552187
0.809184 0.000347185 0.794542 0.000430086
0.80918 0.000285676 0.794235 0.000444585
0.809106 0.000408098 0.794375 0.000516775
0.809101 0.000458411 0.794219 0.000405845
0.809111 0.000373209 0.794298 0.000585127
0.809441 0.000423295 0.794601 0.000535481
0.809228 0.000415693 0.79467 0.000659489
0.809292 0.0003063 0.794167 0.000456565
0.80923 0.000420599 0.794333 0.000316805
0.809374 0.000617709 0.794399 0.000472209
0.809173 0.000423038 0.794192 0.000657736
0.80924 0.000353195 0.794424 0.000728615
0.809504 0.000324892 0.794257 0.000484464
0.809427 0.000359193 0.794381 0.000404147
0.809485 0.000604668 0.794506 0.000476134
0.809025 0.000477571 0.794336 0.000615963
0.809387 0.000407595 0.793951 0.000288908
0.80964 0.000413798 0.794056 0.000669099
0.809135 0.000381427 0.794023 0.000432857
0.809058 0.000495404 0.794345 0.000594747
0.809446 0.000439631 0.794051 0.000414563
0.809239 0.000390976 0.794377 0.000617104
0.809001 0.000469837 0.794325 0.000414142
0.809429 0.000331468 0.794109 0.000560418
0.809277 0.000529012 0.79404 0.00043038
0.809197 0.000464041 0.794288 0.000781392
0.809492 0.000515647 0.794151 0.000558889
0.809617 0.000501652 0.794289 0.000609772
0.809144 0.000207045 0.794201 0.00056439
0.809023 0.000612889 0.794521 0.000554874
0.80928 0.000438237 0.794156 0.000577272
0.809508 0.000404795 0.794358 0.000906931
0.809166 0.000598631 0.794002 0.000596902
0.809211 0.000384221 0.794246 0.000736047
0.809298 0.00030127 0.793712 0.000570768
0.809527 0.000553248 0.794168 0.000567277
0.809448 0.000549585 0.794041 0.00037585
0.809302 0.000403105 0.79434 0.000677981
0.80945 0.000387064 0.793939 0.000655588
0.809258 0.000738845 0.794196 0.000708038
0.809693 0.000361758 0.79414 0.000523343
0.809212 0.000608253 0.794387 0.000309621
0.809368 0.000398092 0.794363 0.000621097
0.809388 0.000600378 0.794114 0.000503658
0.80945 0.000453673 0.794326 0.000843434
0.809411 0.000939968 0.794235 0.000662198
0.809098 0.000401864 0.793985 0.000582697
0.809421 0.000373418 0.794114 0.000648376
0.809024 0.000588454 0.794354 0.000778782
0.809185 0.000636781 0.794131 0.000712489
0.8092 0.000456091 0.794064 0.000450712
