0.804064 0.00036991 0.790217 0.000160355
0.804085 0.000248616 0.790185 9.83752e-05
0.803905 0.000108915 0.790057 0.000102291
0.803789 0.000386561 0.789923 0.000373172
0.803359 0.000370162 0.789486 0.000362162
0.803365 0.000526371 0.789469 0.000509137
0.803326 0.000622923 0.789422 0.000612331
0.803129 0.000517145 0.789216 0.000495882
0.803034 0.000333447 0.789065 0.000354644
0.802964 0.000484931 0.788908 0.000504295
0.80312 0.000483822 0.78908 0.000486395
0.803204 0.000519528 0.789171 0.000550914
0.802907 0.000346739 0.788792 0.00035367
0.802838 0.000286786 0.788706 0.000300596
0.803056 0.000342359 0.788888 0.000368874
0.803079 0.000439951 0.788867 0.000501317
0.802779 0.000240947 0.788465 0.000248893
0.802816 0.000171695 0.788513 0.000192693
0.802717 8.11227e-05 0.788417 0.000126341
0.802748 0.000128455 0.788324 0.000131114
0.802794 0.000160369 0.788286 0.000133817
0.8028 0.000227093 0.788324 0.000286625
0.802683 0.000137649 0.788117 0.000156919
0.802726 0.000165082 0.788129 0.000148838
0.80258 0.00028286 0.788021 0.000303966
0.802756 0.000128304 0.788101 9.3837e-05
0.802864 0.000142244 0.788125 0.000106775
0.80268 0.000187409 0.78798 0.000183787
0.802752 0.000194418 0.787981 0.000128111
0.802347 0.00033165 0.78776 0.000251969
0.802577 0.000260525 0.787897 0.000244322
0.802474 0.00033257 0.787797 0.000248806
0.802476 0.000333104 0.787833 0.000222519
0.802505 0.000235479 0.787771 0.000145072
0.802304 0.000142101 0.787623 0.000108634
0.802405 0.000438879 0.787621 0.000292683
0.802289 0.000323557 0.787634 0.000252787
0.802113 0.000424029 0.787472 0.000250289
0.802065 0.000435364 0.787387 0.000254774
0.802128 0.000219931 0.787417 0.000180525
0.801883 0.000456254 0.787186 0.000284399
0.801714 0.000483757 0.787129 0.000361916
0.801668 0.000364319 0.787046 0.000333895
0.801635 0.000244424 0.787013 0.000175382
0.801629 0.000429469 0.786984 0.000417236
0.801202 0.000468017 0.786507 0.000512252
0.801504 0.000332733 0.78684 0.000278722
0.801529 0.000192663 0.786887 0.000179372
0.801126 0.000569741 0.786365 0.000644998
0.801231 0.000537088 0.786419 0.000452868
0.800978 0.000624436 0.786171 0.000677358
0.800867 0.000459192 0.78602 0.00059394
0.800931 0.000426506 0.785987 0.000599425
0.800855 0.000344355 0.785754 0.000528263
0.800659 0.00054373 0.785534 0.000707916
0.800615 0.000492088 0.785369 0.000727719
0.800651 0.000524422 0.785492 0.000690721
0.8008 0.000652321 0.78562 0.000942261
0.800302 0.000517631 0.784756 0.000753857
0.800417 0.000317546 0.785175 0.000452208
0.800452 0.000402252 0.785031 0.000654347
0.800576 0.000662811 0.785186 0.000885999
0.799794 0.00104068 0.783991 0.00131971
0.799957 0.000688176 0.784087 0.00104219
0.799959 0.00069539 0.78403 0.000962449
0.799764 0.000468898 0.783749 0.000599739
0.7998 0.000685208 0.783901 0.00097872
0.799634 0.000860796 0.783645 0.000900108
0.799649 0.000677974 0.783592 0.000908533
0.799288 0.000994825 0.78295 0.00113213
0.799018 0.00229361 0.782892 0.00281431
0.798954 0.00084441 0.782416 0.000862725
0.798834 0.00137867 0.782254 0.00154809
0.798077 0.00221159 0.781697 0.00228049
0.798324 0.00182264 0.781348 0.00221847
0.798314 0.00182126 0.78144 0.00209541
0.799119 0.0010034 0.782663 0.0012904
0.797539 0.0015325 0.780486 0.00247862
0.798786 0.000873888 0.781962 0.00105249
0.797976 0.00173624 0.780586 0.0028316
