0.80954 0.000628756 0.794129 0.000565082
0.809252 0.000446753 0.794034 0.000420039
0.809052 0.000354948 0.793997 0.000256712
0.809256 0.000416746 0.794184 0.000717911
0.809388 0.000487578 0.794178 0.000440536
0.809497 0.000335492 0.794073 0.000581719
0.809548 0.000654379 0.794318 0.00116884
0.809214 0.000342923 0.793831 0.000425751
0.809255 0.000225164 0.79396 0.000335506
0.809434 0.000537853 0.794222 0.000862251
0.80932 0.00027304 0.794261 0.00033272
0.809215 0.000275495 0.794033 0.000391143
0.809426 0.000407472 0.794195 0.000434431
0.809424 0.00041597 0.794035 0.000612041
0.809356 0.000566479 0.794181 0.00110988
0.809442 0.000303101 0.794462 0.000489211
0.809511 0.000288281 0.794333 0.000604743
0.809469 0.000352224 0.793916 0.000414339
0.809418 0.000388606 0.793983 0.000415337
0.809622 0.00049772 0.794101 0.000464932
0.809508 0.000382684 0.794019 0.00050331
0.809269 0.000329236 0.793952 0.000350178
0.809455 0.000505203 0.794122 0.000432569
0.809585 0.000531982 0.794246 0.00044807
0.80934 0.000410693 0.793991 0.000249167
0.809549 0.000346573 0.793917 0.000428419
0.809316 0.00029424 0.794302 0.000421118
0.809508 0.000217787 0.794077 0.000332812
0.809489 0.000386798 0.794312 0.000384136
0.809575 0.000543654 0.794115 0.000491458
0.809482 0.000227089 0.79405 0.000446629
0.809778 0.000449828 0.79443 0.000582296
0.809415 0.000481058 0.793911 0.000310599
0.809641 0.00060189 0.794425 0.000680586
0.809487 0.000486459 0.794057 0.000450292
0.809702 0.000485298 0.794159 0.0004726
0.809504 0.000299782 0.794423 0.000457088
0.809365 0.000255377 0.793988 0.000303791
0.809578 0.000223611 0.794138 0.000737423
0.809418 0.000375193 0.794114 0.000481066
0.809701 0.000589447 0.794464 0.0010468
0.809561 0.000470645 0.794061 0.000406098
0.809736 0.000433706 0.794024 0.000471695
0.809777 0.000520393 0.7942 0.000473907
0.809411 0.000508544 0.79439 0.000525247
0.809584 0.000221377 0.793713 0.000430042
0.809813 0.000411049 0.79441 0.000829815
0.809689 0.000283405 0.793805 0.000564552
0.809762 0.000507984 0.794274 0.000222307
0.809351 0.000492204 0.793838 0.000554102
0.809746 0.000773015 0.794126 0.000597358
0.809678 0.000454573 0.794485 0.000566264
0.809704 0.000584177 0.794308 0.00046463
0.809916 0.00047795 0.794189 0.000487168
0.809524 0.00059742 0.794433 0.000428016
0.809795 0.000323946 0.793914 0.000394483
0.809623 0.000299891 0.794285 0.00070022
0.809526 0.00048744 0.794233 0.000556587
0.809394 0.000678919 0.794245 0.000595578
0.809788 0.000402181 0.794134 0.000419148
0.809683 0.000472729 0.793764 0.000417786
0.809354 0.000401978 0.793995 0.000460868
0.809681 0.00088393 0.793957 0.000850665
0.809529 0.000321447 0.794099 0.000491571
0.809549 0.000352384 0.794187 0.000576753
0.809678 0.000338501 0.793729 0.00054379
0.809628 0.000607975 0.794622 0.000475517
0.809501 0.000265902 0.794218 0.000822758
0.809896 0.000630627 0.794583 0.000782202
0.809567 0.000278259 0.793791 0.000662229
0.809624 0.000476081 0.794367 0.000399354
0.809567 0.000500039 0.793624 0.000556945
0.809411 0.000511033 0.793847 0.000425261
0.809769 0.000613721 0.794134 0.000617768
0.80953 0.000323748 0.793749 0.000316152
0.809528 0.000651643 0.794134 0.000668774
0.809533 0.000521452 0.793787 0.000646489
0.809405 0.000507227 0.793855 0.000449823
0.809515 0.000401899 0.794054 0.000540699
0.80953 0.000461796 0.794044 0.000628591
