0.808424 0.000280184 0.791962 0.000142917
0.808427 0.000189236 0.791931 9.91659e-05
0.808523 0.000270586 0.791955 0.000147256
0.808451 0.000208365 0.792018 9.30036e-05
0.80857 0.000426735 0.792238 0.000486543
0.80842 0.00012385 0.791875 6.89286e-05
0.808467 0.000125147 0.791943 0.000134544
0.80845 0.000142762 0.791935 0.000106477
0.808439 0.00016028 0.79199 0.000115269
0.808536 9.63992e-05 0.791949 0.000126987
0.808431 0.000263531 0.792065 0.000152351
0.808536 0.000203679 0.791988 0.00015736
0.808445 0.00016161 0.791993 0.000158663
0.80842 0.000133886 0.791938 0.000118004
0.808541 0.000193799 0.791999 0.00013749
0.808471 0.000134199 0.792054 9.69393e-05
0.808504 0.000161456 0.791877 6.77844e-05
0.808428 0.000130963 0.791886 0.000112263
0.80842 0.000152041 0.791914 9.79526e-05
0.808389 0.000187525 0.791937 0.000146854
0.808523 0.000135191 0.791935 9.5721e-05
0.808413 0.000177973 0.791936 0.000135311
0.808429 0.000202189 0.791937 0.000106658
0.808536 0.000194831 0.791904 0.000108822
0.808492 9.71979e-05 0.791942 7.18183e-05
0.80844 0.000222687 0.791976 0.000115958
0.808446 0.000198715 0.792 0.000162068
0.808453 0.000168521 0.792036 0.00016832
0.808466 0.000167619 0.791971 0.000209594
0.808548 0.000249382 0.791982 0.000154692
0.808538 0.000234953 0.792067 0.000130193
0.808355 0.000235177 0.791996 0.000245764
0.808439 0.000195531 0.791977 0.000171314
0.808403 0.000105642 0.791843 0.000187102
0.808334 0.000194123 0.791878 0.000149875
0.808423 0.0001384 0.79196 9.80475e-05
0.808493 0.000165366 0.791981 0.000164448
0.808451 0.00021433 0.791856 0.000138975
0.808548 0.000171278 0.791978 0.000186808
0.808437 0.000156972 0.791845 0.000128488
0.808557 0.000143336 0.791933 0.000196848
0.808517 0.00020685 0.791976 0.000202743
0.808348 0.000195862 0.791974 0.000241226
0.808433 0.000152733 0.791886 0.000222753
0.808527 0.000239798 0.791944 0.000160001
0.808344 0.000164341 0.79179 0.000133046
0.808346 0.000204836 0.791926 0.000184535
0.808473 0.00014364 0.791903 0.000179648
0.80841 0.00022937 0.79196 0.000180987
0.808412 0.000222289 0.791801 0.000112986
0.80847 0.000187611 0.791892 0.000226667
0.808395 0.000199814 0.791794 0.000190479
0.808348 0.000281041 0.791842 0.000303322
0.808467 0.000290379 0.791844 0.000309897
0.808351 0.000167035 0.791816 0.000306965
0.808493 0.000203349 0.791801 0.000342759
0.808196 0.000209051 0.79163 0.000189986
0.808454 0.000227517 0.79189 0.000378152
0.808237 0.000406942 0.791737 0.000439582
0.808225 0.000186834 0.791593 0.000186865
0.808291 0.000201993 0.791691 0.000299589
0.808279 0.000229583 0.7916 0.000401548
0.80854 0.000244385 0.79184 0.000304067
0.808386 0.000211928 0.791947 0.000140135
0.808189 0.000444503 0.791721 0.0003437
0.8083 0.000224067 0.79185 0.000329863
0.808311 0.000220712 0.791811 0.000261954
0.808266 0.000495913 0.791675 0.00054686
0.808192 0.000292213 0.791628 0.000507463
0.808136 0.000372525 0.791501 0.000496566
0.808283 0.000215107 0.791561 0.00040814
0.80825 0.000333105 0.791676 0.000522258
0.808207 0.000306449 0.791843 0.000420484
0.808123 0.000381969 0.791539 0.00055385
0.808078 0.000224008 0.791495 0.000545533
0.808133 0.000221146 0.79162 0.000477745
0.808181 0.000278525 0.791555 0.00053703
0.808224 0.000499455 0.791571 0.000763171
0.808187 0.000323995 0.791631 0.000558415
0.808277 0.000225366 0.791839 0.000563482
