0.808014 0.000301487 0.793231 0.000219566
0.808111 0.000206692 0.793042 0.000385669
0.807964 0.000350854 0.793093 0.00019395
0.807993 0.000271545 0.793216 0.000313058
0.807911 0.00027661 0.793145 0.000391196
0.807846 0.000368999 0.792997 0.000294268
0.807909 0.000205325 0.793016 0.000246211
0.807966 0.000412731 0.793162 0.000377883
0.808121 0.000248958 0.793176 0.00037059
0.808057 0.000272961 0.793209 0.000237489
0.807901 0.000314324 0.793028 0.000410239
0.807959 0.00021293 0.793209 0.000437359
0.807972 0.000291552 0.793001 0.000423843
0.807986 0.000350896 0.793059 0.000512631
0.808107 0.000235715 0.792975 0.000162762
0.80781 0.000505398 0.793152 0.000467885
0.807974 0.000308641 0.792818 0.000349792
0.808095 0.000238407 0.792853 0.000319351
0.807994 0.00018782 0.792848 0.000273673
0.808023 0.000339419 0.792904 0.000364638
0.808026 0.000249254 0.792823 0.000317296
0.808064 0.000366229 0.792857 0.000348529
0.807977 0.000271508 0.792703 0.000367804
0.808048 0.000267138 0.792804 0.000499538
0.808109 0.000180447 0.792637 0.00033926
0.808034 0.000274805 0.792664 0.000278939
0.808089 0.000223906 0.792656 0.000442915
0.807972 0.000334914 0.792803 0.000313519
0.807858 0.000341809 0.792701 0.00037377
0.808034 0.000279886 0.792616 0.00034816
0.807896 0.000349303 0.792568 0.000440788
0.807835 0.000379031 0.792703 0.000302464
0.808138 0.000258578 0.792484 0.000213745
0.808169 0.000224527 0.792532 0.000195764
0.807785 0.000347261 0.792775 0.000180803
0.808007 0.000260009 0.79256 0.000277983
0.807947 0.000231672 0.792608 0.00030948
0.807983 0.000353036 0.792661 0.000381071
0.807915 0.000318561 0.792848 0.000404844
0.808018 0.000352596 0.792631 0.000404541
0.807956 0.000284867 0.792558 0.000271438
0.807688 0.000463393 0.792672 0.000471826
0.807836 0.000265684 0.792595 0.000350684
0.808014 0.000276966 0.792475 0.000296013
0.807949 0.000343482 0.792507 0.00033288
0.80782 0.000431756 0.792522 0.000331822
0.807851 0.000416421 0.792526 0.000251368
0.807686 0.000216008 0.792688 0.000476568
0.807919 0.000227624 0.792366 0.000201831
0.80794 0.000183249 0.792515 0.000340985
0.807837 0.000435266 0.792532 0.000351196
0.807943 0.000301584 0.792432 0.000261785
0.807952 0.000265746 0.792618 0.000392396
0.807899 0.000400383 0.792741 0.000312474
0.807943 0.000278233 0.79251 0.000290439
0.807829 0.000337847 0.792437 0.00030962
0.807882 0.000203483 0.792444 0.000345933
0.807947 0.000391144 0.792317 0.00021743
0.807789 0.000291292 0.792459 0.000303556
0.807978 0.000215487 0.7925 0.000192225
0.807684 0.000259258 0.792426 0.000195816
0.807845 0.000224771 0.792386 0.000240998
0.807931 0.000281421 0.792508 0.000354504
0.807874 0.000439363 0.792536 0.000301815
0.807838 0.00036605 0.792471 0.000313224
0.807864 0.000254941 0.792318 0.00024074
0.807706 0.000356642 0.792489 0.000236065
0.807788 0.000297316 0.792425 0.000387838
0.807765 0.000263247 0.7924 0.00034548
0.807663 0.000338883 0.792292 0.000266313
0.807871 0.000290307 0.792251 0.000241875
0.807749 0.000212441 0.792273 0.000220056
0.807694 0.000224693 0.792412 0.000295575
0.807698 0.000336259 0.792444 0.000462163
0.807704 0.000301664 0.792139 0.000156089
0.807667 0.00024747 0.79232 0.000384987
0.807652 0.000329802 0.792443 0.000547239
0.807748 0.000286322 0.792376 0.000277165
0.807846 0.000185503 0.792167 0.000329832
0.807768 0.000361363 0.792439 0.000250855
