0.967532 0.000151788 0.95739 0.000323097
0.967407 0.00015251 0.957065 0.000276692
0.967387 0.000141144 0.957377 0.000179699
0.967492 0.00033115 0.957314 0.000233729
0.967462 0.000248372 0.957328 0.000280373
0.9675 0.000259282 0.957278 0.000293409
0.967419 0.000124161 0.957183 0.000206171
0.967431 0.000148733 0.957171 0.000224407
0.967399 0.000262002 0.957344 0.000206531
0.967525 0.000277366 0.957365 0.00034707
0.967458 0.000247615 0.957221 0.000276735
0.967548 0.000219495 0.957356 0.000224849
0.967426 0.000202656 0.957582 0.000230875
0.967456 0.0002397 0.9574 0.000194039
0.967501 0.00021385 0.957384 0.000356084
0.967476 0.000179452 0.957154 0.000263411
0.96753 0.000302556 0.957442 0.000327105
0.967456 0.000172035 0.957376 0.000348054
0.96765 0.000212992 0.957593 0.000573714
0.967642 0.000317817 0.95734 0.000394345
0.967464 0.000176297 0.957346 0.000210317
0.967374 0.00016385 0.957433 0.00017772
0.967453 0.000312003 0.957395 0.000306306
0.967532 0.000345891 0.957577 0.000457333
0.967557 0.000347113 0.95766 0.000586316
0.967429 0.000256688 0.957424 0.000410161
0.96744 0.000214509 0.957288 0.000230367
0.967539 0.000334175 0.957445 0.000568062
0.967374 0.000343355 0.957421 0.000310647
0.967508 0.000195868 0.957403 0.000432684
0.967419 0.00025263 0.957276 0.000234347
0.967489 0.000231959 0.957199 0.000305139
0.967482 0.000324403 0.957263 0.000284874
0.967456 0.000316604 0.95737 0.000278925
0.967316 0.000277595 0.957343 0.00030586
0.967584 0.000316395 0.957189 0.000299177
0.96747 0.000350194 0.957222 0.000361909
0.967468 0.000242954 0.957449 0.000355755
0.967352 0.000248947 0.957566 0.000263315
0.967583 0.000220294 0.957493 0.000365758
0.967509 0.000252174 0.957372 0.000293546
0.967422 0.000421019 0.957428 0.00032509
0.96761 0.00034564 0.957395 0.000354466
0.967545 0.000349724 0.95742 0.000394613
0.967641 0.000344413 0.957449 0.00050656
0.96765 0.000241176 0.957244 0.000475829
0.96748 0.000384304 0.957388 0.000423862
0.967562 0.000310288 0.957559 0.000581318
0.96756 0.000428548 0.957563 0.000528478
0.967591 0.000414722 0.957357 0.000346419
0.967609 0.000428761 0.95717 0.000398742
0.967738 0.000291573 0.957065 0.000257004
0.967711 0.000219993 0.957223 0.000312132
0.967397 0.000537477 0.957282 0.000503246
0.967769 0.000315978 0.957047 0.000194656
0.967707 0.00033808 0.957162 0.000454937
0.967625 0.000410094 0.957225 0.000419931
0.967753 0.00030411 0.957452 0.000466474
0.967707 0.00039578 0.957103 0.000410025
0.967893 0.000172738 0.957266 0.000519373
0.967698 0.000259132 0.957179 0.000529927
0.967609 0.000616015 0.957273 0.000399253
0.967726 0.000433577 0.957156 0.000418235
0.967794 0.000434386 0.957023 0.000268443
0.967694 0.000358196 0.957012 0.000383852
0.967994 0.000265691 0.956986 0.000327016
0.967763 0.000352261 0.957239 0.000504641
0.967703 0.000496865 0.957225 0.000654223
0.967635 0.000276567 0.957124 0.000346112
0.967387 0.000566284 0.957423 0.000369239
0.9679 0.000434565 0.957263 0.000369668
0.967779 0.000404083 0.957106 0.000393827
0.967512 0.000571994 0.957471 0.000750345
0.967671 0.00048959 0.957186 0.00057612
0.967609 0.000401434 0.957256 0.000302854
0.967676 0.000382073 0.957308 0.000405199
0.967694 0.000543945 0.957044 0.000555918
0.967798 0.000499859 0.956789 0.000442555
0.967719 0.000448572 0.956983 0.000516195
0.967881 0.000420998 0.957074 0.000483989
