0.804442 0.000665465 0.790443 0.000354082
0.803991 2.97389e-05 0.790154 2.34628e-05
0.803946 0.000186266 0.790081 0.000170459
0.803966 9.32235e-05 0.790082 8.07738e-05
0.803844 0.000293592 0.789951 0.000262192
0.803932 0.000189413 0.790025 0.000161768
0.80356 0.000512435 0.789667 0.000512173
0.80348 0.000422973 0.789573 0.000422005
0.80341 0.000505636 0.789482 0.000517337
0.803272 0.000507116 0.789342 0.000515653
0.803189 0.000429545 0.789231 0.000453356
0.803183 0.000444021 0.789218 0.000459318
0.803176 0.000500444 0.789209 0.000522707
0.803479 0.000470826 0.789507 0.000499219
0.803347 0.000531422 0.789349 0.00057154
0.80322 0.000436412 0.789185 0.000474332
0.803324 0.000519175 0.789318 0.000509604
0.803111 0.000521424 0.78908 0.000545036
0.802982 0.000344893 0.788893 0.000377243
0.803166 0.000298386 0.789031 0.000256701
0.802887 0.000305911 0.788719 0.000331084
0.803004 0.000350147 0.788823 0.000397929
0.802927 0.000179618 0.788634 0.000166156
0.802833 0.000107142 0.788574 0.000114758
0.802882 0.000213679 0.788595 0.000229313
0.803001 0.000305983 0.788643 0.000401661
0.802903 0.000263352 0.788535 0.000324839
0.802942 0.000154123 0.788504 6.67993e-05
0.802819 0.000185747 0.788452 0.000160028
0.802965 0.000207473 0.78852 0.00022397
0.802892 0.000138402 0.788436 0.000173258
0.80276 0.000127196 0.78836 0.000152852
0.80277 0.000120416 0.788271 0.000112141
0.80282 0.000250498 0.788248 0.000174414
0.802845 0.000167294 0.788288 0.00014412
0.802705 0.000291628 0.788177 0.00020835
0.802785 0.000213783 0.788203 0.00016215
0.802657 0.000216166 0.78815 0.000165414
0.802671 0.000333411 0.788097 0.000234676
0.802652 0.000246246 0.788096 0.000153021
0.802639 0.000341443 0.788058 0.000198379
0.802745 0.000318055 0.788096 0.000195541
0.80257 0.000408728 0.787984 0.000248465
0.802799 0.000240055 0.78811 0.000108557
0.802566 0.000435511 0.787942 0.000189143
0.80223 0.000281228 0.787753 0.000139692
0.802424 0.0004205 0.787878 0.000204501
0.802461 0.000419054 0.787837 0.000243583
0.802401 0.000325933 0.787819 0.000213077
0.802325 0.000227128 0.787736 0.000154712
0.802316 0.000387514 0.787736 0.000215999
0.80236 0.00041003 0.787727 0.000265088
0.802129 0.000189993 0.787537 9.48824e-05
0.801905 0.00045922 0.787415 0.000330086
0.80213 0.000515919 0.787543 0.000322474
0.801711 0.000466343 0.787145 0.000370534
0.801845 0.000416442 0.787202 0.000309866
0.80192 0.000457113 0.787329 0.000353898
0.801704 0.000515375 0.786989 0.000492781
0.801844 0.000501424 0.787144 0.000470037
0.801527 0.000346256 0.786831 0.000349201
0.801383 0.000536206 0.786576 0.000650332
0.801366 0.000471914 0.786545 0.000600304
0.801436 0.000271593 0.786816 0.000284399
0.801157 0.000553076 0.786357 0.000745233
0.801331 0.000512097 0.786667 0.00036757
0.801261 0.000410606 0.786423 0.000418856
0.801201 0.000488869 0.786279 0.000562313
0.801123 0.000397015 0.786169 0.000578818
0.801359 0.000495101 0.78648 0.000554071
0.801113 0.000301527 0.786057 0.000367187
0.801205 0.00062633 0.786111 0.000729278
0.800844 0.000604595 0.785661 0.000863748
0.801053 0.000340336 0.785734 0.00050616
0.800981 0.000530278 0.785804 0.000760348
0.800979 0.000265832 0.785617 0.0004881
0.800769 0.000585091 0.785456 0.00103101
0.800791 0.000362341 0.785517 0.000627959
0.800803 0.000424924 0.785415 0.000714198
0.800504 0.000613495 0.784956 0.000673195
