0.947899 0.00460326 0.938411 0.00439886
0.940168 0.0108762 0.931048 0.010429
0.932818 0.0098353 0.924085 0.00944604
0.929897 0.00484364 0.92131 0.00463813
0.928408 0.0027426 0.919879 0.00256691
0.927723 0.00166027 0.919273 0.00161377
0.924564 0.00128353 0.916232 0.00122564
0.922197 0.00434194 0.913973 0.00419058
0.916309 0.00529375 0.908308 0.00511423
0.896561 0.0138336 0.889172 0.0133452
0.888465 0.0211831 0.881506 0.0203752
0.879569 0.0198746 0.873012 0.0190651
0.871963 0.0196442 0.865806 0.0187137
0.862371 0.0135957 0.85665 0.013052
0.859637 0.0125905 0.85417 0.0118956
0.848812 0.000927479 0.843852 0.00079667
0.84951 0.00237379 0.844528 0.00215054
0.849186 0.0032975 0.844307 0.00296544
0.848925 0.00270943 0.844119 0.00261963
0.84776 0.000327275 0.84307 0.000259374
0.847702 0.000221919 0.843103 0.000266677
0.847622 0.000200728 0.843037 0.000208
0.847561 0.000155856 0.842989 7.40636e-05
0.847567 7.33097e-05 0.843028 0.000124797
0.8476 7.82003e-05 0.842989 5.18999e-05
0.847568 5.67274e-05 0.843025 0.000112935
0.847562 5.39524e-05 0.842962 5.58459e-05
0.847569 5.44083e-05 0.842962 3.18147e-05
0.847557 1.77085e-05 0.842943 2.96547e-05
0.84754 3.13377e-05 0.84291 2.37874e-05
0.847565 3.91761e-05 0.842927 2.40814e-05
0.847583 3.9482e-05 0.842935 3.72429e-05
0.847568 3.92782e-05 0.842903 2.34058e-05
0.847554 2.12572e-05 0.842861 2.90485e-05
0.847542 2.74415e-05 0.842849 2.46391e-05
0.847539 2.97576e-05 0.842822 3.83383e-05
0.847548 2.61419e-05 0.842786 3.58048e-05
0.847481 5.41444e-05 0.842681 9.44901e-05
0.847454 6.97634e-05 0.842624 8.79934e-05
0.847421 6.65384e-05 0.842471 6.46978e-05
0.847359 4.68122e-05 0.842329 5.48568e-05
0.847387 6.26331e-05 0.842322 0.000102306
0.847174 0.000110929 0.842055 0.00011394
0.847155 0.0001715 0.842043 0.000176804
0.846798 0.000238903 0.841705 0.000191671
0.846595 0.000261715 0.841552 0.000168012
0.846221 0.000279275 0.841239 0.000231385
0.84577 0.000269467 0.8409 0.000220613
0.84525 0.000209484 0.840475 0.000238603
0.844734 0.000310553 0.839947 0.000307183
0.844117 0.000443731 0.839426 0.000376028
0.843819 0.000722579 0.839027 0.000599235
0.842793 0.000365987 0.837977 0.000354458
0.842247 0.000587961 0.837118 0.000613845
0.841844 0.00042203 0.83661 0.000369531
0.84105 0.000381022 0.835371 0.000576946
0.840698 0.000465593 0.834682 0.000550895
0.84005 0.000894628 0.833469 0.00108298
0.83888 0.000924764 0.832016 0.00139207
0.837441 0.000759447 0.829929 0.00102646
0.835974 0.000972964 0.827892 0.00123805
0.833586 0.00154436 0.824835 0.00159474
0.831171 0.00178764 0.822234 0.0018905
0.827466 0.00108753 0.817947 0.0012954
0.825518 0.00086052 0.815612 0.000590542
0.823822 0.000918383 0.813648 0.000821879
0.823078 0.000589968 0.812698 0.000469234
0.822377 0.000410719 0.811914 0.000420094
0.821791 0.00023417 0.811284 0.0002239
0.821719 0.0002318 0.811024 0.000153127
0.821371 0.000150592 0.810402 0.00019147
0.821104 0.000265962 0.809951 0.000313086
0.820985 0.00030283 0.809686 0.000496317
0.820687 0.000306116 0.808872 0.000345298
0.820302 0.000265126 0.808286 0.000536832
0.819404 0.000320271 0.807274 0.00032373
0.818672 0.00072037 0.806853 0.000783768
0.817195 0.000734653 0.805102 0.000545994
0.815905 0.000605977 0.804009 0.000286012
0.814861 0.000292149 0.803106 0.000301771
