0.807977 0.000348857 0.793702 0.000321068
0.808241 0.000303382 0.793692 0.000328748
0.808076 0.000283354 0.793666 0.000367311
0.808182 0.000294504 0.793729 0.000147917
0.808253 0.000210092 0.793661 0.000170955
0.808108 0.000270729 0.793443 0.000330689
0.808241 0.000225689 0.793558 0.000272598
0.808185 0.000241064 0.79362 0.000195049
0.808121 0.000252124 0.793655 0.000287397
0.808253 0.000188415 0.793569 0.000371791
0.808236 0.000225953 0.793818 0.000188864
0.808256 0.00028369 0.793582 0.000313662
0.808159 0.000279563 0.793636 0.000320481
0.808214 0.000333503 0.793783 0.000406022
0.808263 0.000291429 0.793669 0.000397223
0.808045 0.000315989 0.793671 0.000265673
0.808327 0.00033624 0.793668 0.000313755
0.808187 0.000312233 0.793666 0.000411707
0.808177 0.000269178 0.793617 0.000361164
0.808309 0.000406103 0.793563 0.000370451
0.808228 0.000293291 0.793648 0.000376927
0.808433 0.000456125 0.79335 0.000288816
0.808298 0.000396627 0.793241 0.000321953
0.808504 0.000272733 0.793577 0.000349885
0.808237 0.000344139 0.793695 0.000382111
0.808203 0.000408407 0.793566 0.000495925
0.808208 0.000534292 0.793738 0.00035227
0.80824 0.000394817 0.793435 0.000297834
0.808126 0.000321265 0.793637 0.000376151
0.808437 0.000274915 0.793413 0.00038911
0.808376 0.000242556 0.793369 0.000416686
0.808148 0.000371617 0.793431 0.000249302
0.808205 0.000238461 0.793666 0.000369114
0.808381 0.000282791 0.793371 0.00035603
0.808314 0.000469317 0.793278 0.000260087
0.808175 0.000544452 0.79358 0.000405257
0.808089 0.00046535 0.793373 0.000480055
0.80842 0.000482758 0.793231 0.000385137
0.808386 0.000290189 0.793329 0.00034918
0.808175 0.000390771 0.793448 0.000389167
0.808249 0.000457934 0.793485 0.00060576
0.80806 0.000328688 0.79335 0.000414337
0.808202 0.000560395 0.793355 0.000439029
0.808086 0.000289257 0.793381 0.000542816
0.808192 0.000345893 0.793123 0.000444153
0.80824 0.000334796 0.793355 0.000362783
0.808096 0.000369416 0.793181 0.000348441
0.808167 0.000180655 0.793386 0.000395906
0.808261 0.000409885 0.79344 0.000394047
0.808504 0.000330053 0.793412 0.000427488
0.80825 0.000366732 0.793456 0.000356328
0.808365 0.000476515 0.793557 0.00060034
0.808317 0.000350087 0.793224 0.000460059
0.808345 0.000419606 0.79318 0.000369809
0.807967 0.000497809 0.793521 0.000396535
0.808332 0.000509829 0.793324 0.00038888
0.808133 0.000258536 0.793116 0.000312405
0.808083 0.000298956 0.793382 0.000474139
0.80834 0.000231988 0.792811 0.000379802
0.808174 0.000327316 0.79307 0.000531068
0.808179 0.000387935 0.793095 0.00032788
0.808118 0.000612385 0.793316 0.000362305
0.808395 0.000396581 0.793299 0.00069156
0.808058 0.000359972 0.79342 0.000531918
0.808061 0.00030231 0.793282 0.000469708
0.808358 0.000512115 0.793011 0.000446949
0.808278 0.000280552 0.793109 0.000184198
0.80833 0.000263581 0.79313 0.00057189
0.808242 0.000318436 0.793114 0.00026848
0.808055 0.000516686 0.793135 0.000393384
0.807917 0.000269719 0.793224 0.000365961
0.808323 0.000274692 0.793091 0.000353847
0.807868 0.000390439 0.793157 0.000382744
0.808151 0.000614559 0.793142 0.000279826
0.808363 0.000530431 0.793197 0.000483966
0.808154 0.000434749 0.793154 0.000481937
0.80819 0.00047362 0.793039 0.000368736
0.808046 0.000450472 0.792839 0.00038262
0.808329 0.000395855 0.792934 0.000192283
0.808034 0.00036819 0.792923 0.000444115
