0.796288 0.000327945 0.791403 0.000216573
0.79716 0.000512965 0.791944 0.000439573
0.797519 0.000479944 0.792287 0.000192345
0.797691 0.000592463 0.79237 0.000211098
0.797721 0.000969134 0.792516 0.000318079
0.797819 0.000332342 0.792618 0.000226003
0.797837 0.00049085 0.792638 0.000398176
0.797306 0.00034323 0.792602 0.000320168
0.797587 0.000354566 0.792761 0.000319552
0.797529 0.000653012 0.792811 0.000314058
0.797718 0.000427566 0.792972 0.000347011
0.79796 0.000475012 0.79301 0.000315634
0.798072 0.000847219 0.793011 0.000314748
0.797572 0.000362194 0.79319 0.000415014
0.797492 0.00039383 0.793393 0.000362424
0.797468 0.000439942 0.793376 0.000430721
0.797337 0.000370905 0.793556 0.000253467
0.797441 0.000712396 0.793451 0.000384446
0.797668 0.000727285 0.793615 0.000361758
0.797385 0.000685429 0.793761 0.000441051
0.797671 0.000532377 0.793628 0.000509062
0.797953 0.000718977 0.793748 0.000426917
0.797507 0.000751164 0.793888 0.000503772
0.797844 0.000703502 0.793603 0.000452194
0.797358 0.000508232 0.794023 0.000561217
0.797641 0.000500232 0.793974 0.000553407
0.79765 0.000266111 0.793843 0.000527167
0.797422 0.000985591 0.794231 0.000394647
0.797967 0.000855975 0.794006 0.000741559
0.798038 0.000899587 0.794347 0.000585858
0.79766 0.000469384 0.794176 0.000508056
0.797702 0.000997925 0.794483 0.000438713
0.797244 0.000332914 0.794204 0.000526418
0.797449 0.000569989 0.794261 0.000314786
0.797653 0.00076157 0.794533 0.000480781
0.7975 0.000884145 0.794292 0.000485774
0.797334 0.00027236 0.794551 0.000577761
0.797562 0.000245555 0.794457 0.000237518
0.797583 0.000354899 0.794593 0.00043829
0.797532 0.00085279 0.794478 0.000569589
0.797465 0.00093636 0.794774 0.000502964
0.797633 0.000625613 0.794647 0.00036762
0.79795 0.00102561 0.794889 0.000292389
0.797732 0.000698055 0.794584 0.000367317
0.7974 0.000591244 0.795158 0.0003883
0.797689 0.00045223 0.794848 0.000324573
0.797467 0.000325932 0.794738 0.00053404
0.797895 0.000601185 0.794882 0.000326677
0.797945 0.000426354 0.794814 0.000383665
0.797856 0.000429798 0.795129 0.000403208
0.79779 0.000555033 0.794995 0.000451908
0.797848 0.000776785 0.794953 0.000473501
0.798001 0.000739149 0.795343 0.000380133
0.798434 0.000798055 0.794971 0.000273705
0.797545 0.000540592 0.795211 0.000427808
0.797852 0.000639635 0.794948 0.00042155
0.797822 0.000546234 0.795234 0.0003913
0.798225 0.000884241 0.795345 0.000326248
0.797721 0.000972275 0.795132 0.000661795
0.797904 0.000515425 0.795397 0.000480846
0.797934 0.000670214 0.79536 0.000642996
0.797951 0.000543252 0.795392 0.000309732
0.798262 0.000612648 0.795353 0.000412548
0.798249 0.000782993 0.795429 0.000348483
0.798314 0.000680013 0.795571 0.000530436
0.798005 0.000801944 0.795358 0.000470065
0.797946 0.000503495 0.795693 0.000506859
0.79816 0.000775556 0.795586 0.000590526
0.798056 0.000911091 0.79531 0.00026554
0.798391 0.000862547 0.795456 0.000321849
0.798309 0.000823601 0.795524 0.000540247
0.79802 0.000834967 0.79564 0.000574192
0.798347 0.000864885 0.795479 0.00057909
0.797988 0.000758831 0.796057 0.000578019
0.798392 0.000645752 0.795786 0.000435234
0.798182 0.000697913 0.795609 0.000398474
0.798573 0.000836326 0.796136 0.000321875
0.798564 0.000878714 0.796214 0.000549406
0.798346 0.000738187 0.795808 0.000619842
0.798336 0.000346936 0.796093 0.000595072
0.797738 0.00047718 0.795667 0.000680925
0.798398 0.000821686 0.796444 0.000584498
0.79879 0.000856865 0.796186 0.000433514
0.799166 0.000783167 0.796217 0.000496329
0.798815 0.000463225 0.796161 0.000614886
0.799049 0.00088162 0.79626 0.000614889
0.798502 0.000991272 0.796149 0.000551526
0.7988 0.000862762 0.796442 0.000365623
0.799193 0.000823054 0.79622 0.000832756
0.799286 0.000595524 0.796265 0.000591655
0.798846 0.000675004 0.796909 0.000724137
0.798804 0.000707751 0.796338 0.00100086
0.799503 0.00107021 0.796437 0.000691323
0.798815 0.000792557 0.796227 0.000580462
0.799743 0.000980487 0.796768 0.000555751
0.799552 0.00102094 0.796489 0.000474905
0.799877 0.00133639 0.796475 0.00089117
0.799204 0.000689272 0.796814 0.000844596
0.799369 0.0011656 0.796262 0.000547262
0.800047 0.000662664 0.796429 0.000662056
