0.958366 0.00040238 0.955774 0.000834807
0.959061 0.000439143 0.956298 0.000770992
0.959513 0.000912145 0.956672 0.00055205
0.959566 0.00040705 0.95719 0.000467174
0.959903 0.000745643 0.957288 0.000475426
0.959745 0.000598681 0.957502 0.000444565
0.959754 0.000616387 0.957445 0.000562599
0.95965 0.000654843 0.957381 0.000458258
0.959512 0.000572161 0.957624 0.000405361
0.959605 0.000510912 0.957566 0.000392765
0.959847 0.000724404 0.957688 0.000443138
0.959751 0.000382908 0.957824 0.000300048
0.95975 0.000771403 0.957675 0.000396014
0.960221 0.00069104 0.957659 0.000270911
0.959515 0.000544769 0.957882 0.000195852
0.959782 0.000343455 0.957849 0.000362261
0.959644 0.00065302 0.957884 0.000576134
0.959905 0.000978852 0.957782 0.000494636
0.959645 0.000616725 0.957974 0.000434877
0.959556 0.000716922 0.958147 0.000354667
0.95927 0.000672654 0.958032 0.000285248
0.959562 0.000967402 0.957918 0.000381422
0.959642 0.000664778 0.958008 0.000394724
0.960003 0.000719839 0.957928 0.000235227
0.959689 0.000512713 0.958046 0.000409375
0.959823 0.000637736 0.958135 0.000411473
0.959557 0.00081841 0.958018 0.000238023
0.959533 0.000416033 0.958446 0.000422231
0.95968 0.000500117 0.958121 0.000321082
0.95973 0.000501139 0.958258 0.000179252
0.959609 0.000507348 0.958329 0.000371316
0.959623 0.000726551 0.958202 0.000374265
0.959604 0.000463153 0.958213 0.00023622
0.959543 0.000713177 0.958362 0.000287593
0.959853 0.000661451 0.958294 0.000172437
0.959635 0.000463532 0.958347 0.000313364
0.959516 0.000555246 0.958298 0.000108826
0.959512 0.00054783 0.958196 0.000483178
0.959978 0.000639134 0.95821 0.00020299
0.959728 0.000556248 0.958132 0.0004349
0.959316 0.000576761 0.958591 0.000398816
0.95927 0.000733596 0.958246 0.000310976
0.959637 0.000335519 0.958573 0.000279965
0.960028 0.000712735 0.958275 0.00054472
0.959698 0.000598829 0.958628 0.000291474
0.960011 0.000811582 0.958337 0.000465707
0.959603 0.000629746 0.958541 0.000437889
0.959955 0.00029949 0.958525 0.000177433
0.959764 0.000503869 0.958462 0.000350717
0.959782 0.000610568 0.958539 0.000236478
0.959798 0.000545522 0.958326 0.000188551
0.959594 0.00042701 0.958646 0.000385358
0.95977 0.000419293 0.95834 0.000375629
0.95992 0.00036505 0.958371 0.000372291
0.95967 0.000694586 0.958484 0.000419168
0.959498 0.000905931 0.958602 0.000284431
0.959691 0.000423006 0.958363 0.000377169
0.959955 0.00082715 0.958539 0.000339376
0.959523 0.000520872 0.958591 0.000431128
0.960129 0.00075564 0.958439 0.000351486
0.960112 0.000801991 0.958529 0.000228385
0.959775 0.000735269 0.958548 0.000371113
0.959794 0.000622283 0.958405 0.000323277
0.960086 0.000987942 0.958645 0.000431125
0.959336 0.000553327 0.958539 0.000190595
0.959928 0.000610294 0.958512 0.00044486
0.959958 0.00055029 0.958453 0.000365034
0.959551 0.000423965 0.958795 0.000499973
0.959699 0.000371897 0.959016 0.000260938
0.959693 0.000860825 0.95879 0.000220001
0.959716 0.000602232 0.959104 0.000466378
0.960108 0.000789779 0.95882 0.000470833
0.959776 0.000948086 0.95883 0.000389939
0.959513 0.00076941 0.95872 0.000505141
0.959888 0.000563333 0.958987 0.000352305
0.960154 0.000758208 0.958543 0.000367324
0.960109 0.000564989 0.958502 0.000364098
0.95985 0.000683635 0.958667 0.000512381
0.959733 0.000902006 0.95869 0.000219975
0.959596 0.000728158 0.95886 0.00044056
0.959686 0.000873176 0.958895 0.000229105
0.960175 0.000341519 0.95881 0.000282018
0.95954 0.000869976 0.958974 0.000298185
0.959429 0.00060611 0.958797 0.000419402
0.960055 0.000375083 0.958794 0.000498921
0.959921 0.000663514 0.958825 0.000516243
0.95969 0.000692383 0.958867 0.000389922
0.959968 0.000717809 0.958901 0.000393469
0.960386 0.000695725 0.958919 0.000338753
0.960032 0.000664638 0.958869 0.000374439
0.96023 0.000353492 0.95895 0.000330801
0.959935 0.000598697 0.958851 0.00051658
0.960064 0.00050904 0.958973 0.000455224
0.959961 0.000611896 0.959011 0.000404157
0.960068 0.000754883 0.959016 0.000329613
0.960018 0.000823345 0.959145 0.000481547
0.96011 0.000622346 0.959097 0.00042736
0.960172 0.000584902 0.958989 0.000402193
0.960836 0.000707146 0.95897 0.000345118
0.960311 0.000542986 0.958925 0.000222175
