0.809926 0.000431127 0.794513 0.000690328
0.809786 0.000379796 0.794469 0.000489462
0.809744 0.000417413 0.794381 0.000298501
0.809531 0.000272293 0.79436 0.000336566
0.809771 0.000448354 0.794672 0.000601638
0.809827 0.000580601 0.794832 0.000709125
0.809778 0.000528978 0.794447 0.000665165
0.809926 0.000574418 0.7948 0.0010775
0.809794 0.000358946 0.79445 0.00037503
0.809808 0.000360903 0.794641 0.000717072
0.80981 0.000275463 0.794375 0.00031629
0.809775 0.00048455 0.794522 0.000728376
0.809768 0.000580092 0.794714 0.000641243
0.810094 0.000359674 0.794528 0.000520279
0.80998 0.000337778 0.794777 0.000713824
0.810002 0.00041653 0.794757 0.000775595
0.809866 0.000479883 0.794763 0.000616409
0.80975 0.00037646 0.794632 0.000618195
0.809922 0.000361888 0.794727 0.000489626
0.809975 0.000279139 0.794677 0.000544751
0.809832 0.000520665 0.794702 0.000375249
0.809627 0.000433305 0.794655 0.000522838
0.809884 0.000451233 0.794671 0.000504882
0.809989 0.000689536 0.794935 0.000978561
0.809854 0.00034448 0.794737 0.000420942
0.809823 0.000379411 0.794585 0.000445372
0.809825 0.000353116 0.794671 0.000456947
0.809814 0.000572754 0.794424 0.000508641
0.809869 0.000854475 0.794968 0.00075137
0.810083 0.000398273 0.795093 0.000916587
0.8101 0.000483958 0.795299 0.000712004
0.810042 0.000561679 0.794702 0.000667863
0.810183 0.000567513 0.794957 0.000800827
0.810209 0.00047757 0.794794 0.000488757
0.81012 0.000463661 0.795202 0.000583777
0.809896 0.000442256 0.794607 0.000500428
0.81009 0.000513199 0.795049 0.000405854
0.810349 0.000569097 0.795112 0.000799342
0.809739 0.000509207 0.7948 0.000514351
0.809949 0.000566273 0.794697 0.000516671
0.810272 0.000413368 0.795335 0.000685578
0.810138 0.000545179 0.794837 0.000659185
0.810162 0.000514083 0.794834 0.000772236
0.810036 0.000278384 0.794544 0.000586494
0.810046 0.000474032 0.795095 0.000700175
0.81017 0.00015872 0.794738 0.000588255
0.810091 0.000356488 0.795182 0.00045812
0.810026 0.000461174 0.794919 0.000799721
0.810187 0.000522703 0.794954 0.000470946
0.810047 0.000620627 0.795136 0.0006619
0.810105 0.000534282 0.794599 0.000590204
0.810164 0.000426001 0.794871 0.000550402
0.810083 0.000506019 0.794588 0.000477907
0.809908 0.000400102 0.794573 0.000663988
0.809986 0.000437033 0.795025 0.000494137
0.810411 0.000618369 0.794998 0.000675863
0.810247 0.000591951 0.795022 0.000456599
0.809934 0.000704017 0.794624 0.000579403
0.810471 0.000375994 0.795032 0.000451429
0.810094 0.000601612 0.794852 0.000896024
0.809889 0.000592758 0.794775 0.000556367
0.810359 0.00064003 0.794941 0.000861091
0.81027 0.000813107 0.795034 0.000544677
0.810319 0.000635458 0.795022 0.000891861
0.810007 0.000753159 0.795121 0.000635676
0.810327 0.000356079 0.795078 0.000586974
0.810354 0.00058975 0.794858 0.000663771
0.810458 0.000583424 0.795139 0.000633536
0.810149 0.00034565 0.794815 0.000682649
0.81012 0.000625073 0.794846 0.000708316
0.810057 0.000491393 0.795222 0.000762309
0.810275 0.000480538 0.794536 0.000845015
0.809809 0.000386117 0.795068 0.00067097
0.810159 0.000544099 0.794987 0.000681071
0.810057 0.00052441 0.794452 0.00063418
0.810309 0.000630045 0.794809 0.000534822
0.810291 0.000607624 0.794849 0.000943586
0.810199 0.00026862 0.794563 0.000723743
0.810361 0.000581772 0.794809 0.000622002
0.810439 0.000680246 0.794914 0.00081669
