0.967115 0.000148552 0.957151 0.000249401
0.967078 0.000256009 0.957215 0.000199088
0.967132 0.000359193 0.957113 0.000251927
0.967072 0.000215424 0.957129 0.000332796
0.967142 0.000187217 0.957171 0.00022273
0.967049 0.000137342 0.957144 0.000278279
0.966901 0.000227443 0.957196 0.00033063
0.967035 0.000218384 0.957095 0.000335511
0.967024 0.000339163 0.957211 0.000349929
0.967105 0.000269271 0.957289 0.000218314
0.96714 0.000226362 0.957126 0.000232059
0.967141 0.00016137 0.956966 0.000275059
0.967092 0.000239522 0.956992 0.000331053
0.967101 0.000284394 0.957108 0.000251483
0.967029 0.000294325 0.957238 0.000302507
0.966967 0.0004934 0.957213 0.000267771
0.967247 0.000203869 0.956956 0.000206112
0.967076 0.000316477 0.957059 0.000351336
0.967041 0.000365183 0.957282 0.000353028
0.967181 0.000201001 0.957065 0.000311582
0.967086 0.000417599 0.9571 0.00037711
0.96715 0.000292094 0.957158 0.000412994
0.967281 0.000233239 0.956886 0.000339161
0.967093 0.000291979 0.957133 0.000370405
0.967175 0.000332744 0.957042 0.000283843
0.967313 0.000250038 0.95689 0.000346364
0.967155 0.000230876 0.957182 0.000350787
0.96734 0.000239726 0.956725 0.000284472
0.967385 0.000318702 0.957049 0.000444014
0.967336 0.000372088 0.956922 0.000317883
0.967281 0.000227469 0.957111 0.00069134
0.967401 0.000323447 0.956831 0.000491809
0.967333 0.000270287 0.956835 0.000413046
0.967352 0.000221096 0.95673 0.000354704
0.967302 0.000254132 0.957023 0.000516267
0.96733 0.000291958 0.956933 0.00029303
0.967322 0.000202255 0.956993 0.000324862
0.967306 0.000245544 0.956758 0.000452927
0.967312 0.00020061 0.956975 0.000674618
0.967399 0.000253271 0.956941 0.000332648
0.967372 0.000291062 0.956971 0.000367494
0.967373 0.000281038 0.957007 0.000483541
0.967361 0.00035331 0.956882 0.000401775
0.967364 0.00025245 0.956788 0.000601957
0.967203 0.000210897 0.957131 0.000620333
0.967552 0.000198548 0.956712 0.000459812
0.967381 0.000311467 0.957048 0.000294819
0.967425 0.000326407 0.956892 0.000543727
0.967323 0.000212295 0.956754 0.000382979
0.967426 0.000232586 0.956659 0.000468932
0.967487 0.000480251 0.956787 0.000627256
0.96744 0.000329265 0.956789 0.00032799
0.967356 0.000285602 0.956806 0.000622413
0.967474 0.000325488 0.956608 0.000394016
0.967484 0.000292842 0.956594 0.000446977
0.96735 0.000278626 0.956527 0.000334969
0.967458 0.000160256 0.956532 0.000471529
0.967483 0.000158558 0.956877 0.000454241
0.967662 0.000157348 0.956441 0.000476544
0.967498 0.000346063 0.956497 0.000439972
0.967368 0.00032284 0.956708 0.000386613
0.967517 0.000274005 0.956845 0.000406609
0.96761 0.000217796 0.956982 0.00051517
0.967501 0.000334225 0.95658 0.000539496
0.967347 0.00034117 0.956873 0.000310665
0.967413 0.000323019 0.956441 0.000444616
0.967567 0.000300813 0.956522 0.000436126
0.967541 0.000311439 0.956434 0.000574537
0.967243 0.00029821 0.956496 0.000517023
0.967349 0.000300217 0.956715 0.000439746
0.967482 0.000322288 0.956635 0.000439821
0.967406 0.000270835 0.956322 0.000266034
0.967152 0.000320752 0.956446 0.000420592
0.967346 0.0004575 0.956619 0.000475848
0.967294 0.000305899 0.956489 0.000543425
0.967378 0.000460708 0.956375 0.000478938
0.967407 0.000256216 0.956435 0.000526289
0.967245 0.000481308 0.95649 0.00048619
0.967366 0.000345646 0.956691 0.000818782
0.967324 0.000327593 0.956411 0.000433187
