0.796404 0.000388746 0.791499 0.000291843
0.797035 0.000320696 0.792482 0.000320197
0.797028 0.000545895 0.792418 0.00039649
0.797044 0.00033034 0.792793 0.000206861
0.797162 0.000243223 0.792969 0.00026948
0.797326 0.00044769 0.793111 0.000648554
0.797291 0.00053571 0.793102 0.000379941
0.797282 0.000563493 0.793421 0.000364163
0.797218 0.000420779 0.793432 0.000431604
0.797 0.000711706 0.793645 0.000415723
0.797091 0.00060582 0.793552 0.000473942
0.797142 0.000656871 0.79388 0.000368555
0.796996 0.000542022 0.793871 0.000689563
0.7972 0.000409255 0.794299 0.000464289
0.797147 0.000692283 0.794109 0.00042608
0.797171 0.000313373 0.794366 0.000622337
0.797264 0.000660878 0.794042 0.000431819
0.797175 0.000652725 0.794438 0.000351384
0.797319 0.000305466 0.794454 0.000475949
0.797433 0.000380788 0.794354 0.000582353
0.796992 0.000493957 0.794686 0.000493949
0.797284 0.000502174 0.794807 0.000520172
0.797197 0.000743283 0.79466 0.000375025
0.797252 0.000472961 0.794901 0.000328691
0.797223 0.000518124 0.794978 0.000796825
0.797095 0.0004644 0.79465 0.000427852
0.797862 0.000536526 0.794544 0.0002504
0.797165 0.00065337 0.794793 0.000395347
0.79732 0.000364012 0.795086 0.000605987
0.797829 0.000746569 0.795266 0.00040937
0.79727 0.000503688 0.79525 0.00045415
0.797425 0.000514773 0.794972 0.000467369
0.797511 0.000437967 0.795358 0.000376191
0.797774 0.000619656 0.795292 0.000736808
0.797722 0.000436087 0.795384 0.000445667
0.797861 0.000725812 0.795449 0.000697161
0.797512 0.000633888 0.795458 0.000498661
0.798023 0.000644082 0.795298 0.000421503
0.797987 0.000634653 0.795619 0.000673662
0.797779 0.000659288 0.795504 0.000631552
0.797721 0.000780887 0.795983 0.000624587
0.798128 0.000438702 0.795605 0.000518061
0.797871 0.000830556 0.796054 0.00041066
0.798278 0.000617431 0.795596 0.000458779
0.798307 0.00105566 0.795883 0.000603186
0.798204 0.000764332 0.796166 0.000290992
0.798073 0.000576367 0.795792 0.000557006
0.798038 0.000650955 0.796201 0.000507137
0.798178 0.000720281 0.795903 0.00105931
0.798305 0.000948479 0.796119 0.000566682
0.798091 0.000847218 0.795994 0.000545125
0.798389 0.000402795 0.796339 0.000449988
0.798392 0.000610074 0.796088 0.000507811
0.79874 0.000432781 0.796227 0.000662042
0.798881 0.000998291 0.795902 0.000528212
0.79868 0.0010606 0.79655 0.000757164
0.798662 0.000778024 0.796824 0.000544604
0.798937 0.000961269 0.796306 0.000658611
0.798664 0.000722888 0.796212 0.000447076
0.798817 0.000890847 0.79664 0.000908925
0.799061 0.000725899 0.796895 0.000803116
0.798919 0.000944537 0.796789 0.000757732
0.799578 0.0010324 0.797023 0.000659533
0.79858 0.000853351 0.797384 0.000663121
0.799241 0.00099649 0.797296 0.000650179
0.798993 0.000469291 0.797215 0.000577353
0.798959 0.000668246 0.797394 0.00057125
0.799436 0.00106464 0.797161 0.000607177
0.799386 0.000782768 0.796771 0.000621125
0.799614 0.000706406 0.797171 0.000809476
0.799601 0.000927404 0.797576 0.000733858
0.7998 0.000951286 0.797471 0.000566772
0.799317 0.000899011 0.797849 0.000420059
0.799753 0.000660035 0.797621 0.000877207
0.799837 0.00103694 0.797691 0.000853012
0.799748 0.000600805 0.797805 0.000657217
0.799484 0.000804801 0.797204 0.000735398
0.799605 0.000583147 0.797994 0.000643611
0.800285 0.00153944 0.797782 0.000467713
0.800339 0.00137271 0.798191 0.00100057
0.800549 0.00115613 0.798324 0.000709918
0.80027 0.00140397 0.798168 0.000919549
0.799914 0.00128439 0.797609 0.00079367
0.800544 0.000969046 0.798646 0.000949396
0.800813 0.00126752 0.79829 0.000584791
0.799949 0.00136053 0.798411 0.000773078
0.80107 0.000676478 0.798136 0.000965089
0.80105 0.00119214 0.798412 0.000791959
0.800359 0.00127911 0.798747 0.000585191
0.801382 0.00137197 0.798958 0.000965023
0.801025 0.00120084 0.799116 0.000825376
0.801498 0.000930675 0.799315 0.00125127
0.800856 0.00123379 0.798806 0.0007593
0.801104 0.00142116 0.798941 0.00110782
0.801386 0.00171249 0.799486 0.000630462
0.800889 0.000587534 0.799271 0.000385977
0.801054 0.00110307 0.799328 0.000494181
0.801198 0.000912333 0.799956 0.00108461
0.802025 0.000877031 0.799541 0.000556104
0.801838 0.00109264 0.799653 0.000746675
