0.967974 0.00107558 0.957723 0.000860642
0.967758 0.00145415 0.957763 0.00147477
0.969476 0.00177599 0.95951 0.00209205
0.969157 0.00241986 0.959604 0.00329275
0.967407 0.00069861 0.957427 0.000539367
0.968213 0.00165323 0.95825 0.0016511
0.967923 0.00164333 0.958033 0.00170893
0.967911 0.00171967 0.958124 0.0022993
0.968918 0.00163068 0.95869 0.00143298
0.967889 0.00144486 0.957897 0.00128383
0.96763 0.00121382 0.957637 0.00102583
0.968899 0.00230049 0.959386 0.0031077
0.968504 0.00195494 0.958438 0.00200386
0.968707 0.00223167 0.959242 0.00280952
0.967649 0.000998744 0.957741 0.00107753
0.968267 0.00163005 0.958418 0.00172897
0.967035 0.000266934 0.957129 0.000329324
0.96734 0.000534843 0.957234 0.000355143
0.967655 0.00105749 0.957798 0.0010057
0.967404 0.000536671 0.957367 0.000416092
0.967355 0.000380045 0.957406 0.000421157
0.967221 0.000298424 0.95738 0.000355989
0.96778 0.000888825 0.95788 0.000732613
0.967308 0.000318616 0.957202 0.000300517
0.968167 0.00135456 0.95826 0.00099508
0.967628 0.000990135 0.95758 0.000826523
0.967362 0.000366709 0.957452 0.000447489
0.967708 0.000702664 0.957959 0.000621272
0.967721 0.000695832 0.957667 0.000751302
0.967157 0.000372534 0.957128 0.000285241
0.96749 0.000479446 0.957524 0.000709413
0.967497 0.000683139 0.957583 0.000699846
0.967601 0.0005439 0.957734 0.000602573
0.967621 0.000765033 0.957539 0.000624426
0.967499 0.000414967 0.957833 0.000627401
0.967562 0.000962806 0.957364 0.000847076
0.967314 0.00020197 0.957263 0.000485191
0.967884 0.00080762 0.95779 0.000622985
0.967718 0.00100196 0.957823 0.00129151
0.967735 0.000640814 0.957955 0.000930843
0.967344 0.000273294 0.957375 0.000894783
0.967429 0.000210742 0.957355 0.000534225
0.967364 0.000480638 0.957602 0.000923352
0.968513 0.00191773 0.958215 0.00211278
0.967704 0.000500874 0.957844 0.000665335
0.967705 0.000307163 0.957455 0.000707179
0.967617 0.000619714 0.957342 0.000822578
0.967383 0.000426012 0.957424 0.000350598
0.967412 0.000433354 0.957713 0.000985799
0.967896 0.00167519 0.957746 0.00191768
0.967483 0.000718894 0.957493 0.000673102
0.967549 0.000512651 0.957527 0.000864547
0.968013 0.0014324 0.957892 0.00174592
0.967807 0.000584836 0.957852 0.000861275
0.967818 0.000577143 0.957594 0.00108461
0.967695 0.000379346 0.957849 0.00104736
0.967884 0.000789708 0.957794 0.000784121
0.967865 0.000542594 0.95783 0.000962092
0.967585 0.000363721 0.957524 0.000694829
0.967614 0.000258345 0.957433 0.000725597
0.967553 0.000303421 0.957386 0.000896536
0.967688 0.00041994 0.957958 0.000977098
0.96769 0.000283993 0.957282 0.000512018
0.967872 0.000904638 0.958168 0.00091471
0.967604 0.000201613 0.95738 0.000749014
0.968178 0.00125513 0.957837 0.00166171
0.967672 0.000310619 0.9575 0.000901253
0.967549 0.000331023 0.957472 0.000903431
0.967717 0.00036712 0.957872 0.000975933
0.967992 0.000460373 0.957636 0.000954858
0.967727 0.000288465 0.957784 0.00101358
0.967674 0.000169845 0.956856 0.00073071
0.967658 0.000474041 0.957429 0.000791997
0.968133 0.00119096 0.958327 0.00170898
0.967654 0.000256401 0.95743 0.000841407
0.968454 0.00127519 0.95896 0.00184346
0.967705 0.000321708 0.957084 0.000518205
0.967615 0.000249822 0.957164 0.000655727
0.96793 0.00038792 0.957721 0.00104438
0.967864 0.000346052 0.957752 0.00120862
