0.95578 0.00263521 0.94657 0.00281814
0.956286 0.00278754 0.94727 0.0030209
0.954436 0.000646894 0.945282 0.000699206
0.952925 0.00234327 0.94377 0.00236521
0.952328 0.00213927 0.943176 0.00213763
0.952014 0.00558146 0.942927 0.00546549
0.949799 0.00447698 0.940676 0.00433543
0.946337 0.00844236 0.937414 0.0081483
0.94797 0.0067035 0.938989 0.00649187
0.945823 0.00698975 0.936798 0.00687396
0.944322 0.00797736 0.935284 0.0078797
0.946226 0.0073479 0.937187 0.00721849
0.945492 0.00698386 0.936435 0.00690583
0.948425 0.00664233 0.939343 0.00648917
0.942684 0.00769168 0.933675 0.00751911
0.947307 0.00723953 0.938336 0.00708013
0.942453 0.00707711 0.933468 0.00692046
0.943907 0.00847705 0.934769 0.00843559
0.944718 0.00906112 0.935648 0.00893166
0.939449 0.00774598 0.930302 0.00767061
0.940049 0.00599671 0.930891 0.00587504
0.942911 0.00818115 0.933869 0.00804098
0.942545 0.00732877 0.933374 0.00718025
0.936953 0.00360432 0.927837 0.00351639
0.937835 0.00609699 0.928742 0.00602913
0.937726 0.00467114 0.928611 0.0047036
0.935909 0.0049528 0.926768 0.00491333
0.933878 0.00335699 0.924566 0.00359125
0.935838 0.00442096 0.926622 0.00464192
0.934501 0.00486133 0.92521 0.00516115
0.936299 0.00553539 0.927004 0.00551416
0.933731 0.00339893 0.924283 0.00360772
0.937273 0.00521796 0.927988 0.00530499
0.933603 0.00348678 0.924256 0.00352326
0.928636 0.00817024 0.91898 0.00877725
0.930982 0.00865872 0.92124 0.00906645
0.933258 0.00297623 0.923782 0.003055
0.932441 0.00469685 0.922879 0.00480553
0.928223 0.00772571 0.918563 0.00801051
0.928932 0.00636968 0.919147 0.00651014
0.926306 0.0138513 0.916002 0.0152395
0.925512 0.0127422 0.915561 0.0133549
0.920713 0.00885371 0.910625 0.00928283
0.922118 0.00932934 0.912219 0.00969636
0.929358 0.0063435 0.919725 0.00650014
0.914771 0.0102333 0.903902 0.0111278
0.927965 0.00974608 0.917911 0.0105213
0.926123 0.00800954 0.916343 0.00825995
0.924327 0.0143671 0.913665 0.0154511
0.917318 0.013997 0.906835 0.0146407
0.922768 0.0106665 0.912575 0.0113127
0.911691 0.0147066 0.899981 0.0159867
0.905642 0.0148822 0.893943 0.0159234
0.911033 0.0140918 0.899542 0.0152965
0.907718 0.0137004 0.896068 0.0146361
0.904077 0.00941196 0.892597 0.0106017
0.904249 0.0115216 0.892129 0.0128991
0.908917 0.0141404 0.897007 0.0149769
0.903855 0.014043 0.891439 0.0149864
0.904877 0.00845128 0.892766 0.00939125
0.900664 0.00709566 0.887894 0.00786654
0.903561 0.00965038 0.891044 0.0105537
0.901693 0.00738319 0.888853 0.00755843
0.900282 0.00700782 0.887153 0.00751166
0.900096 0.00607832 0.887389 0.00679814
0.8973 0.00740377 0.884715 0.00766992
0.898688 0.00912986 0.885513 0.00939688
0.892946 0.00744221 0.879885 0.00772135
0.898479 0.00993767 0.885316 0.0105032
0.893686 0.00654821 0.88002 0.00635329
0.892642 0.00854566 0.879322 0.00800072
0.892857 0.00925542 0.879434 0.00884087
0.891685 0.00841937 0.877964 0.00753001
0.890189 0.00902821 0.877132 0.00811199
0.891508 0.0117583 0.878516 0.0107861
0.891514 0.0108413 0.877652 0.00989854
0.886855 0.00888598 0.87382 0.00799902
0.888673 0.00770936 0.875507 0.00699574
0.888408 0.0116388 0.875081 0.0106264
0.886802 0.00727197 0.873451 0.00631239
