0.953121 0.000535132 0.943852 0.000491813
0.950892 0.00383272 0.941621 0.00371217
0.945976 0.00692986 0.936843 0.00672235
0.940517 0.00913922 0.931511 0.00888502
0.94085 0.0089121 0.931612 0.00867183
0.933506 0.00468649 0.924362 0.00446236
0.934879 0.00708638 0.925881 0.00698604
0.935192 0.0074253 0.926062 0.00731458
0.932493 0.00611338 0.923471 0.00596848
0.93377 0.00699657 0.924716 0.00684716
0.932442 0.00546439 0.923311 0.00541588
0.931684 0.00501388 0.922539 0.00500368
0.931702 0.00284005 0.922514 0.00290158
0.928173 0.00240979 0.919103 0.0023811
0.92179 0.00575374 0.912537 0.00586285
0.924719 0.00734638 0.915433 0.00746051
0.92687 0.00249271 0.917656 0.002482
0.924087 0.00442778 0.914865 0.004418
0.927567 0.00316952 0.918226 0.00323858
0.911837 0.0149638 0.902511 0.0149688
0.906834 0.0184567 0.897178 0.0189757
0.893333 0.016347 0.88357 0.0167412
0.885965 0.0183144 0.875996 0.0186676
0.897602 0.0186245 0.887828 0.0188876
0.885908 0.015226 0.876344 0.0156759
0.88985 0.0131423 0.880183 0.0137027
0.882353 0.0134478 0.872388 0.0135101
0.883244 0.0176111 0.873187 0.0180399
0.882345 0.0174833 0.872309 0.0178785
0.872681 0.00847527 0.862135 0.00870017
0.869139 0.0083165 0.858871 0.00859107
0.873466 0.011289 0.862789 0.0115189
0.872109 0.00798184 0.861248 0.00779088
0.866985 0.00265652 0.856212 0.00241116
0.867732 0.00151412 0.856692 0.00135492
0.867852 0.00397609 0.856756 0.00355581
0.866115 0.00192721 0.855099 0.00151231
0.867284 0.00369447 0.856125 0.0030183
0.866215 0.00366268 0.855454 0.00337443
0.863979 0.00393184 0.853403 0.00307797
0.863506 0.00136374 0.853015 0.00106738
0.864209 0.00229061 0.85327 0.00177989
0.861807 0.00235541 0.851517 0.00151228
0.863871 0.00432703 0.853288 0.00337847
0.860201 0.00495759 0.850505 0.00354787
0.859399 0.00371634 0.849711 0.00259721
0.860075 0.00404454 0.850172 0.00272724
0.858711 0.00469222 0.849419 0.00315461
0.857563 0.00314294 0.848527 0.00215133
0.856745 0.00261364 0.847896 0.00182076
0.856534 0.00376635 0.847948 0.00271523
0.856261 0.00184825 0.847406 0.00118216
0.85348 0.00137344 0.845618 0.00112361
0.855034 0.00234814 0.846761 0.00146432
0.854025 0.00217537 0.845911 0.00178248
0.853733 0.00203959 0.845717 0.00154619
0.852097 0.00072617 0.844583 0.000736111
0.852541 0.00167572 0.844553 0.00173574
0.852469 0.00215162 0.84447 0.00171884
0.852319 0.000841804 0.844466 0.000685156
0.852513 0.000945312 0.844245 0.00109427
0.852298 0.00116207 0.84451 0.00125274
0.85129 0.00110333 0.843137 0.00106388
0.851546 0.0008812 0.843324 0.000974163
0.851264 0.000733671 0.842824 0.000708099
0.851453 0.00108398 0.842949 0.00111527
0.850926 0.000677753 0.842249 0.0006699
0.850393 0.000815948 0.841356 0.00115351
0.850267 0.000635516 0.841186 0.00110152
0.849597 0.000812521 0.84085 0.000708418
0.850695 0.00122799 0.841618 0.000828598
0.850222 0.00128139 0.841088 0.00112203
0.849798 0.00131465 0.840565 0.00140715
0.849532 0.000526279 0.840325 0.000824968
0.849756 0.000808817 0.840258 0.000877066
0.84893 0.000437996 0.839858 0.000790259
0.849112 0.000715728 0.839596 0.000907237
0.849259 0.00102558 0.839706 0.000794009
0.848388 0.00119541 0.838885 0.00128803
0.847925 0.000646922 0.838351 0.00086288
