0.805866 0.000106966 0.791411 0.00020204
0.805987 0.000137858 0.791345 0.000156215
0.806088 0.000244344 0.791534 0.000349014
0.80599 0.000200663 0.79134 0.000277594
0.805901 3.45433e-05 0.791172 2.23482e-05
0.80595 0.000116148 0.791227 0.000100506
0.806019 0.000141489 0.791309 0.000131473
0.80592 6.76169e-05 0.791316 0.000270589
0.806039 9.55162e-05 0.791253 0.000115675
0.806001 0.000155852 0.791217 0.000132465
0.806046 0.000149515 0.791279 0.000216782
0.805955 9.53594e-05 0.791154 9.33694e-05
0.805891 4.60095e-05 0.791134 6.72437e-05
0.805916 5.68741e-05 0.791125 9.41036e-05
0.805954 0.000110694 0.791188 0.000173825
0.805976 0.00017464 0.79115 0.000222443
0.805898 3.46513e-05 0.79109 6.87158e-05
0.805933 7.26486e-05 0.791082 6.50339e-05
0.805941 7.61235e-05 0.791073 0.000119029
0.805976 0.000153017 0.791135 0.000174656
0.805885 6.78555e-05 0.791028 9.82012e-05
0.805881 7.95298e-05 0.791001 9.77069e-05
0.805918 0.000130924 0.791077 0.000138919
0.80592 8.19418e-05 0.791058 0.000105855
0.805914 6.96877e-05 0.791011 0.000130328
0.80588 7.04211e-05 0.790952 7.30569e-05
0.805935 9.54698e-05 0.790991 0.000165354
0.805923 0.000104914 0.790977 0.000168178
0.805853 7.0435e-05 0.790863 0.000147414
0.805913 9.91655e-05 0.790999 0.000124454
0.805927 8.6873e-05 0.790962 0.000115766
0.805834 3.12406e-05 0.790751 0.000130972
0.805857 4.3868e-05 0.790824 0.000122944
0.806011 0.000147592 0.790996 0.000191171
0.805874 6.35368e-05 0.790806 0.00014326
0.80592 9.33063e-05 0.790933 0.000132539
0.805901 8.58902e-05 0.79088 0.000182515
0.805969 0.000241328 0.790918 0.000302431
0.805926 0.000151287 0.790841 0.000231007
0.805907 9.64857e-05 0.790815 0.000173126
0.805863 7.24335e-05 0.790695 0.000158043
0.80588 6.16721e-05 0.790744 0.000117681
0.805921 6.27643e-05 0.790783 0.000142389
0.805875 5.7499e-05 0.790749 0.000142637
0.805886 7.0471e-05 0.790718 0.00016449
0.805893 7.80505e-05 0.790728 0.000167069
0.805893 7.15308e-05 0.790741 0.000199525
0.805926 5.71043e-05 0.790784 0.000150896
0.805931 0.000107536 0.790773 0.000206197
0.805865 5.62431e-05 0.790638 0.000183172
0.805885 5.98119e-05 0.790669 0.000147541
0.805887 5.46526e-05 0.790607 0.00014015
0.80587 7.66086e-05 0.790626 0.00021554
0.805896 5.26597e-05 0.790663 0.000137812
0.805939 6.37013e-05 0.790637 0.000165019
0.805912 5.31366e-05 0.790605 0.000141703
0.805925 0.000134983 0.790635 0.000239611
0.805913 0.000110128 0.790625 0.000224443
0.805874 6.05529e-05 0.790537 0.000164066
0.805857 6.44695e-05 0.79044 0.000144283
0.805874 7.93014e-05 0.790508 0.000126917
0.805845 0.000103627 0.790494 0.000175696
0.80593 8.60309e-05 0.790535 0.000127056
0.805918 7.78452e-05 0.790498 0.000159804
0.805867 0.000153008 0.790487 0.000171298
0.805879 0.000151817 0.79049 0.000202816
0.805923 7.25281e-05 0.790485 0.000135761
0.805784 0.000272569 0.790393 0.000195104
0.805858 0.000227438 0.790491 0.000278602
0.805948 9.44028e-05 0.79047 0.000164596
0.805764 0.000292399 0.790353 0.00029632
0.805788 0.000236129 0.790392 0.000329203
0.805518 0.000374766 0.790152 0.000263007
0.80564 0.00029678 0.790308 0.000244657
0.805514 0.000538845 0.790233 0.000327982
0.805349 0.000382173 0.790103 0.00024226
0.805611 0.000464308 0.790329 0.000396887
0.805544 0.000579641 0.790383 0.000418824
0.805253 0.000301305 0.790014 0.000175738
0.805339 0.000347903 0.790164 0.000252368
