0.796366 0.000509094 0.791488 0.000431736
0.797167 0.000307486 0.791516 0.000316149
0.797629 0.000551692 0.79191 0.000244868
0.797546 0.00037288 0.79216 0.000378911
0.797697 0.000426831 0.792121 0.000392949
0.797483 0.000522135 0.792344 0.000376583
0.797806 0.00051369 0.792649 0.000272566
0.797566 0.000221348 0.792511 0.000301741
0.797656 0.000480489 0.792585 0.000278019
0.797855 0.000499971 0.792693 0.000289805
0.797814 0.000490984 0.792659 0.000348226
0.797757 0.000419474 0.792927 0.000397282
0.798007 0.000308984 0.792859 0.000223938
0.798005 0.000521838 0.792803 0.000398572
0.79783 0.000688631 0.792811 0.000410995
0.797879 0.000476138 0.79299 0.000286395
0.797645 0.00061673 0.793013 0.000429919
0.797949 0.000644699 0.793016 0.000364192
0.797778 0.000706927 0.793141 0.000342112
0.797727 0.000570786 0.793085 0.00023198
0.797463 0.000912785 0.793247 0.000328883
0.797665 0.00103908 0.793501 0.000289066
0.798016 0.000756418 0.793275 0.000353607
0.797592 0.000566625 0.79339 0.000442503
0.797578 0.000776483 0.793489 0.000462095
0.797693 0.000763893 0.793744 0.00044345
0.798018 0.000535855 0.793578 0.000456641
0.797531 0.00080986 0.793804 0.000485616
0.797537 0.000665418 0.794093 0.000341709
0.798041 0.000440465 0.793747 0.000472227
0.797816 0.000556263 0.794035 0.000275434
0.798181 0.000633455 0.79399 0.000300425
0.797426 0.00100046 0.794166 0.000294766
0.797485 0.000684024 0.793979 0.000418178
0.798331 0.000873458 0.793756 0.000348577
0.797698 0.000840171 0.794145 0.000415609
0.797679 0.000450125 0.794284 0.000509312
0.79799 0.000921919 0.794022 0.000470065
0.797633 0.000773839 0.794396 0.000323897
0.798061 0.000629011 0.793942 0.000391234
0.798035 0.00037227 0.794166 0.000499017
0.797598 0.000301709 0.794356 0.000189772
0.797895 0.000543708 0.794306 0.000464968
0.797191 0.000621627 0.794427 0.000376195
0.797626 0.000783784 0.794352 0.000467596
0.797975 0.000579314 0.794476 0.000373428
0.797623 0.000602385 0.794296 0.000328462
0.798146 0.000588235 0.794275 0.000447171
0.797606 0.000661961 0.794239 0.000425744
0.798136 0.000692265 0.794393 0.000620743
0.797949 0.000887743 0.794566 0.000374304
0.797758 0.000284265 0.794687 0.000672431
0.798032 0.000332315 0.794632 0.000400866
0.797687 0.000727689 0.794669 0.000310849
0.798012 0.000652253 0.794691 0.000543278
0.798079 0.000672147 0.794818 0.000429522
0.797969 0.000925527 0.794817 0.000333724
0.798116 0.000839414 0.794934 0.000388976
0.797948 0.000901561 0.794528 0.000548933
0.79829 0.000977585 0.794481 0.000467912
0.79806 0.000533637 0.794757 0.00035526
0.798382 0.000939186 0.794826 0.000442143
0.797692 0.000568656 0.794825 0.000540934
0.798434 0.00098799 0.794938 0.000426306
0.798364 0.000426924 0.794837 0.000510252
0.79822 0.000722225 0.794806 0.000356881
0.798085 0.000799669 0.795087 0.000599147
0.798278 0.000917492 0.795112 0.000329277
0.798356 0.00113572 0.795344 0.000472257
0.798565 0.000614651 0.795346 0.000555343
0.797969 0.000535279 0.795219 0.000649494
0.79836 0.000831262 0.794909 0.000408912
0.797896 0.000409798 0.795099 0.000327957
0.798399 0.000431437 0.795265 0.000449896
0.798472 0.000981621 0.79514 0.000423585
0.798647 0.000722307 0.795403 0.000736701
0.79836 0.000601681 0.795642 0.000519127
0.798433 0.000755498 0.795596 0.000513566
0.798023 0.000509071 0.795435 0.000528459
0.798457 0.000886907 0.795504 0.000461004
0.798096 0.000604934 0.795624 0.000678009
0.798682 0.000705138 0.795549 0.000720301
0.798498 0.000636847 0.795607 0.000677614
0.798372 0.000608711 0.795722 0.000796489
0.79828 0.000887226 0.795621 0.000585178
0.798145 0.000772404 0.795692 0.000313008
0.798983 0.000991855 0.795499 0.000483162
0.798651 0.00087089 0.795812 0.000480988
0.798671 0.000789468 0.795885 0.000465395
0.798645 0.000881949 0.795613 0.000311934
0.798659 0.00101438 0.795808 0.000532903
0.798993 0.000864439 0.795953 0.000500979
0.798224 0.000925741 0.796082 0.000549402
0.798919 0.000692037 0.795948 0.00101278
0.798697 0.000892034 0.795846 0.000439956
0.79878 0.00100788 0.795866 0.000503368
0.798666 0.000535136 0.796448 0.000332358
0.798824 0.000589532 0.79577 0.00052926
0.799024 0.00119769 0.79596 0.000546273
0.799162 0.000914765 0.795983 0.000627559
