0.968651 0.000500631 0.957848 0.000526924
0.968885 0.000593672 0.958307 0.000931196
0.968776 0.00076966 0.958158 0.000921503
0.968947 0.00094253 0.958401 0.00112419
0.968843 0.000820946 0.958425 0.00113135
0.968711 0.000553479 0.958133 0.000907176
0.968661 0.000595292 0.95786 0.000693285
0.968501 0.000674511 0.95797 0.000735949
0.968724 0.000688605 0.958362 0.00108321
0.968591 0.000607818 0.958241 0.00107516
0.968789 0.00114823 0.958401 0.00150365
0.96888 0.00160668 0.958453 0.00232576
0.96848 0.000306146 0.958003 0.000560658
0.968176 0.000197398 0.957482 0.000262475
0.968528 0.000547607 0.957962 0.000498977
0.968857 0.000903245 0.95848 0.00128017
0.968844 0.000682373 0.958253 0.000770743
0.968849 0.00122688 0.958345 0.00132136
0.968463 0.000229908 0.958016 0.000395915
0.968717 0.000866245 0.958371 0.00122213
0.968388 0.000764031 0.957904 0.000930084
0.968647 0.000689414 0.958376 0.00116535
0.968527 0.000377569 0.958062 0.000604022
0.968366 0.000391335 0.95792 0.00062248
0.968348 0.000415192 0.957952 0.000644817
0.968515 0.000464123 0.958044 0.000614226
0.968604 0.000903046 0.958367 0.00156371
0.968184 0.000425805 0.957839 0.000355116
0.968707 0.000616961 0.958298 0.000900276
0.968611 0.000947777 0.958437 0.00129258
0.96866 0.00083071 0.958576 0.00122567
0.968381 0.000553177 0.95803 0.000673079
0.968338 0.000371458 0.957916 0.000589273
0.968718 0.000743452 0.958477 0.00100396
0.968363 0.00069185 0.958129 0.000840869
0.968467 0.000708942 0.95824 0.00110963
0.968171 0.00036094 0.957971 0.000443795
0.968268 0.000280318 0.958148 0.000753107
0.968281 0.000649059 0.958267 0.000732485
0.968402 0.000372086 0.958178 0.000548058
0.968453 0.000425013 0.95831 0.000581124
0.968234 0.000306332 0.95797 0.000414856
0.968633 0.000561 0.958453 0.000640456
0.968618 0.000834593 0.958407 0.00110117
0.968313 0.000299126 0.958013 0.000645525
0.968159 0.000355943 0.95817 0.000558811
0.968424 0.000711807 0.958166 0.000580695
0.968022 0.000233611 0.957799 0.000139843
0.968653 0.000756077 0.958605 0.000992096
0.968608 0.000478324 0.95851 0.000575453
0.96829 0.000414352 0.958371 0.000714158
0.968603 0.000491571 0.958628 0.000732681
0.968106 0.00026148 0.957833 0.000360961
0.968356 0.000397437 0.958095 0.000762761
0.968322 0.000410293 0.958361 0.000972819
0.968311 0.000686373 0.958619 0.000787299
0.968402 0.000536872 0.958447 0.000963504
0.968357 0.000452914 0.95821 0.000558223
0.968193 0.00037355 0.958179 0.000877004
0.968164 0.000417209 0.958114 0.00038009
0.967961 0.000397496 0.958047 0.000491638
0.96815 0.00031191 0.958049 0.00045403
0.968501 0.000352457 0.95843 0.000653862
0.968263 0.000413004 0.958148 0.000480495
0.968245 0.00029505 0.958167 0.00044297
0.968126 0.000544728 0.958156 0.00046279
0.96834 0.000408915 0.958465 0.000475543
0.968239 0.000526892 0.958246 0.000552302
0.96805 0.000431272 0.958417 0.000578314
0.968479 0.00059424 0.958653 0.000983849
0.968273 0.000321978 0.958222 0.000740593
0.968362 0.000361576 0.958359 0.000612068
0.968188 0.000373327 0.958357 0.000462586
0.968305 0.000596647 0.958501 0.00070213
0.968433 0.000350799 0.958378 0.000700696
0.968276 0.00064306 0.958102 0.000892265
0.968294 0.000473012 0.958427 0.000372523
0.968125 0.00056009 0.958053 0.000373501
0.968341 0.000435844 0.957633 0.000732109
0.96836 0.000461914 0.958474 0.000887065
