0.80833 0.000341535 0.792847 0.000229365
0.808133 0.000313888 0.793067 0.000306264
0.808445 0.000256006 0.792802 0.000206765
0.808535 0.000391433 0.792775 0.000215861
0.808291 0.000236668 0.792894 0.000296619
0.808531 0.000153318 0.792997 0.000268039
0.808562 0.000264057 0.792862 0.00025624
0.808252 0.000348496 0.792858 0.000241626
0.808595 0.000377526 0.792959 0.0003562
0.808616 0.000261314 0.792801 0.000218548
0.808489 0.000209982 0.792872 0.000174893
0.80852 0.000194578 0.792627 0.000279319
0.808576 0.000171227 0.792668 0.000181241
0.808571 0.000268915 0.792822 0.000292502
0.808624 0.000218597 0.792907 0.00021538
0.808463 0.000290807 0.792583 0.000257164
0.808688 0.000391647 0.792821 0.00037446
0.808509 0.00027319 0.792664 0.000321243
0.808616 0.000320896 0.792715 0.000334027
0.808648 0.000252467 0.792542 0.000319953
0.808722 0.000198105 0.792504 0.00028766
0.808498 0.000207517 0.79273 0.000371545
0.808796 0.000206606 0.792526 0.00013227
0.808549 0.00025329 0.792687 0.000373499
0.808593 0.000405216 0.79267 0.000224317
0.808605 0.0003471 0.792761 0.000298515
0.808462 0.000354311 0.792692 0.000272539
0.808621 0.000335873 0.792611 0.000155086
0.808529 0.000393169 0.792464 0.000228578
0.808827 0.000422481 0.792637 0.000106705
0.808447 0.000317851 0.792574 0.000430955
0.80828 0.000296346 0.792436 0.000231868
0.808446 0.000310686 0.792349 0.000178039
0.808461 0.000372204 0.792374 0.000220696
0.808593 0.000175881 0.79244 0.000346143
0.808507 0.000227272 0.79249 0.000287838
0.808628 0.000402906 0.792614 0.000320235
0.808452 0.000271831 0.792513 0.00041171
0.808503 0.000202268 0.792541 0.000273829
0.808444 0.000235083 0.792442 0.000187595
0.808548 0.000232894 0.792239 0.000195081
0.808468 0.000341408 0.792245 0.000260054
0.808603 0.000361709 0.792615 0.000277372
0.808548 0.000222928 0.792545 0.000392164
0.808523 0.000315772 0.792483 0.00030832
0.808241 0.000320394 0.792408 0.000248689
0.808521 0.000179081 0.792236 0.000261559
0.808564 0.000354562 0.792328 0.000177696
0.80843 0.000285107 0.79243 0.00033917
0.808642 0.000233065 0.792357 0.000361728
0.808551 0.000348555 0.792499 0.000338093
0.808336 0.000433269 0.792415 0.000388653
0.808476 0.000305027 0.792196 0.000230001
0.808297 0.000254906 0.792242 0.000240684
0.808594 0.000250102 0.792289 0.000209892
0.808617 0.000263555 0.79242 0.000335512
0.808386 0.000257165 0.792501 0.000295594
0.808461 0.000312012 0.792303 0.000194682
0.808396 0.000461925 0.792278 0.000268132
0.808469 0.000339432 0.792319 0.000226068
0.808532 0.000344661 0.792272 0.000269974
0.808371 0.000358336 0.792104 0.000192742
0.80842 0.000358168 0.792403 0.000346929
0.808292 0.000326149 0.792248 0.000358667
0.808411 0.000485016 0.792327 0.000296487
0.808142 0.000216142 0.792186 0.000223338
0.808282 0.00036755 0.792345 0.00041688
0.808277 0.000375226 0.792193 0.000324235
0.808286 0.000196335 0.79213 0.000225481
0.808045 0.000279807 0.792406 0.000399092
0.808401 0.000267472 0.792247 0.000284018
0.808218 0.00032556 0.792391 0.000363291
0.808126 0.000249378 0.792231 0.000516502
0.80836 0.00033706 0.79214 0.000165262
0.808519 0.000325227 0.792312 0.000303048
0.808405 0.000352217 0.792448 0.000447388
0.808204 0.000597019 0.792425 0.000308401
0.808331 0.000316467 0.79242 0.000487654
0.807983 0.000392454 0.792321 0.000345749
0.80826 0.000369886 0.792315 0.000438574
