0.949138 0.00395255 0.939526 0.0038035
0.932975 0.00822791 0.924028 0.00787653
0.93532 0.00963686 0.926279 0.00922912
0.928326 0.00208987 0.919622 0.00196093
0.92807 0.00223108 0.919408 0.0021187
0.926535 0.000578088 0.917936 0.000525498
0.923363 0.00281761 0.914901 0.00269968
0.91918 0.00539426 0.910876 0.00518973
0.908369 0.0126341 0.900466 0.0121746
0.898304 0.013798 0.890831 0.0132553
0.882481 0.02086 0.875652 0.0199587
0.875114 0.0253549 0.868712 0.024244
0.863866 0.0158625 0.857999 0.0150978
0.862102 0.0171181 0.856409 0.0162324
0.850832 0.00465517 0.845785 0.00434058
0.85062 0.00436474 0.845591 0.00404477
0.84934 0.00194324 0.844382 0.00183711
0.8482 0.000500863 0.843387 0.000468002
0.848173 0.000413047 0.84341 0.000376131
0.847782 9.19625e-05 0.84311 9.39632e-05
0.847733 6.8842e-05 0.843098 0.000113684
0.84774 0.000100025 0.843048 3.92437e-05
0.847708 6.05056e-05 0.843095 7.98406e-05
0.847663 3.11085e-05 0.843065 2.68931e-05
0.847695 6.10291e-05 0.843059 3.52986e-05
0.847692 2.11599e-05 0.84304 1.97093e-05
0.847711 4.66403e-05 0.843035 1.48585e-05
0.84771 2.82529e-05 0.843045 2.68891e-05
0.847706 9.49479e-06 0.843025 1.64003e-05
0.847703 1.4184e-05 0.84302 2.02872e-05
0.847711 2.39296e-05 0.843022 3.30285e-05
0.847717 2.04252e-05 0.843014 3.37316e-05
0.84772 2.97313e-05 0.84299 3.28086e-05
0.847707 1.55158e-05 0.842963 3.07279e-05
0.847708 1.40484e-05 0.842932 2.43681e-05
0.847703 3.52325e-05 0.842904 4.97922e-05
0.847676 2.51558e-05 0.842833 5.39186e-05
0.847658 3.48378e-05 0.842752 6.62191e-05
0.847632 3.12437e-05 0.842662 9.40369e-05
0.847587 4.96703e-05 0.84251 7.62325e-05
0.847585 5.55553e-05 0.842425 0.000115153
0.847479 7.98856e-05 0.842273 0.000106216
0.847373 0.00012996 0.842131 0.000147587
0.847227 0.000132403 0.841968 0.000110617
0.846937 0.000209674 0.841721 0.000180613
0.846602 0.000264425 0.841457 0.000252667
0.846122 0.000223606 0.841065 0.000180323
0.845841 0.000333879 0.840806 0.000280978
0.845062 0.000391228 0.840119 0.000343562
0.844607 0.000517277 0.83966 0.000469925
0.844209 0.000529126 0.839222 0.000475423
0.843343 0.000365207 0.838234 0.000424844
0.842884 0.000254827 0.837705 0.000327232
0.842413 0.000223572 0.837012 0.000325058
0.841903 0.00042508 0.836248 0.000627457
0.84141 0.000301827 0.835384 0.000453231
0.840767 0.000511928 0.834266 0.000761287
0.83963 0.000521936 0.832564 0.00073497
0.838522 0.000625511 0.831023 0.000827605
0.837128 0.00120848 0.829202 0.00153861
0.834863 0.00118727 0.826199 0.00148042
0.833235 0.00105179 0.824335 0.00137135
0.830018 0.00130302 0.820522 0.00167285
0.826643 0.000688465 0.81666 0.00073404
0.825532 0.000718959 0.815347 0.000712504
0.823857 0.000571599 0.813355 0.000665329
0.823292 0.000525964 0.812655 0.000596016
0.822605 0.000393327 0.811912 0.000309203
0.822161 0.000381816 0.811338 0.000323127
0.822145 0.000306602 0.811219 0.000280311
0.821779 0.000268603 0.810679 0.000364924
0.821898 0.000527006 0.810577 0.000479109
0.821413 0.00048228 0.809745 0.000523682
0.820912 0.000397427 0.808989 0.000466434
0.820925 0.00133007 0.808874 0.00132922
0.819804 0.000505402 0.807696 0.000642397
0.818637 0.000496844 0.806592 0.000481526
0.816852 0.000548653 0.805035 0.000458304
0.816763 0.00203492 0.80506 0.00202845
0.816893 0.00287837 0.805077 0.00290609
