0.796289 0.000384688 0.791394 0.000352115
0.797176 0.000482844 0.791844 0.000349217
0.797218 0.000449386 0.791985 0.000295917
0.797898 0.000804055 0.791997 0.000441183
0.797832 0.000395777 0.792341 0.000232625
0.79804 0.000747057 0.792339 0.000314646
0.797788 0.000749882 0.792281 0.000247545
0.798312 0.00083442 0.79238 0.000269721
0.797818 0.000572115 0.792587 0.000224355
0.797571 0.000316805 0.79275 0.000144636
0.797412 0.00066415 0.792668 0.00029722
0.797986 0.00047423 0.792597 0.000299439
0.797474 0.000624921 0.792944 0.000464628
0.797378 0.000605947 0.792829 0.000484319
0.797731 0.000796521 0.792825 0.000269493
0.797739 0.000651856 0.793062 0.000406045
0.797897 0.000858138 0.792822 0.000414707
0.797771 0.000712183 0.793005 0.00041399
0.797308 0.000776397 0.793287 0.000330036
0.797879 0.000760663 0.79332 0.000497587
0.798032 0.00075126 0.793192 0.000239164
0.798235 0.000604912 0.793092 0.000324041
0.797702 0.00058612 0.793404 0.000346986
0.797822 0.000960505 0.793309 0.00032289
0.797763 0.000321819 0.793626 0.000498408
0.797687 0.000672516 0.793559 0.000258575
0.79773 0.000499523 0.793527 0.000339792
0.797888 0.000779094 0.79362 0.000361409
0.797701 0.000860927 0.793902 0.000398321
0.7977 0.000662624 0.793619 0.000445062
0.797851 0.000946029 0.793585 0.000411272
0.797532 0.000496904 0.793764 0.000565554
0.797991 0.000519992 0.793862 0.000359272
0.797799 0.000587261 0.793832 0.000386017
0.797862 0.000657362 0.794035 0.000487661
0.797828 0.00108803 0.793771 0.000458874
0.797656 0.000698891 0.79395 0.000376422
0.797517 0.000588517 0.793973 0.000356812
0.797594 0.000769645 0.794224 0.000418587
0.797976 0.000825158 0.794231 0.00038699
0.7978 0.00104807 0.794096 0.000683913
0.797599 0.00059444 0.794201 0.000323926
0.79807 0.000730995 0.79441 0.000615028
0.798081 0.000802962 0.794248 0.000514433
0.797733 0.000509121 0.794339 0.000465214
0.797923 0.000786351 0.794168 0.000601584
0.798108 0.0008117 0.794313 0.000443869
0.797843 0.000686474 0.79431 0.000319101
0.79796 0.000686441 0.79449 0.000420788
0.797771 0.000886314 0.794432 0.00030984
0.798007 0.000365791 0.794664 0.000402027
0.797922 0.00103327 0.79438 0.000494123
0.798047 0.000544477 0.794562 0.000375472
0.798206 0.0010848 0.794453 0.000564949
0.798101 0.000780416 0.794621 0.000638927
0.798231 0.000687472 0.794686 0.000304133
0.797713 0.000894086 0.794654 0.000503819
0.798214 0.000741755 0.794557 0.000402277
0.798179 0.00090158 0.794676 0.000576434
0.797855 0.000749647 0.795104 0.000464206
0.798642 0.00060237 0.794688 0.000383888
0.798043 0.000805855 0.79483 0.000341777
0.798226 0.000471014 0.794706 0.000555902
0.798403 0.000891352 0.795096 0.000616737
0.798061 0.000630434 0.794877 0.00048803
0.7976 0.000891486 0.795152 0.000465317
0.798349 0.000712609 0.794983 0.00035117
0.798704 0.000744774 0.795112 0.000516511
0.798276 0.00075777 0.794856 0.000395859
0.798276 0.000940856 0.795068 0.000361587
0.798527 0.000645326 0.794993 0.000433718
0.799083 0.000810472 0.795154 0.000395756
0.798834 0.000818889 0.795041 0.000593105
0.798347 0.00106594 0.79531 0.00034093
0.798577 0.000757951 0.795195 0.000621433
0.798171 0.000744564 0.795262 0.000393905
0.798505 0.000669491 0.795588 0.000505378
0.798856 0.000375848 0.795417 0.000438857
0.79844 0.000669741 0.795293 0.0005115
0.798695 0.000822778 0.795391 0.000615273
0.7984 0.00036732 0.795367 0.00033034
0.798628 0.000914017 0.795432 0.000543092
0.798468 0.000925382 0.795379 0.00036801
0.798491 0.000603938 0.795538 0.000462694
0.798734 0.0010451 0.795528 0.000445996
0.799011 0.000510995 0.795905 0.000626257
0.798936 0.000908906 0.795572 0.000594771
0.798958 0.000836115 0.795384 0.000626691
0.798344 0.000855258 0.79588 0.000483472
0.798871 0.000860158 0.795309 0.0004421
0.799049 0.000845608 0.795684 0.000400216
0.798716 0.000736408 0.796092 0.000628655
0.799169 0.000710881 0.795783 0.000422663
0.798879 0.00073862 0.795626 0.000288303
0.798609 0.000868668 0.795907 0.000582789
0.798872 0.000469375 0.795826 0.000590317
0.798178 0.000824752 0.796166 0.00048591
0.799311 0.000801936 0.795773 0.000397511
0.79871 0.00101587 0.795837 0.000470583
0.799005 0.000914822 0.796146 0.000782527
