0.804333 0.000593015 0.790315 0.000294663
0.803973 8.78302e-05 0.790115 6.32755e-05
0.803765 0.000243035 0.789919 0.000227016
0.803488 0.000373749 0.789637 0.00032711
0.803592 0.000529518 0.789705 0.000486223
0.803529 0.000354028 0.789585 0.000352888
0.803084 0.000454331 0.789096 0.000464532
0.802808 0.000370443 0.788808 0.000374011
0.803144 0.000461808 0.789124 0.000492727
0.802873 0.000386818 0.788802 0.000365765
0.802808 0.000335687 0.788614 0.000322005
0.802994 0.00047943 0.788859 0.000446551
0.802909 0.000425877 0.788692 0.000371386
0.802671 0.000146366 0.788448 0.00014955
0.80267 0.000107169 0.788307 0.000111217
0.802718 0.000218403 0.788299 0.000268843
0.802678 0.000217909 0.788261 0.000266982
0.80266 9.50738e-05 0.788167 7.10761e-05
0.802739 0.000179117 0.788137 0.000192007
0.802643 0.000126602 0.788062 0.000153972
0.802693 9.98479e-05 0.788125 0.000105715
0.802742 6.48563e-05 0.788079 6.1959e-05
0.802379 0.000354907 0.787714 0.000330384
0.802671 0.000246782 0.787958 0.000210369
0.802442 0.000359528 0.787818 0.000302253
0.802713 0.000127081 0.787914 0.000115092
0.802518 0.000319579 0.787792 0.000245982
0.802306 0.000494339 0.787623 0.0003484
0.802337 0.000343406 0.787641 0.000220931
0.802351 0.000381475 0.787588 0.000255617
0.801859 0.000250646 0.787277 0.000210461
0.802322 0.000439292 0.787511 0.000280275
0.802157 0.000417975 0.78742 0.000331577
0.801923 0.000556832 0.787217 0.000405007
0.801873 0.000416923 0.787193 0.000259467
0.801713 0.000335042 0.78713 0.000323321
0.801775 0.000398782 0.787085 0.000316203
0.801717 0.000463778 0.787034 0.000286167
0.801355 0.000486096 0.786724 0.0004935
0.801609 0.000429061 0.786876 0.000377131
0.801271 0.000448659 0.786612 0.000324996
0.800777 0.000394131 0.78611 0.000385417
0.800951 0.000477926 0.786241 0.000470639
0.801069 0.000381686 0.786376 0.000369522
0.801012 0.000415696 0.78624 0.000501329
0.800986 0.000288674 0.786072 0.000317384
0.800302 0.000568755 0.785218 0.000771288
0.80068 0.000472451 0.785783 0.000716615
0.800342 0.00078997 0.785333 0.00104375
0.800577 0.000637813 0.785486 0.000875634
0.800494 0.000566246 0.78539 0.000710832
0.800095 0.000547831 0.784671 0.00067348
0.800221 0.000691183 0.784709 0.00105851
0.800447 0.000485839 0.785047 0.000754311
0.800105 0.00065925 0.784479 0.000896793
0.800204 0.000748968 0.784553 0.00115814
0.79983 0.0004926 0.784165 0.000660379
0.799415 0.00102177 0.783414 0.00148364
0.7996 0.000628543 0.78356 0.00104633
0.799357 0.000894025 0.783288 0.00117784
0.798852 0.00108839 0.782514 0.00116887
0.799239 0.00063892 0.782988 0.000861829
0.799321 0.00101523 0.783168 0.00127875
0.798565 0.00103446 0.782145 0.00115581
0.799334 0.000799856 0.783206 0.000959396
0.798454 0.00107024 0.781875 0.00140504
0.798761 0.00142319 0.782123 0.00168653
0.797764 0.00206518 0.780852 0.00243117
0.797609 0.00257634 0.780737 0.00317645
0.79668 0.00235439 0.779638 0.00287917
0.798005 0.00130995 0.781072 0.00140664
0.797763 0.0010836 0.780536 0.0011721
0.797279 0.0018584 0.779896 0.00224544
0.794971 0.00352774 0.777069 0.00408046
0.796335 0.00232881 0.778911 0.00271415
0.796411 0.0015789 0.778595 0.00224628
0.794394 0.0039058 0.776052 0.00483001
0.796719 0.00219611 0.779037 0.00267803
0.792063 0.00406978 0.772981 0.00495031
0.791574 0.0035227 0.772691 0.00347321
