0.953069 0.000377404 0.943379 0.000349063
0.94816 0.00674281 0.938532 0.00643123
0.937719 0.00829835 0.928678 0.0076739
0.941089 0.00570219 0.931951 0.00520269
0.931868 0.00360066 0.923067 0.00349159
0.931593 0.00435823 0.922697 0.00403455
0.92655 0.000860571 0.917976 0.000657954
0.926185 0.00174266 0.917641 0.00166621
0.922302 0.00309677 0.913952 0.00294601
0.915718 0.0078006 0.907614 0.00744402
0.913722 0.00870173 0.9057 0.00831041
0.899021 0.0198257 0.891673 0.0189409
0.89464 0.0254538 0.887549 0.0242348
0.870058 0.0165626 0.864225 0.01569
0.879797 0.0199984 0.873404 0.0188323
0.855754 0.0124595 0.850741 0.0117584
0.855438 0.00990155 0.850339 0.00955877
0.853391 0.00984089 0.848541 0.00918231
0.848734 0.00199925 0.843967 0.00174648
0.848665 0.00140548 0.843809 0.00127639
0.847987 0.000729717 0.843354 0.000625007
0.848185 0.00121234 0.843714 0.000954999
0.847462 0.000344924 0.842984 0.000245158
0.847304 0.000330277 0.842974 0.000375354
0.847262 0.00024688 0.842785 0.00021443
0.847183 0.000105925 0.842738 6.78883e-05
0.847149 0.000149724 0.842712 0.000105938
0.847176 6.68882e-05 0.842711 3.8047e-05
0.847188 0.000113651 0.842696 5.2602e-05
0.847204 8.31507e-05 0.842699 3.8088e-05
0.847165 8.60848e-05 0.842686 4.22182e-05
0.847215 8.77999e-05 0.842694 3.85429e-05
0.84722 8.10714e-05 0.842686 3.28957e-05
0.847187 6.99347e-05 0.842638 6.44909e-05
0.847202 4.72188e-05 0.842639 3.44433e-05
0.847234 4.98456e-05 0.842626 4.88415e-05
0.84721 4.2005e-05 0.84261 4.1261e-05
0.847223 6.10548e-05 0.842581 4.66404e-05
0.847225 5.31971e-05 0.842543 5.05771e-05
0.847127 5.82e-05 0.842429 8.05382e-05
0.847111 5.54395e-05 0.842323 6.69055e-05
0.847094 9.80277e-05 0.842202 9.88518e-05
0.847067 0.000138123 0.842081 0.000111508
0.846892 0.000206427 0.84192 0.000131424
0.846821 0.00017217 0.84176 0.00010892
0.846486 0.000199172 0.841547 0.000237024
0.846363 0.000168425 0.841414 0.000133451
0.845901 0.00024872 0.841027 0.000223674
0.845833 0.000438195 0.840938 0.000347684
0.845094 0.000318581 0.840396 0.000315766
0.844435 0.000365551 0.839644 0.000463482
0.843475 0.000353797 0.838827 0.000489309
0.843477 0.000599051 0.838773 0.000619264
0.842836 0.000455655 0.838106 0.000487274
0.842123 0.000334305 0.837027 0.000420888
0.841478 0.000349225 0.836179 0.000468184
0.840903 0.000496139 0.835103 0.000651171
0.840265 0.000861512 0.833881 0.00141036
0.839292 0.00080257 0.832586 0.00107975
0.837765 0.000766763 0.830199 0.00115431
0.836801 0.00103493 0.828848 0.00138424
0.835388 0.00177788 0.827128 0.00211314
0.831788 0.00223969 0.822278 0.00247608
0.829906 0.00149628 0.820439 0.00194347
0.82728 0.00133595 0.81716 0.00192272
0.824297 0.00099512 0.814159 0.00130897
0.8235 0.00092247 0.812988 0.000976381
0.822198 0.000588388 0.811676 0.00071769
0.822046 0.00067954 0.811302 0.000538202
0.821452 0.000333505 0.810591 0.000352616
0.821244 0.000434341 0.810209 0.000405463
0.821014 0.000201909 0.809843 0.000285759
0.820609 0.000306138 0.808997 0.000498516
0.820719 0.000402372 0.809041 0.000767871
0.819836 0.000376958 0.807795 0.000697746
0.819646 0.000466531 0.807347 0.000701427
0.818788 0.0008016 0.806341 0.000836742
0.817263 0.000628371 0.805265 0.000694801
0.816231 0.00089487 0.804309 0.000789485
0.814556 0.000659578 0.802887 0.000581271
