0.808624 0.00028568 0.793799 0.000210127
0.808769 0.000182418 0.793767 0.000255451
0.808575 0.000265265 0.793678 0.000355775
0.808893 0.000527581 0.793965 0.000633083
0.808825 0.000438001 0.793826 0.000393404
0.808957 0.000195607 0.793795 0.00027368
0.80888 0.000334743 0.79389 0.000406739
0.808956 0.000241501 0.793897 0.000368913
0.808816 0.000400516 0.793723 0.00026232
0.80887 0.000222612 0.793581 0.00031783
0.808603 0.000354808 0.793884 0.000433058
0.808616 0.000374085 0.793655 0.000366352
0.808952 0.000419034 0.793953 0.000740643
0.808829 0.000316834 0.793679 0.000277065
0.808975 0.000280256 0.793694 0.000351634
0.808772 0.000331119 0.793716 0.000292145
0.808977 0.000276349 0.79371 0.000366144
0.80874 0.000473436 0.793869 0.000228723
0.809056 0.000286518 0.793633 0.000385071
0.808752 0.000450463 0.793711 0.000341969
0.808823 0.000248443 0.793682 0.000365102
0.808855 0.000461492 0.793814 0.000432193
0.808859 0.000331237 0.793712 0.000368222
0.808699 0.000319626 0.793705 0.000434665
0.808655 0.000327827 0.793931 0.000405505
0.80883 0.000419376 0.793653 0.000401536
0.808938 0.000506093 0.793623 0.000295262
0.808872 0.000337026 0.794032 0.000295406
0.8088 0.000494502 0.793732 0.000379734
0.808957 0.000304717 0.793763 0.000435909
0.808699 0.000287865 0.793817 0.000418695
0.808915 0.000424313 0.793793 0.000722228
0.808923 0.000419792 0.793836 0.00046226
0.808918 0.000361645 0.793632 0.000389367
0.808698 0.00033804 0.79366 0.000511057
0.808861 0.000460873 0.793504 0.000315558
0.80881 0.000429198 0.793479 0.000378444
0.808952 0.000339201 0.793458 0.000480322
0.808694 0.000468753 0.793713 0.000210434
0.809073 0.000316926 0.793639 0.000445972
0.809292 0.000309216 0.793776 0.000299806
0.809106 0.000525222 0.793496 0.000344753
0.809051 0.000416707 0.793436 0.000472073
0.809109 0.000441273 0.793345 0.000251469
0.808884 0.000487016 0.793687 0.000561438
0.808732 0.000517469 0.793742 0.000639905
0.808728 0.000337523 0.793311 0.000483894
0.808646 0.000415955 0.7936 0.000521642
0.809037 0.000423591 0.79336 0.000304855
0.808903 0.000338068 0.793335 0.000284045
0.809026 0.000261827 0.793302 0.000322126
0.809054 0.000334072 0.793609 0.000516317
0.808594 0.00072386 0.793956 0.000637491
0.808674 0.000524882 0.793793 0.000500384
0.808821 0.000655892 0.793399 0.000341855
0.808795 0.000465942 0.79356 0.00036997
0.808879 0.000395403 0.793499 0.000378645
0.80907 0.000128878 0.793367 0.000549506
0.808935 0.000677733 0.793473 0.000469828
0.809073 0.000338326 0.793493 0.000266156
0.808833 0.000267045 0.793585 0.000584597
0.808771 0.0004041 0.793216 0.000401568
0.808774 0.000394237 0.793239 0.000490705
0.809185 0.000423254 0.793452 0.000414568
0.808587 0.000498273 0.793315 0.000605487
0.808865 0.000334722 0.793188 0.000336848
0.808941 0.000373393 0.79324 0.000465212
0.808618 0.000389352 0.79375 0.000520276
0.808842 0.000317566 0.793215 0.000502284
0.809036 0.000403601 0.793342 0.000334092
0.808736 0.000643044 0.793216 0.000495071
0.808825 0.00035259 0.793264 0.000337527
0.80894 0.000406126 0.793287 0.000513377
0.808876 0.000409781 0.793355 0.000480071
0.808917 0.000508992 0.793219 0.000598243
0.808934 0.000489824 0.793236 0.000421099
0.808557 0.000567747 0.793232 0.000571694
0.808831 0.000429518 0.793281 0.000364608
0.808966 0.00039793 0.793276 0.000436964
0.809172 0.000335547 0.793478 0.000487493
