0.967159 0.000162614 0.957289 0.000149397
0.967143 0.000188466 0.957175 0.00020497
0.967254 0.000294962 0.957215 0.000197081
0.967251 0.000404649 0.95731 0.000327592
0.967206 0.000222363 0.957276 0.000198086
0.967167 0.000303454 0.957143 0.000237433
0.967073 0.000134631 0.957227 0.000232174
0.967148 0.000223007 0.957253 0.00014762
0.967182 0.000290608 0.957139 0.000296938
0.967143 0.000174455 0.957232 0.000233829
0.967202 0.000147445 0.95697 0.000349203
0.967047 0.000181419 0.957378 0.000178658
0.967156 0.000224203 0.957248 0.000338886
0.96706 0.000226348 0.957354 0.000132677
0.967038 0.000246115 0.957418 0.000250707
0.967187 0.000149213 0.957214 0.000278176
0.967292 0.000311721 0.957162 0.000237932
0.96726 0.000265311 0.957043 0.000253799
0.96733 0.00015234 0.957257 0.000435812
0.967206 0.000227084 0.957082 0.000280968
0.967183 0.000259539 0.957334 0.000275518
0.967164 0.000339181 0.957334 0.000194644
0.967165 0.000311915 0.957222 0.000278618
0.967251 0.000278611 0.957186 0.000322392
0.967295 0.000178093 0.957092 0.000338764
0.967249 0.000212274 0.95731 0.000265907
0.967245 0.000242303 0.957317 0.000199088
0.967318 0.000226233 0.957016 0.000398307
0.967247 0.000214144 0.957238 0.000445558
0.967209 0.000201812 0.957441 0.000335957
0.967236 0.000327388 0.957247 0.000326531
0.967367 0.000242728 0.9571 0.000396276
0.967253 0.000265018 0.956951 0.000384963
0.967324 0.000186557 0.957004 0.000286996
0.967396 0.000229731 0.95703 0.000499192
0.967141 0.000277423 0.957046 0.000347269
0.967534 0.000302099 0.957177 0.000583643
0.967364 0.000416778 0.957007 0.000314747
0.967365 0.000252025 0.956973 0.00040734
0.967425 0.00026384 0.95678 0.000403736
0.967254 0.000210339 0.957141 0.000323196
0.967179 0.000243252 0.957217 0.000461855
0.967477 0.000249307 0.956958 0.0004424
0.967496 0.000337273 0.956902 0.000465428
0.967361 0.000335488 0.957062 0.000582228
0.967391 0.000325884 0.956813 0.000482733
0.967673 0.000188494 0.956949 0.000356862
0.967402 0.000298353 0.956943 0.00050144
0.967375 0.000355673 0.957106 0.000470004
0.967568 0.000233392 0.95697 0.000431017
0.967757 0.000278067 0.956511 0.000461266
0.967564 0.000249672 0.957098 0.000542053
0.967445 0.000350396 0.956835 0.000488959
0.967533 0.000346812 0.9568 0.000503387
0.967484 0.000266762 0.956909 0.000569314
0.967581 0.000305677 0.95684 0.000480101
0.967542 0.000219926 0.957144 0.000762324
0.967442 0.000244405 0.957166 0.000309167
0.96755 0.000365448 0.956846 0.00045174
0.967443 0.000416532 0.956748 0.000407676
0.967628 0.00036103 0.956883 0.000614641
0.967681 0.000299178 0.956545 0.000302232
0.967579 0.000247021 0.956935 0.000553866
0.967551 0.00025226 0.956864 0.00035567
0.96774 0.000192342 0.956566 0.000360357
0.967579 0.000275928 0.957117 0.00070771
0.967627 0.000260982 0.957073 0.00061979
0.967822 0.000258222 0.95646 0.000268552
0.967677 0.000218316 0.956986 0.000754627
0.967639 0.00026855 0.956717 0.000380443
0.967734 0.000299763 0.956812 0.000543989
0.967633 0.000317573 0.95685 0.000517682
0.967652 0.000285624 0.956892 0.000446175
0.967577 0.00025202 0.956829 0.000298483
0.967713 0.000241629 0.9568 0.000586528
0.967595 0.000225729 0.95643 0.000319648
0.967662 0.000162871 0.95673 0.000255132
0.967651 0.000269977 0.956643 0.000465599
0.967617 0.00033207 0.956825 0.000485057
0.967463 0.000437584 0.956697 0.000544962
