0.951539 0.00291657 0.941792 0.00279902
0.940818 0.00992974 0.931528 0.00953886
0.936004 0.0108649 0.927007 0.0103788
0.93232 0.00922871 0.923501 0.00882092
0.932163 0.0056035 0.923357 0.00532636
0.927929 0.00192174 0.919366 0.00182015
0.926522 0.000542868 0.918041 0.000530769
0.924529 0.00158147 0.916115 0.00152771
0.920382 0.0047517 0.912132 0.00458913
0.917751 0.00815754 0.909608 0.00787638
0.909957 0.0153909 0.902114 0.0148276
0.898727 0.0144205 0.891323 0.0138573
0.889763 0.0213197 0.88274 0.02048
0.881629 0.0203624 0.874955 0.0194986
0.861531 0.0138161 0.855703 0.0131968
0.855082 0.00763244 0.849624 0.00717665
0.853998 0.00578094 0.848631 0.00551362
0.852856 0.00513035 0.847634 0.00484821
0.850845 0.0044197 0.845795 0.00420506
0.848223 0.000260364 0.843326 0.00018817
0.849027 0.00152259 0.844066 0.00143319
0.848094 0.000275092 0.843345 0.000322139
0.848006 0.00018325 0.843164 0.000123705
0.848148 0.00053557 0.843467 0.00044673
0.847834 8.23454e-05 0.843121 6.45087e-05
0.847842 0.000111785 0.843142 9.24402e-05
0.847818 6.03578e-05 0.84309 3.68416e-05
0.847832 0.000136495 0.843132 0.000121205
0.84781 5.68185e-05 0.843076 3.98034e-05
0.847819 5.28411e-05 0.843076 4.2776e-05
0.847806 4.87933e-05 0.843059 5.09859e-05
0.847815 4.25423e-05 0.843049 3.90339e-05
0.84782 1.49344e-05 0.843036 2.36251e-05
0.847821 2.74138e-05 0.843033 3.77901e-05
0.847816 1.62267e-05 0.843022 2.14178e-05
0.847828 2.4072e-05 0.843017 5.14671e-05
0.847808 3.36583e-05 0.842981 4.26798e-05
0.847791 4.39734e-05 0.842952 6.79682e-05
0.847772 1.80791e-05 0.842894 4.29668e-05
0.847737 4.07163e-05 0.84283 6.70142e-05
0.847732 6.30831e-05 0.842741 8.9077e-05
0.847669 5.2914e-05 0.842622 4.98636e-05
0.847624 3.3851e-05 0.842511 8.2065e-05
0.847615 7.66839e-05 0.842433 9.86839e-05
0.847555 0.000105118 0.842354 0.000120368
0.847416 0.000120172 0.842131 9.4346e-05
0.847214 9.69007e-05 0.841936 9.80829e-05
0.84706 0.000281688 0.841766 0.000217954
0.846745 0.000310707 0.841549 0.000233364
0.846366 0.000206586 0.841209 0.000184349
0.845999 0.000423643 0.840909 0.000337023
0.845535 0.00044814 0.840482 0.000311606
0.844917 0.000396143 0.839901 0.000348906
0.844184 0.00040737 0.839099 0.000346546
0.843419 0.000253975 0.838413 0.000292395
0.842934 0.000309111 0.837815 0.000270347
0.842515 0.000488356 0.837152 0.000482001
0.841959 0.000389869 0.836538 0.000612359
0.841546 0.00043113 0.835632 0.000573149
0.840321 0.000444414 0.83403 0.000364488
0.840203 0.000743864 0.833759 0.00118443
0.838917 0.000882244 0.831775 0.00115112
0.836807 0.000844057 0.828977 0.000866885
0.835731 0.00112742 0.827283 0.00126132
0.833672 0.00112153 0.824658 0.0010783
0.830328 0.00133067 0.820783 0.00146308
0.828336 0.00101377 0.818702 0.000971044
0.826749 0.00153839 0.816917 0.00147204
0.824646 0.000870886 0.814174 0.000599717
0.823519 0.00052714 0.812927 0.000506439
0.82252 0.000632834 0.811977 0.000412022
0.821885 0.000362456 0.811281 0.000361182
0.821816 0.000426713 0.811006 0.000410457
0.821268 0.000283092 0.810334 0.000305765
0.821148 0.000510633 0.809937 0.000494554
0.821009 0.000546231 0.809509 0.000612815
0.820242 0.000611122 0.808542 0.000553662
0.819455 0.000458272 0.807718 0.000734129
0.818775 0.000857526 0.806847 0.000599893
0.817549 0.000851819 0.805846 0.000507616
