0.806366 0.000232227 0.792089 0.000421691
0.80637 0.000221022 0.791913 0.000428958
0.806216 0.000172895 0.791614 0.000176843
0.806239 0.000141159 0.791562 0.000260608
0.806272 0.000104563 0.791579 0.000178015
0.806302 0.000178301 0.791653 0.000359587
0.806308 0.000244292 0.791715 0.00042129
0.806408 0.000220371 0.791808 0.00044599
0.806328 0.000206536 0.791658 0.000401134
0.806239 0.000295035 0.791595 0.000356322
0.806255 0.000228141 0.79155 0.000429793
0.806281 0.000254664 0.791566 0.000414007
0.806087 0.000208394 0.791368 0.000300709
0.806189 0.00016412 0.791398 0.000240455
0.806292 0.000138949 0.791613 0.000321893
0.806224 0.00025979 0.791458 0.000338542
0.806222 0.000245022 0.791365 0.000390635
0.806233 0.000303835 0.791477 0.000501595
0.806187 0.000229727 0.791348 0.000350893
0.806255 0.000208401 0.791393 0.000324166
0.806193 0.000141384 0.791366 0.000291189
0.806038 0.000153475 0.791135 0.00015311
0.806074 0.000152953 0.791219 0.000338916
0.806101 0.000209254 0.791249 0.000175689
0.806287 0.00026158 0.79143 0.000478817
0.806141 0.000236558 0.791188 0.000266766
0.806143 0.000266568 0.79123 0.000337596
0.806086 0.000199842 0.791191 0.000277203
0.806271 0.000248586 0.791408 0.000404712
0.806014 0.00021937 0.791066 0.000271874
0.806203 0.000264912 0.791315 0.000485042
0.80614 0.000242914 0.791177 0.000343798
0.806089 0.000162301 0.791116 0.000111339
0.806069 0.000169769 0.791038 0.000192125
0.806069 0.00016016 0.791003 0.00017238
0.806051 0.000196327 0.791162 0.000435911
0.806117 0.000191339 0.791123 0.000181823
0.806076 0.000248653 0.791092 0.00026583
0.806217 0.000238566 0.791147 0.000276267
0.806052 0.000228812 0.791002 0.000261493
0.806169 0.000155667 0.791095 0.000150561
0.806133 0.000181223 0.791051 0.000201089
0.806111 0.000289789 0.791141 0.000374594
0.806053 0.000311377 0.791011 0.000435367
0.806027 0.000216819 0.790925 0.000231988
0.806075 0.00022729 0.791023 0.000261173
0.806072 0.000173664 0.790962 0.000209122
0.80607 0.000299794 0.791076 0.000430179
0.806166 0.000256451 0.791103 0.000236746
0.806094 0.000211074 0.790976 0.000256128
0.806117 0.000200625 0.791004 0.000185723
0.805905 9.70088e-05 0.790773 0.000182565
0.806014 0.000262207 0.790904 0.000251414
0.806003 0.00012163 0.790881 0.00015591
0.805997 7.32853e-05 0.79088 0.000111489
0.806059 0.000196798 0.790936 0.000200471
0.806032 0.000112077 0.790883 0.000150258
0.805979 0.000120054 0.790858 0.00014522
0.806006 9.39336e-05 0.790854 0.000106345
0.806037 0.000120466 0.790883 0.000133136
0.80605 0.000179379 0.790955 0.000395074
0.806 0.000123202 0.790805 0.000196656
0.806068 0.000137187 0.790806 0.000182481
0.806067 0.000191184 0.790858 0.000199371
0.80604 0.000157234 0.790864 0.000206833
0.806132 0.000157304 0.790952 0.000210457
0.806097 0.000266595 0.790832 0.00029904
0.806039 0.000114608 0.790818 0.000229964
0.806005 8.12138e-05 0.79079 0.00011626
0.806021 0.000112561 0.790725 0.000134956
0.806088 0.000110833 0.790833 0.000164022
0.806145 0.000209692 0.790885 0.000234024
0.806009 0.000147763 0.790777 0.000134555
0.806079 0.000152189 0.790757 0.000187589
0.806089 0.000109189 0.790847 9.69635e-05
0.805977 0.000153374 0.790645 0.000216551
0.806144 0.000289218 0.790853 0.000390179
0.805994 0.000201919 0.790648 0.000208873
0.80592 0.000142139 0.790622 0.000179217
0.806043 0.00016962 0.790637 0.000229728
