0.954274 0.000157918 0.945063 0.000236652
0.952311 0.00273288 0.943101 0.00268541
0.949684 0.00337213 0.94052 0.00309696
0.948615 0.00539794 0.939477 0.00514561
0.948129 0.00651154 0.938926 0.00641775
0.940003 0.00559209 0.930971 0.00538274
0.940446 0.00562113 0.931135 0.00540547
0.942886 0.00828386 0.933438 0.00812855
0.942818 0.0090167 0.933575 0.00887274
0.944461 0.00912421 0.935058 0.00906758
0.939061 0.00730746 0.929732 0.00716666
0.940504 0.00773994 0.931207 0.00767699
0.937938 0.0079947 0.928571 0.00782289
0.933364 0.00209883 0.923962 0.00205594
0.93603 0.00587316 0.926596 0.00591779
0.934667 0.0038766 0.925276 0.00387644
0.93395 0.00424095 0.924408 0.00413055
0.933734 0.00399336 0.924284 0.00399337
0.9321 0.00431542 0.922436 0.00428872
0.924945 0.00888448 0.915151 0.00916374
0.931896 0.00305393 0.922232 0.0030089
0.930114 0.00588135 0.920352 0.00609534
0.926564 0.012309 0.91668 0.0125736
0.923746 0.0121018 0.913785 0.0125105
0.913189 0.0164071 0.902925 0.0170259
0.91935 0.0108798 0.909271 0.0111308
0.92274 0.0143259 0.912347 0.01492
0.913212 0.0152927 0.902596 0.0158613
0.908633 0.0175078 0.898115 0.0182447
0.904871 0.0190022 0.893604 0.019954
0.915183 0.0145575 0.904941 0.0152991
0.911406 0.0165795 0.900825 0.0171303
0.90392 0.0115409 0.892562 0.0118016
0.899097 0.0166503 0.887666 0.0174311
0.889445 0.0135928 0.877083 0.014063
0.884981 0.00945476 0.872589 0.00967086
0.889499 0.0097582 0.8772 0.00988199
0.886518 0.0106456 0.874001 0.0105715
0.891275 0.0100566 0.878776 0.0100605
0.882905 0.00817206 0.869994 0.00733924
0.89008 0.00628908 0.876839 0.0063351
0.886399 0.0092862 0.873284 0.00881711
0.884048 0.00990083 0.871468 0.00935766
0.879712 0.00950316 0.867111 0.0083197
0.883249 0.00778765 0.870006 0.00671382
0.880043 0.00676647 0.867491 0.00602341
0.878611 0.00826313 0.865911 0.00676034
0.884513 0.00702585 0.870941 0.00609815
0.872566 0.00769096 0.860648 0.00627596
0.875509 0.00961858 0.863253 0.00814162
0.879375 0.008049 0.866545 0.00683625
0.871854 0.00622999 0.860036 0.00475084
0.874053 0.00671809 0.861863 0.00573917
0.871166 0.00449513 0.859422 0.00336236
0.873844 0.00748524 0.861944 0.00644945
0.869764 0.00956072 0.858451 0.007907
0.867013 0.00644541 0.856665 0.00546708
0.869403 0.00782756 0.857822 0.00638251
0.865418 0.00685018 0.855344 0.00587313
0.867327 0.00688295 0.856251 0.00597597
0.86722 0.00540163 0.85617 0.00448005
0.866886 0.00418529 0.855803 0.00351418
0.863093 0.00495484 0.852618 0.00409436
0.863248 0.00338659 0.852798 0.00270822
0.861148 0.00446049 0.850855 0.00401226
0.862278 0.006332 0.851693 0.00548744
0.861417 0.00393636 0.850751 0.00304353
0.862816 0.00582645 0.851955 0.00508017
0.862438 0.00663721 0.851759 0.00555367
0.860247 0.00226679 0.849974 0.0022096
0.857288 0.00215264 0.846603 0.00168015
0.861071 0.00465531 0.850201 0.00408429
0.859922 0.00358548 0.848974 0.003422
0.860338 0.0043943 0.848998 0.00416639
0.858214 0.0010474 0.847273 0.0014404
0.85894 0.00341793 0.848058 0.00304727
0.858043 0.00262927 0.846693 0.00244893
0.857542 0.00282406 0.846194 0.00271076
0.857997 0.00307418 0.847002 0.00249053
0.857391 0.00277919 0.846051 0.00198252
