0.808301 0.000195699 0.791731 0.000144296
0.808214 0.000127416 0.791769 0.000135041
0.808343 0.000193474 0.791796 0.000159441
0.808385 0.000193156 0.791888 0.000112483
0.808233 0.000206548 0.791804 0.000150768
0.8082 0.000254825 0.79178 0.000132769
0.80829 0.00019556 0.791706 0.000155147
0.808243 0.000192678 0.791771 0.00022486
0.808241 0.000214351 0.791889 0.000233244
0.808291 0.00023756 0.791826 0.000217546
0.808273 0.000267605 0.791819 0.000100053
0.808275 0.000226747 0.791707 0.000194002
0.808274 0.000194592 0.791823 0.000126535
0.808242 0.00016601 0.791804 0.000215996
0.808186 0.000251172 0.791658 0.000114979
0.808164 0.000261086 0.791684 0.000200816
0.808298 0.000217068 0.791755 0.000231735
0.808274 0.000216052 0.791842 0.000196054
0.808341 0.000207334 0.791766 0.000212052
0.808019 0.000288494 0.791487 0.000240207
0.808296 0.0002141 0.791735 0.000142445
0.808105 0.000189744 0.791676 0.00023797
0.808074 0.000247653 0.791629 0.000275627
0.808231 0.000252449 0.791699 0.000341576
0.808074 0.0002483 0.791609 0.000461852
0.808177 0.000236278 0.791524 0.000261444
0.808044 0.00023508 0.791533 0.00032579
0.808041 0.00017914 0.791598 0.000308771
0.808104 0.000265146 0.791614 0.000272659
0.808091 0.000246054 0.791439 0.000386031
0.80802 0.000360694 0.791529 0.000418761
0.808111 0.000312013 0.791354 0.000402076
0.808006 0.00040089 0.791596 0.000194471
0.808158 0.000222551 0.791545 0.000307168
0.808133 0.000287684 0.791498 0.000406436
0.808088 0.000251345 0.791661 0.000268424
0.80807 0.000304605 0.791579 0.00024068
0.808152 0.000212767 0.791569 0.000293776
0.807926 0.000274549 0.791359 0.00040309
0.80795 0.000248384 0.791417 0.000365011
0.80807 0.000340411 0.791592 0.00019295
0.807986 0.000346876 0.791337 0.000322487
0.807964 0.000380545 0.791552 0.000402308
0.807831 0.000359144 0.79144 0.000418713
0.808091 0.000243654 0.791331 0.00028736
0.808179 0.000306308 0.791532 0.000319757
0.807938 0.000232133 0.791482 0.000299722
0.80809 0.000252167 0.791415 0.000430277
0.807898 0.000341824 0.791334 0.000400971
0.807802 0.000331228 0.791207 0.000493726
0.807981 0.00027308 0.791374 0.000302389
0.807898 0.000360613 0.79137 0.000374343
0.808039 0.000190319 0.791434 0.000276644
0.807898 0.000293462 0.791137 0.000466749
0.807888 0.000364922 0.791301 0.000340359
0.807763 0.000203318 0.791241 0.000465717
0.807751 0.000422183 0.791372 0.000355126
0.807627 0.000429153 0.791093 0.000317164
0.807974 0.000141614 0.791261 0.000423528
0.807941 0.000421772 0.791106 0.000418776
0.807822 0.000325001 0.791066 0.000481918
0.807902 0.000407892 0.791121 0.000479487
0.807783 0.000203867 0.790816 0.000301059
0.807973 0.000370451 0.791192 0.000334545
0.807911 0.000341739 0.791058 0.000351169
0.807955 0.000221258 0.791072 0.000477517
0.807595 0.000414655 0.790905 0.000375837
0.807783 0.000238699 0.791029 0.000472677
0.807658 0.000465677 0.791182 0.000306356
0.807671 0.000420695 0.791166 0.000426863
0.807891 0.000304403 0.791172 0.000615933
0.807782 0.000368977 0.791171 0.00054785
0.807834 0.0002716 0.790834 0.000332156
0.807591 0.000326966 0.790638 0.000280595
0.807743 0.00027136 0.790781 0.000542922
0.807763 0.000575106 0.790911 0.000503471
0.807667 0.000342704 0.790683 0.000334022
0.80757 0.00023603 0.790656 0.00028985
0.807517 0.00031848 0.790699 0.000357651
0.807568 0.000222243 0.790754 0.000364233
