0.946088 0.00635795 0.936573 0.00612486
0.931555 0.00554913 0.922685 0.00527831
0.933782 0.00851399 0.924854 0.00814054
0.930481 0.00539767 0.921746 0.0051615
0.929333 0.00617598 0.920683 0.00592543
0.926777 0.00122345 0.918248 0.00114682
0.924235 0.00213725 0.915822 0.00204551
0.92178 0.0027584 0.913458 0.00265784
0.910677 0.0118374 0.902791 0.0113868
0.901052 0.0133811 0.893531 0.0128808
0.897676 0.0204292 0.890339 0.0196086
0.875081 0.0201691 0.868665 0.019254
0.871259 0.0168396 0.865075 0.0160104
0.870817 0.022766 0.864746 0.02169
0.854622 0.00762277 0.849352 0.00719224
0.853323 0.00627421 0.848172 0.00582716
0.850718 0.00351647 0.845721 0.00325306
0.850699 0.00397378 0.845732 0.00365832
0.847852 0.00019198 0.843184 0.00021897
0.848093 0.000404848 0.843365 0.000401959
0.847733 0.000115968 0.843095 8.3016e-05
0.847774 0.000202557 0.843138 0.000189213
0.847681 4.96857e-05 0.843087 7.53059e-05
0.847636 4.4416e-05 0.843052 4.25661e-05
0.847653 3.10775e-05 0.843067 6.90635e-05
0.847643 2.96595e-05 0.843032 5.13851e-05
0.847668 2.54563e-05 0.84301 1.06222e-05
0.847656 2.60221e-05 0.843026 3.59165e-05
0.847667 1.89693e-05 0.843016 2.1098e-05
0.847665 1.74893e-05 0.843003 1.31534e-05
0.847672 1.52261e-05 0.842998 1.75795e-05
0.847671 1.14278e-05 0.842984 1.98283e-05
0.847675 1.28682e-05 0.842968 1.83185e-05
0.847679 2.12187e-05 0.842947 2.71525e-05
0.847674 1.8928e-05 0.84292 3.6717e-05
0.847658 1.80601e-05 0.842875 3.97079e-05
0.847634 2.07631e-05 0.842832 7.70977e-05
0.847589 3.36845e-05 0.842709 9.565e-05
0.847584 3.97457e-05 0.842649 7.07318e-05
0.847528 3.38923e-05 0.842486 7.15723e-05
0.847488 6.39808e-05 0.842376 9.85621e-05
0.847464 3.74669e-05 0.842284 5.45654e-05
0.847348 0.000127563 0.842129 0.000130752
0.847103 0.000124342 0.841889 0.000109134
0.846892 0.000119882 0.841702 8.79489e-05
0.846483 0.000286232 0.841396 0.000233596
0.846145 0.000286166 0.841111 0.00025013
0.845721 0.000344556 0.840786 0.000292125
0.845209 0.000363729 0.840262 0.000335977
0.844927 0.000393572 0.839985 0.000290398
0.843797 0.000269118 0.838897 0.000302226
0.843381 0.000254778 0.838474 0.000287907
0.843125 0.000307783 0.838116 0.000385895
0.842401 0.000335993 0.837186 0.000492224
0.841719 0.000416616 0.836204 0.000531989
0.841319 0.000524886 0.835594 0.000707898
0.840607 0.000709209 0.834228 0.00110729
0.839394 0.000501155 0.832621 0.000709287
0.8389 0.000950629 0.831514 0.0014106
0.837162 0.000761368 0.829013 0.000994693
0.835593 0.00101851 0.827313 0.00147612
0.833212 0.00157535 0.824244 0.00181006
0.830498 0.00154602 0.820991 0.00159885
0.827382 0.000890346 0.817797 0.0010164
0.825041 0.00122512 0.815037 0.00113572
0.824017 0.000740588 0.81349 0.000650725
0.822925 0.000286215 0.812305 0.000279357
0.822451 0.000226146 0.811805 0.000243035
0.822341 0.000418866 0.811421 0.000447036
0.821755 0.000188479 0.810942 0.0002054
0.821613 0.000202788 0.8105 0.000242382
0.821464 0.000305049 0.810319 0.000331952
0.821092 0.000441799 0.809532 0.000650406
0.820926 0.000375344 0.809143 0.000651415
0.820556 0.000603895 0.808604 0.000740155
0.819797 0.000491553 0.807665 0.000615443
0.818105 0.000625549 0.806072 0.000552696
0.81755 0.000612519 0.805595 0.000548157
0.815473 0.000565053 0.803783 0.000626378
0.814625 0.000502894 0.80294 0.000367009
