0.80442 0.000706248 0.790516 0.000366041
0.80413 0.000202505 0.790196 6.31531e-05
0.804009 3.69689e-05 0.790149 1.88929e-05
0.80397 0.000337988 0.790055 0.0002351
0.804196 0.000236033 0.790201 0.000100079
0.80369 0.000369478 0.789803 0.00036222
0.803559 0.000485933 0.789648 0.000481573
0.803373 0.00030562 0.78946 0.000300564
0.803557 0.000442944 0.789635 0.000453187
0.803745 0.000336374 0.789823 0.000338111
0.803163 0.00046594 0.789215 0.000480262
0.803314 0.000482543 0.789382 0.000501434
0.803297 0.000459745 0.78935 0.000483038
0.803509 0.000454683 0.789558 0.000481222
0.803539 0.000451616 0.789579 0.000495577
0.803094 0.000406767 0.789091 0.000443303
0.803127 0.000477773 0.789109 0.000481566
0.803054 0.000385391 0.788977 0.000423122
0.803023 0.000387241 0.789005 0.000430723
0.8034 0.000467815 0.789307 0.000536952
0.803084 0.000436102 0.789002 0.000490043
0.803306 0.000466173 0.789189 0.000525246
0.80302 0.000398564 0.788959 0.000419647
0.802925 0.000334533 0.788767 0.000378691
0.803113 0.00038237 0.788958 0.000410577
0.803065 0.000297415 0.788866 0.000346746
0.803015 0.000311237 0.788812 0.000318056
0.802815 8.23188e-05 0.788584 7.16337e-05
0.803143 0.000374833 0.788863 0.000374611
0.802914 0.000112747 0.788594 9.23448e-05
0.803037 0.000275804 0.788749 0.000293986
0.802825 0.000224891 0.788531 0.000235696
0.80294 0.00019291 0.788512 0.000186636
0.802783 0.000178021 0.788443 0.000129477
0.802855 0.000115469 0.788449 0.000146714
0.802855 0.000204126 0.788444 0.000173573
0.802854 0.000188503 0.788378 0.000111337
0.802938 0.000103212 0.788423 0.000100092
0.802765 0.00023074 0.788274 0.000127122
0.802914 0.000194835 0.788363 0.000101332
0.80289 0.000126088 0.788363 0.00015586
0.802881 0.000212408 0.788282 0.000101618
0.802715 0.000322997 0.788189 0.00017572
0.802778 0.000183912 0.788236 9.35263e-05
0.802875 0.000132618 0.788344 0.000122465
0.802782 0.000356919 0.788184 0.000222881
0.802646 0.000227341 0.788109 0.000166373
0.802698 0.000406937 0.788119 0.000254305
0.802769 0.00027769 0.788191 0.000162772
0.802348 0.000429315 0.787882 0.000289231
0.802507 0.000515953 0.787991 0.00027194
0.802537 0.000279274 0.788027 0.000122841
0.802488 0.000359503 0.787973 0.000147605
0.802505 0.000295891 0.787987 0.000167678
0.802337 0.000259988 0.787872 0.000146147
0.802252 0.000328933 0.787826 0.000175465
0.802433 0.000366201 0.78788 0.000197038
0.802237 0.000356337 0.787764 0.000165106
0.802372 0.000302379 0.787802 0.0002431
0.802089 0.000321713 0.787624 0.000211334
0.802082 0.000566018 0.78761 0.000408675
0.802151 0.000428314 0.787601 0.00034908
0.801777 0.000246402 0.787328 0.000270294
0.801834 0.000457373 0.787319 0.000380017
0.801879 0.000409514 0.787389 0.000330553
0.801737 0.000335531 0.787255 0.000319482
0.801833 0.000384212 0.787406 0.000277929
0.801794 0.00044227 0.787148 0.000531208
0.801639 0.000415139 0.787066 0.000464776
0.801711 0.000592165 0.787047 0.000640904
0.801582 0.000342719 0.786907 0.000324776
0.801424 0.000482195 0.786755 0.000510457
0.801765 0.000321311 0.787061 0.000364523
0.801183 0.000630402 0.786094 0.00076802
0.80116 0.000510473 0.78629 0.00068793
0.801751 0.00034287 0.786915 0.000293937
0.801332 0.000635576 0.786421 0.000818143
0.801302 0.000416795 0.786357 0.000556329
0.801126 0.000332887 0.786045 0.000491625
0.800996 0.000661093 0.785938 0.000801205
