0.952012 0.00247552 0.942274 0.00241003
0.937788 0.00746687 0.928568 0.00717468
0.935357 0.0083146 0.92636 0.00795721
0.935086 0.0111856 0.92613 0.010704
0.928719 0.00185198 0.920055 0.00172111
0.929236 0.00306522 0.920551 0.00289115
0.928053 0.00251158 0.919399 0.0024017
0.9242 0.00132697 0.915738 0.00126508
0.921321 0.00400767 0.912939 0.00387676
0.917267 0.00912576 0.909024 0.00875656
0.908583 0.0114175 0.900696 0.0110169
0.900653 0.0199667 0.893049 0.0192195
0.891441 0.0203494 0.88429 0.0195737
0.876832 0.021861 0.870367 0.0209124
0.866281 0.0155734 0.860274 0.0148361
0.862972 0.0145498 0.857062 0.0138733
0.85415 0.0101423 0.848889 0.00962517
0.854118 0.00803368 0.848844 0.00757735
0.852795 0.0070867 0.847664 0.00655496
0.84812 0.000316057 0.843358 0.000281024
0.848583 0.00139858 0.843776 0.00129263
0.848101 0.000448951 0.843447 0.000513356
0.84786 0.000137153 0.843122 8.25541e-05
0.847857 0.000117057 0.843215 0.000179945
0.847781 5.48312e-05 0.843108 5.49826e-05
0.847818 0.000134491 0.843167 0.000147216
0.847776 4.65425e-05 0.843147 0.000107479
0.84775 5.90437e-05 0.84307 1.72603e-05
0.847748 4.9328e-05 0.843091 5.13619e-05
0.847753 2.52446e-05 0.843074 2.48139e-05
0.847748 2.75221e-05 0.843061 3.53249e-05
0.84773 3.3306e-05 0.84304 1.61493e-05
0.847753 3.19146e-05 0.843048 2.46377e-05
0.847761 1.89778e-05 0.843041 2.60793e-05
0.847756 1.63057e-05 0.843012 1.64109e-05
0.847758 1.49297e-05 0.843009 2.49395e-05
0.847761 8.98264e-06 0.842974 2.41354e-05
0.847756 1.39946e-05 0.84296 2.20262e-05
0.847742 1.95873e-05 0.842901 4.76939e-05
0.847736 1.14043e-05 0.842849 4.40382e-05
0.8477 2.86875e-05 0.842734 5.85061e-05
0.84767 3.3734e-05 0.842663 8.13888e-05
0.847593 6.0941e-05 0.842535 0.000117814
0.847577 6.5842e-05 0.842438 8.18863e-05
0.847521 0.000107845 0.842321 0.000128129
0.847447 8.30581e-05 0.842188 9.79374e-05
0.847286 0.000117952 0.842003 0.000114246
0.847128 0.000185572 0.841853 0.000187336
0.846818 0.000241424 0.841567 0.000180156
0.846277 0.000161661 0.841117 0.000140141
0.845867 0.000155504 0.840769 0.000159382
0.845727 0.000716679 0.840614 0.000600636
0.84484 0.000395456 0.839792 0.000369125
0.844165 0.000254133 0.839094 0.000277481
0.843695 0.000434912 0.838517 0.000404999
0.843084 0.000264024 0.837946 0.000384618
0.842582 0.000500904 0.837251 0.00062787
0.842199 0.000349592 0.836525 0.000468021
0.841517 0.000250531 0.835569 0.000368564
0.840921 0.000681142 0.834807 0.000866958
0.83987 0.000916087 0.833056 0.00126333
0.838655 0.000639249 0.831294 0.00100012
0.837208 0.000547354 0.829282 0.000789095
0.8359 0.00129314 0.827396 0.00163374
0.833727 0.00102753 0.824833 0.00146045
0.8318 0.00118503 0.822436 0.00156568
0.82858 0.00111769 0.818843 0.00122694
0.826025 0.00099752 0.815835 0.00115716
0.824919 0.000804758 0.8144 0.000648237
0.823463 0.000270407 0.812785 0.000248441
0.822847 0.000562516 0.812115 0.000527099
0.822514 0.000396439 0.811527 0.000359713
0.821845 0.000328253 0.810827 0.00033539
0.821541 0.000215117 0.810389 0.000365709
0.821375 0.000295081 0.809857 0.000404779
0.82094 0.000381044 0.809397 0.000439339
0.820703 0.000475789 0.808867 0.000583697
0.819802 0.000592503 0.807791 0.000625541
0.818754 0.000279155 0.806664 0.000218111
0.817869 0.000703994 0.805884 0.000725615
