0.808115 0.00021076 0.79183 0.00011416
0.808112 0.000210175 0.791929 0.000161
0.808093 0.000204833 0.791875 0.000147994
0.808004 0.0001431 0.791813 0.000168599
0.808023 0.000149535 0.79187 0.000189591
0.807991 0.000309005 0.791866 0.000198616
0.808107 0.000252975 0.791758 0.000217279
0.808063 0.000329272 0.791856 0.000119957
0.808088 0.000273265 0.791766 0.000210275
0.808045 0.000380662 0.791893 0.000111321
0.808155 0.000166677 0.791848 0.000119451
0.808036 0.000311486 0.791637 0.000230674
0.807992 0.000257419 0.791563 0.000204921
0.807879 0.000246753 0.79174 0.000208811
0.807819 0.000165414 0.791745 0.000115416
0.80806 0.000344796 0.791852 0.000185505
0.807933 0.000299958 0.791556 0.000272254
0.808033 0.000203997 0.791662 0.000203333
0.80784 0.000205512 0.791596 0.000318762
0.807767 0.000242117 0.791701 0.000272637
0.807877 0.000170421 0.791646 0.000193257
0.808017 0.000267602 0.791591 0.000225036
0.80802 0.000314814 0.791609 0.00028099
0.807747 0.000288679 0.791443 0.00020786
0.807779 0.000218462 0.791478 0.000245177
0.807766 0.000238779 0.791648 0.000345396
0.80766 0.000280592 0.791475 0.000242496
0.807878 0.000464569 0.791382 0.000301318
0.807801 0.000270879 0.79158 0.000230133
0.80773 0.000302682 0.791342 0.00027297
0.807868 0.000162195 0.791412 0.000189784
0.807804 0.00028413 0.791375 0.000275703
0.807816 0.000320294 0.791202 0.00030175
0.807886 0.00023928 0.791266 0.000300083
0.8079 0.000328389 0.791356 0.000285982
0.807839 0.000405377 0.79127 0.000371366
0.807694 0.000325042 0.79139 0.000322055
0.807708 0.000318868 0.791381 0.000277963
0.80779 0.000360972 0.791487 0.00039757
0.80785 0.000279262 0.791228 0.000247415
0.807592 0.000208981 0.791462 0.000349599
0.807881 0.000243855 0.791262 0.000239741
0.80799 0.000298858 0.791357 0.000248667
0.807657 0.000423032 0.791023 0.000312903
0.807576 0.000461066 0.791101 0.000410195
0.807594 0.000252816 0.791112 0.000246986
0.807722 0.000295344 0.791195 0.000346873
0.807668 0.000363074 0.790932 0.000306522
0.807716 0.000169607 0.791232 0.000384114
0.807489 0.000304086 0.79118 0.000318311
0.807777 0.000253461 0.791252 0.000380398
0.807625 0.000332464 0.791129 0.00035233
0.807602 0.000382963 0.791129 0.00052909
0.80754 0.00025947 0.790926 0.000224239
0.807717 0.000311232 0.79087 0.000416929
0.807491 0.000422279 0.791025 0.000401694
0.807698 0.000361821 0.790982 0.000280958
0.807673 0.000331426 0.791013 0.00033244
0.807536 0.000249842 0.791021 0.000445417
0.807494 0.000332205 0.7909 0.000352357
0.807537 0.000320559 0.790815 0.000239152
0.807524 0.000343019 0.790684 0.000244197
0.80764 0.00013748 0.790613 0.000293023
0.807565 0.00018048 0.79081 0.000408247
0.807378 0.000275527 0.790754 0.000516301
0.807806 0.000267736 0.790822 0.00026976
0.807633 0.000358101 0.790829 0.000452377
0.807547 0.000253455 0.790929 0.000413005
0.807656 0.000235214 0.790616 0.000272502
0.807738 0.000274384 0.790605 0.00031933
0.807465 0.000346968 0.790915 0.000479685
0.807541 0.000361579 0.790625 0.000302126
0.807675 0.000504583 0.790676 0.000374425
0.807571 0.000301554 0.790684 0.000319468
0.807486 0.000443013 0.79048 0.000277498
0.807441 0.000216413 0.790526 0.000322505
0.807622 0.000324693 0.790775 0.000543739
0.807624 0.000391168 0.790641 0.000288861
0.807391 0.000204989 0.790543 0.000217319
0.807642 0.000145958 0.790529 0.000210363
