0.968842 0.000945634 0.958102 0.00107397
0.969157 0.00103969 0.958668 0.00126957
0.968757 0.000605343 0.958052 0.000655758
0.96856 0.000582009 0.957841 0.000601319
0.968814 0.000854232 0.958132 0.000992981
0.968772 0.000596264 0.958164 0.000882581
0.968699 0.000915987 0.958186 0.0010752
0.968688 0.00119656 0.958305 0.00177095
0.968636 0.000984048 0.95809 0.0013688
0.968985 0.00118115 0.958646 0.00198268
0.969036 0.00148992 0.958553 0.0019643
0.968613 0.000862766 0.957863 0.000958721
0.968977 0.00130151 0.958625 0.00174252
0.969164 0.00141003 0.959023 0.00203025
0.969054 0.00152649 0.95879 0.00243012
0.968495 0.000801661 0.957868 0.000894768
0.969097 0.0012972 0.958769 0.00173097
0.968311 0.00033371 0.957764 0.000494608
0.968829 0.000858172 0.958418 0.00115763
0.968438 0.000411429 0.957896 0.00041747
0.969585 0.00121848 0.959352 0.00166187
0.968897 0.000863875 0.958432 0.000984563
0.96881 0.000838648 0.958299 0.0011053
0.969013 0.000995786 0.958529 0.00111628
0.968613 0.000712404 0.958292 0.00108182
0.968461 0.000589317 0.957959 0.000778515
0.968533 0.000814237 0.958064 0.00101157
0.968987 0.00161443 0.958628 0.0025424
0.968968 0.00094599 0.958853 0.00138328
0.96911 0.00152694 0.958902 0.0018699
0.968457 0.000507574 0.958149 0.000526648
0.968609 0.00096126 0.958395 0.00146944
0.969296 0.00118726 0.959214 0.00160713
0.968816 0.00127791 0.958617 0.00173258
0.968435 0.000559729 0.957945 0.000618415
0.968581 0.000674045 0.958206 0.00092317
0.968488 0.000370084 0.958068 0.000552204
0.968365 0.000395555 0.957991 0.000732718
0.968319 0.000367592 0.958045 0.000458977
0.968493 0.00050629 0.958092 0.000676142
0.9682 0.000352637 0.958162 0.000649008
0.968466 0.000647551 0.958135 0.000754379
0.969025 0.00093756 0.958775 0.00118595
0.968436 0.000450875 0.958262 0.000550301
0.968397 0.000578256 0.958118 0.000623474
0.968359 0.000693336 0.957991 0.00105237
0.968379 0.000498136 0.958238 0.0006004
0.968717 0.00110237 0.958738 0.00153033
0.968559 0.000620352 0.958193 0.000869681
0.968112 0.000474845 0.958101 0.00046414
0.968997 0.00116286 0.958807 0.00151014
0.968531 0.000649797 0.958306 0.00108464
0.968468 0.000648655 0.958141 0.000819137
0.968261 0.000467326 0.957984 0.000537082
0.968493 0.000648416 0.958214 0.000906174
0.968707 0.000831171 0.958623 0.00102402
0.968517 0.000368823 0.958481 0.000638301
0.968279 0.0006704 0.958525 0.00118061
0.968364 0.000448354 0.958251 0.000721419
0.968188 0.000279138 0.958035 0.000521394
0.968329 0.000648824 0.958043 0.000764498
0.968555 0.000612816 0.958714 0.00108244
0.968401 0.000481729 0.958565 0.000531271
0.96841 0.000433804 0.958562 0.000656759
0.96855 0.000541105 0.958303 0.000801588
0.968675 0.000685128 0.958385 0.00111676
0.968331 0.000508052 0.958426 0.00100393
0.968319 0.000373137 0.95809 0.000621393
0.968554 0.000668986 0.958578 0.00122814
0.968325 0.000429426 0.958415 0.000670292
0.96822 0.000417794 0.958058 0.000561195
0.968283 0.000463872 0.958263 0.0010056
0.968262 0.000283088 0.957949 0.000333087
0.96849 0.000536788 0.957846 0.000645745
0.968337 0.000364147 0.957761 0.000453214
0.96861 0.000526621 0.958919 0.00082295
0.968571 0.00031384 0.958677 0.00113163
0.968516 0.000476637 0.958154 0.000753857
0.968341 0.000813857 0.958656 0.00112991
0.968192 0.000389826 0.958134 0.00055631
