0.958358 0.000458648 0.955666 0.000909747
0.959852 0.00070291 0.956159 0.000554312
0.959802 0.000883062 0.956519 0.000654763
0.960053 0.000874428 0.956722 0.000597137
0.960219 0.000544738 0.956588 0.000442511
0.960039 0.000443013 0.956933 0.000494656
0.960234 0.0009705 0.956751 0.000563775
0.96003 0.000694838 0.957206 0.000407173
0.960114 0.000845757 0.957346 0.000403198
0.960048 0.000950391 0.95733 0.000548337
0.96 0.000508075 0.957386 0.000405274
0.960083 0.000837645 0.957284 0.000452466
0.960453 0.000874504 0.957083 0.000523624
0.960076 0.000523752 0.957341 0.000413456
0.960072 0.00123802 0.957303 0.000363063
0.959995 0.000726125 0.957564 0.000419819
0.96015 0.000937594 0.957515 0.00048792
0.959925 0.000790494 0.957574 0.000395327
0.959935 0.000558243 0.957118 0.000518823
0.959924 0.000675349 0.957582 0.000414786
0.959862 0.000523958 0.957657 0.000400857
0.959796 0.00103519 0.957671 0.000418866
0.959773 0.00103934 0.957431 0.000462157
0.960269 0.000529152 0.957694 0.000362271
0.95965 0.000667715 0.957838 0.000301481
0.960186 0.000532355 0.957716 0.000405741
0.959829 0.000587685 0.957849 0.000345994
0.960079 0.000541646 0.957657 0.000437223
0.960194 0.00101827 0.957855 0.000485503
0.960117 0.000905676 0.957743 0.00052006
0.96013 0.000776943 0.95779 0.000353931
0.959738 0.000607864 0.957986 0.000445672
0.960282 0.00100992 0.957982 0.00042483
0.960411 0.000381835 0.957769 0.000392917
0.959731 0.0011173 0.957758 0.000397804
0.960133 0.000777392 0.957724 0.000479712
0.960178 0.00060446 0.95778 0.000323833
0.960084 0.000830991 0.958022 0.000416769
0.959839 0.000608378 0.957979 0.00030423
0.95986 0.000490024 0.958036 0.000428554
0.960134 0.000825946 0.958035 0.000416875
0.960011 0.000687517 0.957815 0.000613151
0.959833 0.000551127 0.958128 0.000257407
0.959807 0.000756965 0.957973 0.000206689
0.959588 0.000498342 0.958052 0.000343012
0.959678 0.00065316 0.957873 0.000716048
0.959685 0.000957188 0.958015 0.000329451
0.960044 0.000626275 0.958156 0.00039036
0.960158 0.00037432 0.958071 0.000583144
0.960415 0.000986438 0.95799 0.000408747
0.959858 0.00097838 0.958048 0.000441588
0.959835 0.000710387 0.958262 0.000396515
0.960135 0.000543643 0.958272 0.000350522
0.960298 0.000964031 0.958235 0.000318173
0.9601 0.000543139 0.958311 0.000256081
0.959555 0.000554776 0.958306 0.000402515
0.960204 0.000846208 0.958351 0.00033682
0.959885 0.000688761 0.958108 0.000426561
0.960313 0.000729923 0.958063 0.000481336
0.960052 0.000438005 0.958005 0.000427489
0.959743 0.000806608 0.95829 0.000359776
0.959641 0.000756292 0.958407 0.000357196
0.960239 0.000738298 0.958198 0.000429338
0.960083 0.000628854 0.958387 0.000278227
0.960169 0.000567422 0.958152 0.000392828
0.960188 0.000806518 0.958366 0.000308643
0.959999 0.000790914 0.958062 0.000639671
0.960191 0.000693147 0.958363 0.000299628
0.96036 0.00101078 0.958467 0.000317739
0.960062 0.00078385 0.958272 0.000575988
0.96044 0.00118397 0.958289 0.000572438
0.959691 0.000801957 0.958468 0.000348901
0.959722 0.000462876 0.95846 0.000416558
0.960144 0.000663828 0.958062 0.000597479
0.959771 0.000894077 0.958267 0.000394762
0.960443 0.000570389 0.958322 0.000526131
0.960376 0.000870646 0.958512 0.000491915
0.960142 0.000929003 0.958473 0.000331978
0.9606 0.000978301 0.958245 0.000532778
0.960418 0.000499052 0.958502 0.000395399
0.959821 0.000717939 0.958517 0.000222117
0.95929 0.000898192 0.958876 0.000377244
0.96037 0.000761136 0.958361 0.000446945
0.960671 0.000776915 0.958415 0.000354948
0.959903 0.000318354 0.958404 0.000505102
0.960744 0.000946779 0.958505 0.000371014
0.960354 0.000616465 0.95821 0.000524952
0.960569 0.000737207 0.958449 0.000667507
0.960104 0.000557414 0.95842 0.000321845
0.960573 0.000915133 0.958354 0.000526068
0.960687 0.0013781 0.958395 0.000416356
0.96027 0.000634613 0.958594 0.000449615
0.960241 0.000569282 0.958272 0.000428295
0.959929 0.000431656 0.958654 0.000293466
0.959805 0.000476129 0.958751 0.000406781
0.96073 0.000804011 0.958736 0.000495064
0.960316 0.00105366 0.958638 0.000468385
0.960243 0.000870837 0.958849 0.000317985
0.960309 0.000956314 0.958643 0.00045146
0.960545 0.00116166 0.958885 0.000528967
