0.796488 0.000486003 0.791675 0.000550859
0.797076 0.000582038 0.792402 0.000389745
0.797409 0.000505475 0.792563 0.000298984
0.797373 0.000317948 0.792762 0.000227922
0.797281 0.00046051 0.792819 0.000223095
0.797325 0.00042425 0.792957 0.000338062
0.796984 0.000555994 0.793283 0.000569899
0.797432 0.000459791 0.793364 0.000392471
0.797513 0.000535266 0.79316 0.000275406
0.79735 0.000316997 0.793161 0.000292592
0.797274 0.000483695 0.793448 0.00043285
0.797567 0.000371106 0.793314 0.000442241
0.79725 0.000531422 0.793611 0.000425871
0.797621 0.000871982 0.793894 0.0005316
0.797339 0.000581739 0.79367 0.000364463
0.797362 0.00072974 0.793921 0.000679489
0.797083 0.000468476 0.793808 0.000452796
0.797075 0.000510447 0.794017 0.000436953
0.797331 0.000791502 0.794126 0.000510048
0.79762 0.000742976 0.794208 0.00048348
0.797233 0.000395865 0.794411 0.000529639
0.797175 0.000556981 0.794359 0.000434792
0.797613 0.000530006 0.794261 0.000361879
0.797242 0.000526073 0.794384 0.000359391
0.797431 0.000355744 0.794535 0.000565323
0.79732 0.00064126 0.794343 0.000260782
0.797374 0.000300402 0.794371 0.000376762
0.797312 0.00071918 0.794529 0.000379998
0.797174 0.000350215 0.794626 0.000366009
0.797351 0.000380279 0.794645 0.000321714
0.797754 0.000400476 0.794906 0.000291362
0.797262 0.00064424 0.794846 0.000491354
0.797413 0.000640503 0.795033 0.000477148
0.797495 0.000684058 0.794659 0.000356042
0.797768 0.000667369 0.794869 0.000605764
0.797969 0.000546723 0.795169 0.000527216
0.79778 0.000262643 0.795051 0.000642072
0.797583 0.000851403 0.795126 0.000310872
0.797662 0.000711025 0.794887 0.000658793
0.797529 0.000778058 0.795011 0.000333868
0.797635 0.00058519 0.795409 0.000477605
0.797594 0.000548394 0.795293 0.000354243
0.797767 0.000666375 0.795258 0.000512554
0.797525 0.000675144 0.795359 0.000300771
0.797704 0.000790317 0.795432 0.000372353
0.797862 0.000466166 0.795464 0.000220663
0.798337 0.000590823 0.795578 0.000509663
0.797741 0.000750709 0.795415 0.00037567
0.797586 0.000307809 0.795658 0.000430064
0.798171 0.00072166 0.795533 0.000555035
0.798293 0.000911705 0.795346 0.000368745
0.797879 0.00056393 0.795597 0.000625777
0.797923 0.000715044 0.795772 0.000488781
0.798486 0.000907687 0.79598 0.000496827
0.798938 0.000731068 0.795937 0.000315473
0.797973 0.000718874 0.795862 0.000388998
0.79801 0.000760914 0.795903 0.000655582
0.798085 0.000689114 0.795926 0.000661688
0.798177 0.00051189 0.796092 0.000618346
0.798086 0.00073608 0.796024 0.000885
0.79838 0.000597314 0.796244 0.000216821
0.798397 0.000634496 0.795915 0.000373287
0.79857 0.00074026 0.796301 0.000630353
0.798451 0.000799532 0.796705 0.000794007
0.798586 0.000637982 0.796328 0.000385309
0.798593 0.000970752 0.796444 0.000391239
0.798712 0.000725641 0.796669 0.000533911
0.799026 0.000988132 0.796203 0.00062851
0.79828 0.000805177 0.796689 0.000488676
0.798965 0.00047168 0.796301 0.000444414
0.798864 0.000843118 0.796223 0.000652744
0.798518 0.00101915 0.796353 0.000542298
0.798783 0.00055243 0.797019 0.000519981
0.799025 0.000798596 0.796666 0.000814784
0.799249 0.00114275 0.796779 0.000672363
0.798977 0.00106339 0.796918 0.000463279
0.798887 0.000935843 0.796946 0.000620996
0.799063 0.000852503 0.797239 0.000552332
0.799312 0.00093505 0.797295 0.000795156
0.798979 0.000695005 0.796939 0.00064328
0.799457 0.000869034 0.797046 0.000809217
0.799149 0.000869489 0.797174 0.000646785
0.799769 0.000705796 0.797297 0.000541762
0.799396 0.00113324 0.797162 0.000786345
0.799894 0.000912064 0.797453 0.000686932
0.799448 0.000727874 0.797464 0.000545309
0.799522 0.00120157 0.79723 0.000534449
0.799915 0.00136783 0.797366 0.000814872
0.799749 0.000612039 0.797358 0.000751654
0.800052 0.0013538 0.798235 0.000796551
0.799809 0.00115549 0.797777 0.000886909
0.800406 0.0010979 0.797866 0.000469048
0.800401 0.00108639 0.797786 0.000721419
0.800177 0.000637786 0.798404 0.000704375
0.799737 0.00084428 0.798039 0.000760156
0.800256 0.00128658 0.79813 0.000639133
0.800212 0.00107017 0.798598 0.000629546
0.799925 0.00105053 0.798284 0.000908796
0.8007 0.00110587 0.798575 0.000749937
0.800121 0.00166578 0.798095 0.000849771
