0.967023 0.000335156 0.956561 0.000404871
0.967147 0.000287298 0.956473 0.000481245
0.966876 0.00040473 0.956573 0.000549362
0.967112 0.000261318 0.956304 0.000498078
0.967135 0.000218519 0.956443 0.000533073
0.966925 0.00030125 0.956489 0.000338247
0.967088 0.000360806 0.956483 0.000405644
0.967046 0.000195257 0.956418 0.000732024
0.966865 0.000285071 0.956558 0.000353541
0.966858 0.00031744 0.956588 0.000525179
0.967008 0.000198295 0.956531 0.00046681
0.967018 0.000317091 0.956445 0.000618887
0.966913 0.000316998 0.956542 0.000513951
0.966993 0.000162943 0.956374 0.000560685
0.966873 0.000273391 0.956355 0.000432208
0.966927 0.000218092 0.956289 0.000481284
0.96692 0.00037318 0.956312 0.000471727
0.96694 0.000424824 0.956437 0.000623977
0.966975 0.000337176 0.956123 0.000374758
0.966747 0.000351627 0.956154 0.000396041
0.966901 0.000226454 0.956308 0.000567081
0.966913 0.000548921 0.956078 0.000665908
0.966948 0.000256422 0.956216 0.000545394
0.966941 0.000292882 0.956015 0.000380776
0.966873 0.000335172 0.955873 0.000608918
0.966972 0.00032201 0.956373 0.000546541
0.966914 0.000297775 0.956205 0.000646766
0.966867 0.000202069 0.95617 0.000492169
0.966773 0.000483587 0.95606 0.000455684
0.966675 0.00024135 0.955931 0.000330842
0.966699 0.000445755 0.955774 0.000488486
0.966748 0.00038921 0.955832 0.000354813
0.96676 0.000409842 0.955938 0.000494733
0.966483 0.000413329 0.955985 0.000552999
0.966711 0.000442512 0.955887 0.000501572
0.966566 0.000475812 0.955776 0.000420292
0.966769 0.000482767 0.955953 0.000734311
0.966818 0.000281036 0.955986 0.000790454
0.966525 0.000606069 0.955845 0.000424946
0.966557 0.000355828 0.955906 0.000551127
0.966434 0.00032057 0.956052 0.00052018
0.966274 0.000419943 0.955978 0.000410623
0.966611 0.000403748 0.955808 0.000552767
0.966551 0.000480697 0.955896 0.000684795
0.966627 0.000543373 0.955911 0.000508125
0.966234 0.000547764 0.955526 0.000516384
0.966584 0.000366321 0.955909 0.000377051
0.96634 0.000488349 0.955459 0.000607063
0.966417 0.000311539 0.955506 0.000522602
0.966462 0.000497417 0.955709 0.000547239
0.966354 0.000327722 0.955131 0.000561899
0.966365 0.000390424 0.955737 0.000463924
0.966331 0.00039571 0.955456 0.000502129
0.966756 0.000530982 0.955847 0.000668791
0.96626 0.000313247 0.955588 0.000447853
0.966423 0.000399193 0.955583 0.000681683
0.966576 0.000674089 0.955979 0.000604483
0.966131 0.000607174 0.95547 0.000395766
0.966135 0.000267222 0.955414 0.000358675
0.966271 0.00047451 0.955455 0.000362715
0.965961 0.000420628 0.9555 0.000524912
0.96623 0.00037209 0.955452 0.000435111
0.966361 0.000484524 0.955222 0.000379856
0.966206 0.000644934 0.95536 0.000679416
0.966209 0.00038056 0.955067 0.000234601
0.966037 0.000436733 0.954954 0.000682097
0.966044 0.000422486 0.955149 0.000421868
0.966234 0.000657187 0.955483 0.000699478
0.96573 0.000582218 0.955174 0.000425218
0.965701 0.000430892 0.955145 0.000502367
0.965803 0.000460693 0.95473 0.000478943
0.965779 0.000527587 0.954829 0.000295635
0.965988 0.000552573 0.955421 0.00095494
0.965863 0.000446551 0.954725 0.000303363
0.965805 0.000631437 0.954886 0.000576848
0.965949 0.000445155 0.955274 0.000376208
0.965909 0.000834866 0.955106 0.000713587
0.965626 0.000627413 0.954997 0.00053683
0.965739 0.000816434 0.954717 0.000539424
0.965732 0.000733702 0.955237 0.000904562
