0.808505 0.000228533 0.792452 0.000241455
0.808314 0.000296796 0.792634 0.000354593
0.808662 0.000216528 0.79254 0.000256529
0.808486 0.000222395 0.792642 0.000335093
0.808485 0.000227759 0.792604 0.000224954
0.808367 0.000350542 0.792551 0.000215165
0.808416 0.000268015 0.792705 0.000321303
0.808505 0.000272415 0.792599 0.000263438
0.808517 0.000371978 0.792595 0.0003336
0.808471 0.000232928 0.792384 0.000240534
0.808538 0.000278331 0.792444 0.00032373
0.808342 0.000418361 0.792663 0.000345415
0.808419 0.000229006 0.792482 0.000212721
0.808496 0.000335157 0.792502 0.000450956
0.80845 0.000154817 0.792406 0.000400419
0.808336 0.000194865 0.792567 0.000379882
0.808478 0.000346961 0.792466 0.000219758
0.808539 0.000434219 0.79236 0.000342742
0.808384 0.000317106 0.792377 0.000267841
0.8085 0.000203915 0.7923 0.000169585
0.80837 0.000317991 0.792265 0.000288382
0.808542 0.000358351 0.792342 0.000282226
0.808465 0.000278543 0.792306 0.000226745
0.808341 0.000283861 0.7924 0.000467949
0.808469 0.000196001 0.792372 0.000300921
0.808428 0.000290948 0.792191 0.000148002
0.808536 0.000389492 0.792325 0.000240412
0.808402 0.000156304 0.792222 0.000278072
0.808317 0.000353269 0.792312 0.000315062
0.808279 0.00039102 0.792275 0.000161382
0.808575 0.000360558 0.792263 0.000210799
0.808503 0.000199159 0.792308 0.000252222
0.808391 0.000314237 0.792161 0.000311335
0.808195 0.000266073 0.792286 0.000237307
0.80824 0.000325085 0.792251 0.000194479
0.808421 0.000240059 0.792138 0.000325585
0.808441 0.000206183 0.792234 0.000288424
0.808665 0.000240643 0.792349 0.000329167
0.808382 0.000275677 0.792257 0.000277963
0.808461 0.00028597 0.792368 0.000339677
0.808414 0.000277268 0.792161 0.000169667
0.808338 0.000327909 0.792086 0.000318574
0.808294 0.000405178 0.792357 0.000369424
0.808353 0.000205003 0.792138 0.000135037
0.808521 0.000287065 0.792009 0.000123523
0.808344 0.000235849 0.792257 0.000274049
0.808477 0.000256933 0.792114 0.0003474
0.808267 0.000224377 0.791943 0.000196079
0.808419 0.000214919 0.792189 0.000331419
0.80839 0.000330596 0.792183 0.000333552
0.808244 0.000313975 0.791978 0.000163924
0.808282 0.000295767 0.792224 0.000377935
0.808392 0.000312647 0.792148 0.00025667
0.808236 0.000225685 0.792045 0.000285869
0.808417 0.000361427 0.792254 0.000129852
0.808239 0.000378802 0.792046 0.000285877
0.80813 0.000259343 0.792081 0.000292158
0.808303 0.000242904 0.792009 0.000484485
0.808271 0.00044862 0.792086 0.000217205
0.808362 0.00020549 0.791958 0.000262453
0.808286 0.000295985 0.791921 0.000195496
0.808206 0.000328306 0.792136 0.000422231
0.80846 0.000216407 0.792224 0.000337988
0.808208 0.000205848 0.792132 0.00027104
0.808569 0.000315838 0.792146 0.000209625
0.808118 0.000341343 0.792086 0.000421842
0.808286 0.000296452 0.792055 0.000290205
0.808218 0.000280019 0.792036 0.000337361
0.808178 0.000371172 0.792103 0.000240941
0.808169 0.000422637 0.792041 0.000265753
0.808276 0.00029057 0.792148 0.000462712
0.80816 0.000343887 0.791871 0.000352573
0.808219 0.00039046 0.792001 0.000264704
0.808132 0.000471394 0.792006 0.000427243
0.808394 0.000368575 0.792156 0.000371281
0.808033 0.000260097 0.792036 0.000334253
0.808041 0.000488408 0.791997 0.000312383
0.808393 0.000460562 0.791957 0.000347661
0.80786 0.000276947 0.791967 0.000326044
0.808126 0.000325086 0.791902 0.000254379
