0.945995 0.00554748 0.936489 0.0053538
0.934059 0.0101794 0.925108 0.009751
0.934435 0.00936301 0.925466 0.00897453
0.930087 0.00378582 0.921278 0.00354118
0.927238 7.25931e-05 0.918622 6.19418e-05
0.926869 0.00276441 0.918245 0.00261842
0.925111 0.00166848 0.916592 0.00157602
0.91845 0.00539006 0.910147 0.00516035
0.9085 0.0100126 0.90062 0.00958736
0.894678 0.0159108 0.887315 0.01528
0.889066 0.0202443 0.882048 0.0193695
0.867286 0.019156 0.861165 0.0182713
0.869096 0.0207572 0.862927 0.0197294
0.857655 0.011696 0.852134 0.011129
0.854689 0.0104876 0.849279 0.00983833
0.852526 0.00824255 0.847389 0.00772058
0.8482 0.00050164 0.843326 0.000409935
0.848201 0.000858135 0.843407 0.000802371
0.848164 0.000568587 0.843423 0.000487425
0.847754 8.21114e-05 0.84311 8.61437e-05
0.847888 0.000170113 0.843174 0.000143329
0.847718 4.92117e-05 0.843074 6.03578e-05
0.847724 6.41941e-05 0.843092 7.9818e-05
0.847729 3.81466e-05 0.843051 1.71984e-05
0.847702 5.77906e-05 0.843094 7.23705e-05
0.847702 2.27966e-05 0.84306 2.70121e-05
0.847734 1.8746e-05 0.843066 2.882e-05
0.847727 4.32075e-05 0.84306 2.9277e-05
0.84776 6.48598e-05 0.84306 6.12123e-05
0.847746 6.67367e-05 0.843075 4.99055e-05
0.84774 6.16304e-05 0.843027 5.69811e-05
0.847722 1.45107e-05 0.843006 1.59211e-05
0.847761 3.51349e-05 0.842996 3.30695e-05
0.847752 4.22756e-05 0.842976 4.73973e-05
0.847772 6.14637e-05 0.842981 7.93982e-05
0.84776 9.51851e-05 0.842941 8.2732e-05
0.847746 5.13145e-05 0.842873 5.94552e-05
0.84769 5.5311e-05 0.84274 5.59273e-05
0.847669 5.2057e-05 0.842684 8.30062e-05
0.84765 9.99182e-05 0.842559 0.000116598
0.84757 5.46324e-05 0.842369 8.21529e-05
0.847571 7.19051e-05 0.842345 9.9374e-05
0.847423 0.000112705 0.842141 0.000122178
0.847218 9.96659e-05 0.841951 0.00010314
0.847061 0.000180379 0.841833 0.000187583
0.846668 0.000220035 0.841472 0.00020154
0.846261 0.000224044 0.841149 0.000203291
0.84577 0.000304892 0.840752 0.000258184
0.845349 0.000561085 0.840337 0.000531177
0.844886 0.000456551 0.839886 0.000473308
0.844402 0.000390857 0.83941 0.000384828
0.843418 0.000329947 0.838305 0.000380478
0.843044 0.000340483 0.837893 0.000434479
0.842425 0.000155636 0.837046 0.000204555
0.841987 0.000312936 0.836264 0.00038726
0.841479 0.000312993 0.835405 0.000344411
0.840717 0.000735645 0.834221 0.00105753
0.839678 0.000719294 0.832538 0.000941756
0.838824 0.000718969 0.83128 0.00102769
0.8369 0.000610592 0.82884 0.000754498
0.834984 0.000868794 0.826219 0.00113113
0.832864 0.00108169 0.823649 0.00122708
0.830255 0.00120368 0.820529 0.00131476
0.827772 0.000760766 0.817759 0.000964259
0.825572 0.000800197 0.815276 0.000762042
0.824369 0.00084671 0.813853 0.000754681
0.823457 0.000406259 0.812763 0.00044327
0.823085 0.000657665 0.812263 0.000594127
0.822852 0.000532848 0.811933 0.000573163
0.822487 0.000943006 0.811424 0.00101384
0.822595 0.00158206 0.811407 0.00161223
0.82345 0.00255837 0.812003 0.00267467
0.821846 0.00144206 0.81015 0.00146868
0.82182 0.00121786 0.80986 0.00122452
0.821628 0.00146396 0.809486 0.00151575
0.820934 0.00272191 0.808739 0.00271856
0.819312 0.00184407 0.807244 0.00179007
0.818758 0.00198671 0.8069 0.00205869
0.819212 0.00699914 0.807454 0.0069905
0.817484 0.00667499 0.805697 0.00674969
