0.808581 0.000314162 0.794577 0.000192318
0.808505 0.000175348 0.794297 0.000310254
0.808572 0.000370863 0.794037 0.00025251
0.808626 0.000372755 0.794486 0.000417346
0.808625 0.000300159 0.794387 0.000334683
0.808661 0.000269591 0.79455 0.000594451
0.808594 0.000297353 0.794459 0.000485557
0.808889 0.000411093 0.794692 0.00042584
0.808701 0.000335119 0.794267 0.000492921
0.808714 0.000357756 0.794472 0.000486625
0.808709 0.000262267 0.794402 0.000306208
0.808631 0.000285692 0.794734 0.000400947
0.808783 0.000262171 0.794339 0.000309193
0.80874 0.000297725 0.794314 0.00031949
0.808587 0.000341101 0.794622 0.00031595
0.808689 0.000295871 0.794407 0.000318364
0.808563 0.000268231 0.794544 0.000541129
0.808908 0.000307376 0.794461 0.000501772
0.808661 0.000327544 0.794396 0.000319323
0.808639 0.000284911 0.794378 0.000449887
0.808773 0.000332165 0.794439 0.000538307
0.809024 0.000361127 0.794327 0.000494175
0.808862 0.000345443 0.794436 0.000366295
0.808746 0.000500514 0.794343 0.000341623
0.808804 0.00025265 0.794651 0.000454593
0.808665 0.000515099 0.794699 0.000360502
0.808656 0.000178266 0.794332 0.000427329
0.80862 0.000254217 0.794705 0.000351358
0.808894 0.000222694 0.794387 0.000438595
0.808725 0.000368866 0.794404 0.000560457
0.808704 0.000308709 0.79498 0.000642024
0.80897 0.000318679 0.794412 0.000359387
0.808733 0.000250465 0.794489 0.000499955
0.808804 0.000371688 0.794625 0.000292735
0.808858 0.000273391 0.794342 0.000572851
0.809 0.000520167 0.79449 0.000373885
0.808872 0.000415424 0.794241 0.000389639
0.808813 0.000292866 0.794509 0.000596544
0.808894 0.000398377 0.794524 0.000556942
0.808934 0.000422049 0.794565 0.00055115
0.808707 0.000602584 0.794612 0.000439168
0.808883 0.000336098 0.794639 0.000579415
0.809008 0.00022644 0.794724 0.000580768
0.808888 0.000316926 0.794213 0.000511257
0.808916 0.000328131 0.794459 0.000456519
0.80868 0.000319508 0.794772 0.000446623
0.808874 0.000494715 0.794463 0.000416771
0.809021 0.000365523 0.794507 0.000611553
0.808718 0.000321781 0.794451 0.000292913
0.808691 0.000545059 0.794562 0.000425689
0.80901 0.000385312 0.794215 0.000511044
0.808834 0.000499582 0.794877 0.000683633
0.808494 0.000408831 0.794344 0.000485263
0.809169 0.000278599 0.794569 0.000561191
0.808869 0.000682942 0.79481 0.000578606
0.808777 0.000524828 0.794317 0.000417889
0.808968 0.000363956 0.794364 0.000729988
0.808832 0.000483927 0.794106 0.000541572
0.808667 0.000616581 0.794451 0.000487391
0.808971 0.000399188 0.794484 0.000717102
0.808845 0.000374566 0.794305 0.000711608
0.808953 0.000379584 0.794575 0.000721511
0.808597 0.000482289 0.79453 0.000521538
0.808858 0.000566571 0.794637 0.000537131
0.808888 0.000747414 0.794406 0.000625971
0.808539 0.000547228 0.794036 0.000535911
0.808922 0.00054201 0.794548 0.000632716
0.809083 0.000580222 0.794773 0.000425071
0.808909 0.00028211 0.7946 0.000576125
0.808996 0.000433313 0.794255 0.000618029
0.809339 0.000486455 0.794442 0.000569936
0.808939 0.000501859 0.794142 0.000538571
0.808927 0.000261012 0.794111 0.000335345
0.808844 0.00047733 0.794472 0.000382521
0.809206 0.000593144 0.794296 0.00048096
0.808724 0.000406127 0.794329 0.000883974
0.80913 0.000394542 0.794351 0.000677901
0.809031 0.000430233 0.794446 0.00056234
0.809091 0.000340171 0.794196 0.000551921
0.809089 0.000444502 0.794143 0.000460017
