0.967947 0.00225442 0.958374 0.00243019
0.967347 0.00130478 0.957509 0.00104544
0.967644 0.0015284 0.95782 0.00143321
0.967594 0.00118664 0.957696 0.000917615
0.967665 0.00180917 0.957936 0.00217724
0.968362 0.00209423 0.958528 0.00236866
0.967473 0.00146034 0.95763 0.00141363
0.967362 0.000826359 0.957425 0.000510057
0.967812 0.00146536 0.957892 0.00118044
0.967276 0.00129415 0.957617 0.00129673
0.967032 0.000583498 0.957282 0.000399626
0.968323 0.00176418 0.958488 0.00176966
0.967583 0.00141563 0.957709 0.00112701
0.966859 0.00027282 0.957278 0.000200686
0.967878 0.00148831 0.957927 0.00119933
0.967306 0.000615356 0.957367 0.000593046
0.967283 0.000774837 0.957427 0.000726879
0.967623 0.00109995 0.957562 0.000852245
0.967228 0.000568907 0.957458 0.00057097
0.967694 0.00117785 0.957628 0.00100562
0.967728 0.00142437 0.957801 0.00140953
0.967556 0.00176062 0.957936 0.00238338
0.967251 0.000503897 0.957222 0.000421971
0.967283 0.000675618 0.957337 0.000465856
0.967123 0.000220259 0.957166 0.000435883
0.967318 0.000634885 0.957268 0.000389791
0.967204 0.000213903 0.957336 0.000469902
0.967069 0.000323946 0.957217 0.000412812
0.967403 0.000329945 0.957336 0.000417443
0.967402 0.000762402 0.957371 0.00063084
0.967964 0.000936392 0.958157 0.000816935
0.967935 0.00110519 0.957847 0.00094893
0.967327 0.000369937 0.957376 0.000509117
0.967159 0.000356731 0.957174 0.000367327
0.967226 0.00035526 0.957398 0.0006145
0.967219 0.000544732 0.957306 0.000269919
0.967253 0.000426175 0.957456 0.000524408
0.967506 0.000653785 0.957494 0.000675195
0.967701 0.000908992 0.957721 0.00109438
0.967338 0.000287144 0.957541 0.000582087
0.967591 0.00117727 0.957798 0.00117542
0.967243 0.000395516 0.957324 0.000361541
0.967561 0.000357443 0.957402 0.000784018
0.967735 0.00141173 0.957789 0.00150205
0.967452 0.000490993 0.957439 0.0008337
0.967472 0.000481276 0.957647 0.000958861
0.967379 0.000230398 0.957402 0.000799267
0.967407 0.00044138 0.957551 0.000888808
0.967499 0.000475813 0.957555 0.000779804
0.967547 0.000283721 0.957516 0.000810691
0.967418 0.000440699 0.957602 0.000770812
0.967356 0.000486323 0.95724 0.000524163
0.967641 0.000595024 0.957432 0.000596412
0.967562 0.000263271 0.957126 0.000536383
0.96772 0.000821729 0.958257 0.00110242
0.967454 0.000400215 0.957428 0.000883188
0.967449 0.000228218 0.957292 0.000501095
0.96741 0.000355579 0.957394 0.000627826
0.967458 0.000190846 0.957171 0.000540828
0.967414 0.000396803 0.957176 0.000587099
0.967714 0.000459018 0.957692 0.000856056
0.967625 0.000152536 0.957304 0.000747744
0.967353 0.000300109 0.957177 0.000670506
0.967625 0.00029811 0.957341 0.00100734
0.967818 0.000413696 0.957708 0.000957338
0.967537 0.000257386 0.957275 0.000720806
0.967492 0.000222435 0.957342 0.000646352
0.96781 0.000902705 0.957816 0.00145212
0.967824 0.000826987 0.957625 0.00121709
0.96768 0.00044032 0.957593 0.00124747
0.967661 0.000209968 0.957238 0.000891122
0.967573 0.000243603 0.957637 0.00105697
0.967358 0.000219988 0.957479 0.000997219
0.967749 0.000485447 0.957888 0.00108576
0.96772 0.000298708 0.957363 0.000787389
0.967677 0.000345327 0.957597 0.00128265
0.96759 0.000405304 0.957548 0.00121783
0.967808 0.000273435 0.958262 0.00105018
0.967542 0.000443637 0.957525 0.000966556
0.967816 0.000286624 0.957331 0.000865703
