0.807863 0.000248084 0.792743 0.000364171
0.807986 0.000426562 0.792763 0.000231242
0.807831 0.000179126 0.792889 0.000234866
0.808093 0.000232673 0.79267 0.000310878
0.807728 0.000229885 0.792881 0.000237408
0.807978 0.000334074 0.792725 0.000355273
0.808032 6.18603e-05 0.792678 0.000221325
0.808137 0.000258972 0.792631 0.00026395
0.807983 0.000337687 0.79272 0.000152505
0.808013 0.000258782 0.792621 0.000273659
0.807936 0.000211214 0.792728 0.000231317
0.808021 0.000265196 0.792472 0.000286163
0.807886 0.000323214 0.792648 0.000248424
0.807891 0.000253153 0.792746 0.000467118
0.808032 0.000392553 0.792734 0.000286402
0.807925 0.000388737 0.792633 0.00024448
0.808035 0.000112388 0.792615 0.000275739
0.807827 0.000284554 0.792671 0.000310484
0.807879 0.000295884 0.79265 0.000285808
0.807957 0.000253647 0.792774 0.000337194
0.808003 0.000389547 0.79255 0.000332481
0.807919 0.000152284 0.792403 0.000268631
0.807845 0.000419863 0.792491 0.00023806
0.807653 0.000262092 0.792591 0.000475361
0.807815 0.00029082 0.792489 0.00024095
0.8078 0.00022944 0.792507 0.000264959
0.807828 0.00031715 0.792331 0.000218799
0.807898 0.000276975 0.792416 0.000304094
0.807769 0.000515284 0.792451 0.000270969
0.807832 0.0002133 0.792379 0.00035634
0.80777 0.000306507 0.792552 0.000400935
0.807874 0.000292098 0.792661 0.000374105
0.80793 0.000321777 0.792485 0.000352219
0.807789 0.000308471 0.792362 0.00032759
0.807777 0.000145869 0.792296 0.000238016
0.807925 0.000224946 0.79247 0.000303233
0.807679 0.000329611 0.792237 0.0003021
0.807948 0.000208696 0.792301 0.000227593
0.808006 0.000219148 0.792496 0.000291242
0.807781 0.000303896 0.792298 0.000300403
0.807851 0.000285862 0.792391 0.000421882
0.807868 0.000244336 0.792339 0.000291126
0.807859 0.000255983 0.79228 0.000203792
0.807826 0.000216384 0.792232 0.000252485
0.807693 0.000261438 0.792315 0.000332395
0.807784 0.000350312 0.792356 0.000280951
0.807801 0.000350883 0.792346 0.000176031
0.807525 0.000321439 0.79234 0.000280943
0.807626 0.000392636 0.792204 0.000232781
0.807656 0.000338545 0.792206 0.000305171
0.807682 0.000373157 0.792296 0.000214458
0.807653 0.000338751 0.792183 0.000328899
0.807717 0.000307636 0.792198 0.000218064
0.807816 0.000299459 0.791998 0.000167965
0.807681 0.000165109 0.792355 0.000360092
0.807701 0.000298621 0.792296 0.000192883
0.807841 0.000217827 0.792094 0.000163682
0.807596 0.000231694 0.792052 0.000203972
0.807579 0.00032532 0.79223 0.000208588
0.807724 0.000198833 0.792134 0.00022901
0.807763 0.000247887 0.792221 0.000286997
0.807439 0.0004217 0.792234 0.000336422
0.807671 0.000315445 0.792076 0.000280568
0.807609 0.000266698 0.792095 0.000251643
0.807541 0.000277677 0.79221 0.000207826
0.807603 0.000330738 0.792067 0.000261715
0.807716 0.000315437 0.792163 0.000249542
0.807635 0.000293121 0.792039 0.000302613
0.807563 0.000210807 0.791982 0.000225422
0.807623 0.000326281 0.792007 0.000170265
0.807736 0.000357322 0.791971 0.00025912
0.807665 0.000456421 0.792033 0.00026083
0.80778 0.000260173 0.792029 0.000183392
0.807722 0.000328017 0.792002 0.00035942
0.807498 0.000283796 0.79215 0.000235913
0.807573 0.000188706 0.791993 0.000239018
0.807691 0.000296547 0.792025 0.000238128
0.807827 0.000397042 0.792092 0.000317896
0.807461 0.000310812 0.79195 0.000316795
0.80766 0.000307014 0.791889 0.000374892
