0.80383 2.83667e-05 0.790097 2.594e-05
0.803762 0.000157865 0.790003 0.000150107
0.803007 0.000373405 0.789305 0.000323775
0.80315 0.000535494 0.789382 0.000475817
0.80286 0.000556531 0.78913 0.000490308
0.802766 0.000531268 0.789025 0.000482679
0.802959 0.000557394 0.789178 0.00047825
0.802717 0.00049646 0.788947 0.000445681
0.802622 0.000394044 0.788817 0.000361194
0.802863 0.000443569 0.788962 0.00045383
0.802534 0.000177367 0.788664 0.000147312
0.802462 6.57738e-05 0.788491 6.1148e-05
0.802485 0.000195423 0.788506 0.000200671
0.802434 0.000104467 0.788426 0.000133905
0.802409 0.000178802 0.788313 0.000248301
0.802351 0.000104178 0.788252 0.000125212
0.80226 0.000166084 0.788116 0.000235379
0.802103 0.000283091 0.787943 0.000315821
0.802159 0.00022644 0.787932 0.000272894
0.80208 0.000336191 0.78783 0.00035041
0.802135 0.000349067 0.787826 0.000350505
0.8019 0.000361959 0.78758 0.000342221
0.802014 0.000244611 0.787694 0.000192438
0.801804 0.000354816 0.787485 0.000331025
0.801495 0.000191498 0.787109 0.000201448
0.801592 0.000399868 0.7872 0.000385551
0.801723 0.000427226 0.78736 0.000354689
0.801527 0.000476768 0.787096 0.000460744
0.801387 0.00030109 0.786956 0.000289366
0.8013 0.000287995 0.786834 0.000279988
0.801193 0.000250991 0.786787 0.000314498
0.801067 0.000276053 0.786678 0.000322232
0.80094 0.000327045 0.786457 0.000322957
0.800606 0.000310279 0.786067 0.000412201
0.800777 0.000388695 0.786256 0.000418974
0.800619 0.000328594 0.786102 0.000419003
0.800481 0.000285749 0.785889 0.000499781
0.800232 0.000406417 0.785555 0.000524191
0.800152 0.000518317 0.785471 0.000706391
0.800241 0.000402668 0.785342 0.000580103
0.799841 0.000163099 0.784791 0.000216272
0.799728 0.000285337 0.784618 0.000652707
0.79972 0.000362197 0.784669 0.000580523
0.799676 0.000470461 0.784458 0.000605888
0.799772 0.000415443 0.784422 0.000679566
0.799471 0.000315959 0.783971 0.000523153
0.79934 0.000419887 0.783789 0.000684625
0.7987 0.000819467 0.78284 0.000969722
0.799132 0.000546016 0.783155 0.000839983
0.798588 0.00106722 0.782633 0.00126671
0.798454 0.000738353 0.782341 0.000826146
0.798148 0.00122158 0.781864 0.00128644
0.798146 0.000592494 0.781709 0.000683713
0.797684 0.00187978 0.781358 0.00186903
0.797438 0.000897445 0.780672 0.0011579
0.797066 0.000953995 0.780506 0.0012324
0.79499 0.00282597 0.778322 0.00259513
0.796269 0.00151563 0.779584 0.00172094
0.795312 0.00235201 0.778737 0.00228716
0.793885 0.0037019 0.776849 0.00367285
0.791665 0.00241808 0.774686 0.00245302
0.791802 0.00450771 0.774573 0.0042606
0.79097 0.00378271 0.774081 0.00414923
0.791594 0.00275513 0.773928 0.00292081
0.789881 0.00287744 0.772382 0.00314941
0.788132 0.00371235 0.770464 0.00396374
0.784517 0.00491825 0.766885 0.00553051
0.787307 0.00437996 0.769193 0.00467804
0.784257 0.00478931 0.766368 0.00501617
0.785621 0.00552382 0.767263 0.00574391
0.784343 0.00395023 0.765899 0.00438986
0.78006 0.00485837 0.760992 0.00524456
0.783095 0.00305548 0.763698 0.00349485
0.779205 0.00549983 0.758838 0.00651462
0.776788 0.00459166 0.75736 0.00465486
0.773494 0.00576679 0.753431 0.00608102
0.771612 0.00687436 0.751714 0.00662791
0.773946 0.00572808 0.753964 0.00590742
0.772006 0.00613756 0.751372 0.00604413
0.770597 0.00476831 0.749899 0.00460317
