0.95836 0.000575537 0.955727 0.000721638
0.959169 0.000537586 0.956726 0.000613861
0.959602 0.000511689 0.956919 0.00044366
0.959568 0.000455733 0.957107 0.000396579
0.959802 0.000710648 0.957413 0.000584583
0.959708 0.000419679 0.957558 0.000509583
0.959902 0.000618507 0.957719 0.000514775
0.960051 0.000917547 0.957693 0.000435753
0.959677 0.000616949 0.957979 0.000401681
0.959532 0.000400591 0.957861 0.000382551
0.959382 0.00032435 0.957841 0.00043011
0.959426 0.000390533 0.958014 0.000299197
0.959828 0.000651901 0.957987 0.000658224
0.959719 0.000400431 0.958169 0.000349542
0.959451 0.00039412 0.958061 0.00030685
0.959715 0.000693549 0.957694 0.000594432
0.959709 0.000375284 0.958046 0.00028019
0.959347 0.00032808 0.958224 0.000364239
0.959358 0.000672521 0.958178 0.000293897
0.959681 0.000407487 0.957935 0.000434557
0.959591 0.000425622 0.958054 0.000509797
0.959252 0.000448034 0.958319 0.000362221
0.959657 0.000390263 0.958184 0.000242887
0.9601 0.000690538 0.958062 0.000241459
0.959391 0.000185122 0.958293 0.000437673
0.959846 0.000537092 0.958254 0.000418352
0.959504 0.000417597 0.95821 0.000308607
0.959423 0.000515449 0.958353 0.000283875
0.959198 0.000497076 0.958277 0.000332361
0.95968 0.000486934 0.958414 0.000437354
0.959369 0.000397708 0.958225 0.000347729
0.959312 0.000514094 0.958417 0.000346534
0.959283 0.000517464 0.958704 0.000188392
0.959381 0.000495178 0.958497 0.000296798
0.959482 0.000653875 0.958332 0.000408226
0.95923 0.000504564 0.958576 0.00027813
0.959382 0.000443197 0.958525 0.000291973
0.959411 0.000497526 0.958548 0.000281718
0.9594 0.000363122 0.958689 0.000238346
0.95928 0.000599671 0.958393 0.000399364
0.959593 0.000593242 0.958399 0.000328054
0.959685 0.000509986 0.958552 0.000311745
0.95958 0.000624374 0.958549 0.000399248
0.960014 0.000773573 0.958429 0.000418621
0.959565 0.000908572 0.958407 0.000323933
0.95981 0.00072487 0.958526 0.000222547
0.959786 0.000424161 0.958562 0.000262971
0.959367 0.000484484 0.958601 0.000295168
0.959674 0.000324255 0.958743 0.00032746
0.960075 0.000646395 0.958589 0.000463884
0.959331 0.000420443 0.958677 0.000397761
0.959605 0.000461124 0.958577 0.000396905
0.959677 0.000699843 0.958734 0.000390778
0.959668 0.00046099 0.958762 0.00024278
0.959785 0.000870799 0.958896 0.00048603
0.959612 0.00068829 0.958799 0.000425978
0.959599 0.000652129 0.958701 0.00041679
0.959398 0.000578126 0.958766 0.000238509
0.959478 0.000529811 0.958935 0.000233593
0.95945 0.000605423 0.958769 0.000334268
0.95966 0.000442562 0.9587 0.000528721
0.959407 0.000572789 0.959059 0.000290329
0.959497 0.000587459 0.959008 0.000350084
0.959671 0.000774474 0.958652 0.000311391
0.959765 0.000549687 0.958871 0.000487366
0.959698 0.000885077 0.958967 0.000349915
0.959813 0.000663983 0.958926 0.000393559
0.959755 0.000358458 0.958974 0.00038362
0.960311 0.00101854 0.958935 0.00051517
0.959708 0.000463387 0.958902 0.000303096
0.959898 0.000436392 0.958763 0.000349158
0.960055 0.000589801 0.959137 0.000435488
0.959771 0.000611615 0.959173 0.000177905
0.959982 0.000462802 0.959201 0.000434575
0.959662 0.000615354 0.959129 0.000360818
0.959786 0.000815906 0.959091 0.000478113
0.959854 0.000560448 0.959081 0.000326103
0.959768 0.000622567 0.958947 0.000563137
0.960099 0.000589838 0.959064 0.000336866
0.95986 0.000757146 0.959117 0.000437856
0.959687 0.000790014 0.959091 0.000457854
0.959989 0.000660047 0.959174 0.000354436
0.959917 0.000714248 0.959131 0.00034958
0.960092 0.000669654 0.959163 0.000476201
0.960141 0.000719648 0.95917 0.000387158
0.959822 0.000726973 0.959067 0.000504506
0.959874 0.000783221 0.959375 0.000454618
0.959819 0.000728112 0.959042 0.000457379
0.960405 0.000753748 0.959012 0.00058145
0.960014 0.00101902 0.958947 0.000354924
0.959895 0.000611614 0.959251 0.000415718
0.959946 0.000655725 0.959387 0.000403765
0.959845 0.000573186 0.959319 0.000413588
0.96022 0.000541077 0.959111 0.000721061
0.960052 0.000780899 0.959208 0.000497315
0.959865 0.000564614 0.959417 0.000263894
0.9603 0.000804915 0.959397 0.000244174
0.960467 0.0006497 0.959342 0.000548977
0.960493 0.000677216 0.959263 0.000559671
0.960432 0.000885748 0.959483 0.000647175
