0.809768 0.000415226 0.795633 0.000636973
0.80954 0.000534392 0.795644 0.000756825
0.809489 0.000297671 0.795399 0.000389509
0.809728 0.000388037 0.795608 0.000831084
0.809681 0.000388417 0.795567 0.000322706
0.809254 0.000434493 0.795231 0.000442952
0.809549 0.000412445 0.79525 0.000328124
0.809957 0.000790175 0.796087 0.000720499
0.809395 0.000241341 0.795396 0.000683767
0.809686 0.000555353 0.795685 0.000662549
0.809468 0.000258784 0.795467 0.000558355
0.80971 0.000326482 0.795918 0.000438735
0.809711 0.000601573 0.795707 0.00116263
0.809408 0.000498112 0.795697 0.000319189
0.809518 0.000292142 0.795633 0.000455249
0.80966 0.000377213 0.795394 0.000588367
0.809704 0.000513711 0.795675 0.00070898
0.809813 0.000451573 0.795594 0.000474286
0.80962 0.000580674 0.795601 0.000668164
0.809477 0.000448097 0.795322 0.000440817
0.809495 0.000151823 0.795412 0.000506713
0.8097 0.000692425 0.795568 0.000691774
0.809744 0.000324055 0.796076 0.000823763
0.809919 0.000582979 0.795986 0.000795302
0.80976 0.000321393 0.795973 0.000777096
0.809716 0.000309976 0.795756 0.000557203
0.809839 0.000534697 0.795638 0.000599206
0.809771 0.000526453 0.795502 0.000423013
0.80972 0.000660968 0.795428 0.000588969
0.809927 0.000531015 0.795707 0.000748145
0.809786 0.000444993 0.795682 0.000731505
0.810001 0.000490526 0.795834 0.000758063
0.809843 0.000392599 0.795955 0.000647444
0.809717 0.000391677 0.795799 0.000387137
0.810101 0.000455236 0.79625 0.000627016
0.809949 0.00074633 0.796106 0.000557481
0.810019 0.000521655 0.796026 0.000408086
0.809759 0.000294386 0.795575 0.000406656
0.810114 0.000322276 0.795884 0.000622556
0.809822 0.000851621 0.796069 0.000765182
0.810008 0.000679433 0.796098 0.000746432
0.809917 0.000408546 0.796139 0.000860879
0.810146 0.000764605 0.796368 0.000901438
0.809731 0.000529112 0.796075 0.000566557
0.80999 0.000487471 0.796263 0.000522791
0.809873 0.000313051 0.796175 0.00040585
0.80994 0.000641843 0.796024 0.000752723
0.809926 0.000355706 0.796004 0.000637154
0.809997 0.000418204 0.795492 0.000716685
0.810054 0.000590027 0.796179 0.00102315
0.810059 0.000473522 0.79602 0.00046658
0.810351 0.000745542 0.796332 0.000567179
0.810125 0.000681317 0.795905 0.000535047
0.809991 0.000627236 0.795648 0.000590401
0.809805 0.000398179 0.79629 0.000453895
0.810133 0.000514183 0.795881 0.000434975
0.809986 0.000517987 0.795846 0.000530079
0.810321 0.000287208 0.796129 0.000717901
0.809974 0.000522828 0.795742 0.000475803
0.81029 0.000955587 0.796474 0.000951353
0.810233 0.000732005 0.796539 0.00113479
0.810487 0.000544398 0.795802 0.000612063
0.810059 0.000335501 0.795866 0.000511061
0.810019 0.000555474 0.796272 0.000486187
0.810249 0.000480234 0.795603 0.00093842
0.810101 0.000391465 0.79619 0.00083323
0.809816 0.000467854 0.795711 0.000960326
0.810285 0.000510355 0.796132 0.000644459
0.810265 0.000720093 0.796001 0.000512486
0.810412 0.000766196 0.796036 0.000558451
0.810053 0.000463483 0.795704 0.000842287
0.810362 0.000605513 0.796365 0.0008567
0.810328 0.000516494 0.796593 0.000910557
0.810315 0.000605255 0.79591 0.00115149
0.810313 0.000655254 0.796166 0.000514819
0.81036 0.000780284 0.796508 0.000808251
0.810596 0.000841655 0.79631 0.000916748
0.810235 0.000799441 0.796246 0.000993096
0.810613 0.000688394 0.79603 0.000743954
0.810213 0.000678389 0.796531 0.00112038
