0.809543 0.000528748 0.794184 0.00087938
0.809657 0.00061756 0.794454 0.000937593
0.809656 0.000674014 0.794438 0.000963304
0.809279 0.000506194 0.794388 0.000817852
0.809715 0.000738987 0.794489 0.000921574
0.809829 0.000512131 0.794788 0.000870195
0.809473 0.000325997 0.793933 0.000534537
0.809326 0.000271706 0.79388 0.000303211
0.809592 0.000351735 0.794028 0.00038382
0.809663 0.000425037 0.794473 0.000765496
0.809447 0.000565949 0.79431 0.000849363
0.810005 0.000527203 0.794908 0.000858406
0.809725 0.000574785 0.794353 0.000844925
0.80993 0.000463435 0.794757 0.000830356
0.809622 0.000526821 0.794159 0.00058132
0.809687 0.000378354 0.79436 0.000831933
0.809614 0.00072335 0.794414 0.000875062
0.809159 0.00040271 0.79405 0.000514968
0.809716 0.00047322 0.794544 0.000795646
0.809761 0.000556026 0.794538 0.000769248
0.809651 0.000433617 0.794192 0.000659783
0.809389 0.000342403 0.794075 0.000672902
0.80953 0.000545317 0.794311 0.000843853
0.809341 0.000390958 0.793746 0.000364604
0.809425 0.000593329 0.794127 0.000596199
0.809812 0.000459769 0.794504 0.000814321
0.80941 0.000458601 0.794343 0.000651818
0.809675 0.000419768 0.794068 0.000672637
0.809448 0.000410123 0.794187 0.000477035
0.809853 0.000519467 0.794508 0.000834543
0.809476 0.000278406 0.794122 0.000603737
0.809205 0.000384849 0.794263 0.000736401
0.809465 0.000501682 0.794252 0.000861992
0.80949 0.000512376 0.794282 0.000910002
0.809727 0.000659186 0.794039 0.00106059
0.809693 0.000484748 0.794128 0.000759583
0.809464 0.000443345 0.793985 0.000553786
0.80983 0.000680774 0.794707 0.000872532
0.809349 0.000412041 0.794047 0.000670234
0.80959 0.000629539 0.79385 0.000466876
0.80956 0.000382066 0.794101 0.000563833
0.809761 0.00057408 0.79386 0.000622769
0.809359 0.000423208 0.794078 0.000367203
0.809401 0.000404139 0.793865 0.00050659
0.809419 0.000446583 0.793755 0.000381543
0.809303 0.00031687 0.79397 0.000610931
0.809295 0.000446434 0.793732 0.000887859
0.809797 0.000515353 0.793923 0.000718487
0.809421 0.000459451 0.793697 0.000548695
0.809511 0.00042829 0.793801 0.000583173
0.809658 0.000775019 0.794064 0.00102895
0.809608 0.000478329 0.79422 0.000831981
0.809308 0.000666114 0.79355 0.00024
0.809283 0.000730663 0.793667 0.000621778
0.809702 0.000382059 0.793575 0.000406697
0.809263 0.000406953 0.793732 0.000414937
0.809571 0.000467932 0.793341 0.000548861
0.809252 0.000393659 0.793435 0.0001961
0.80952 0.000508755 0.793942 0.000694815
0.809537 0.000599384 0.79384 0.000789903
0.809391 0.000315783 0.793824 0.00074538
0.80945 0.000402093 0.793527 0.000623954
0.809353 0.000462491 0.793747 0.000467165
0.809449 0.000467944 0.793786 0.000432971
0.809839 0.000642235 0.793925 0.000781627
0.809475 0.000537834 0.793754 0.000468205
0.8096 0.000450283 0.793757 0.000424926
0.809378 0.000427291 0.793969 0.000404571
0.809558 0.000438574 0.79333 0.000516513
0.809523 0.000547187 0.793775 0.000486347
0.809522 0.000680092 0.793986 0.000767179
0.808957 0.000341433 0.792997 0.000348441
0.809426 0.00052707 0.793412 0.000430469
0.809494 0.000332037 0.793814 0.000547824
0.809339 0.00043084 0.793662 0.000979657
0.809377 0.000484911 0.793426 0.000523254
0.809156 0.000398413 0.793292 0.000331319
0.809454 0.00033122 0.79348 0.000462989
0.809363 0.000392961 0.793663 0.000333246
0.809124 0.00053017 0.793586 0.000419763
