0.803747 0.00013013 0.790569 0.000114054
0.802823 0.00054866 0.789537 0.000465306
0.802507 0.00048655 0.789185 0.000378514
0.802365 0.000181591 0.789015 9.12995e-05
0.80236 0.000138532 0.788967 0.000120035
0.802296 4.67229e-05 0.78891 1.60516e-05
0.802277 6.19789e-05 0.788881 4.10926e-05
0.802205 9.7866e-05 0.788787 0.00011637
0.802065 0.000207198 0.788622 0.000255695
0.801687 0.000408526 0.788167 0.000465658
0.801466 0.000421583 0.787889 0.000506943
0.801302 0.000398639 0.7877 0.000455885
0.800898 0.000273525 0.787173 0.000336412
0.800965 0.000364694 0.787219 0.000485407
0.800818 0.000137402 0.787022 0.000208118
0.800722 7.16359e-05 0.786849 0.00012591
0.800665 5.54191e-05 0.786753 0.000102868
0.800572 5.99789e-05 0.786597 6.43953e-05
0.800463 6.89528e-05 0.786408 0.000136657
0.800228 0.00015107 0.786028 0.000272353
0.800198 0.000225765 0.785943 0.000376709
0.800034 0.000293414 0.785661 0.000590197
0.799819 0.000311439 0.785247 0.000606822
0.799602 0.00024733 0.784807 0.000549635
0.799341 8.60157e-05 0.784272 0.000202601
0.799338 8.79128e-05 0.784243 0.000319956
0.799103 0.000130174 0.783642 0.000196143
0.798864 0.000186652 0.783336 0.000239334
0.798515 0.000233077 0.782928 0.000264344
0.798094 0.000427031 0.782458 0.000467997
0.797234 0.00063001 0.781612 0.00061553
0.796439 0.0008759 0.780899 0.000843579
0.795004 0.000882638 0.779646 0.000820767
0.794175 0.000702249 0.778868 0.000583331
0.793363 0.00103074 0.778222 0.000915289
0.791779 0.00133642 0.776857 0.00121152
0.789124 0.00102915 0.774464 0.000940047
0.788982 0.00131186 0.774303 0.0011265
0.785155 0.00168218 0.770882 0.00156451
0.780886 0.00291015 0.767166 0.00254358
0.777752 0.00266891 0.764407 0.00250326
0.776138 0.00331631 0.762785 0.00306978
0.771215 0.00325626 0.758304 0.00277931
0.766958 0.00315564 0.754678 0.0028831
0.761116 0.00399622 0.749409 0.00372089
0.755735 0.006023 0.744114 0.00564766
0.748075 0.00452772 0.737044 0.00438443
0.742071 0.00501913 0.731273 0.00483029
0.738199 0.00349628 0.727186 0.0034798
0.732547 0.00476776 0.721858 0.00498114
0.727611 0.00353581 0.716236 0.00352146
0.723005 0.00115368 0.71109 0.00194941
0.719068 0.00115491 0.706522 0.00167184
0.717812 0.000853302 0.704715 0.000890664
0.71686 0.0004353 0.703421 0.000695197
0.716008 0.000162803 0.702476 0.00029245
0.715977 0.000154839 0.702119 0.000283047
0.715914 0.000123323 0.701967 0.000225799
0.715815 0.000265374 0.701927 0.000160233
0.715694 0.000176984 0.701805 0.000124193
0.715578 0.000148831 0.701612 0.000170141
0.715454 0.00014184 0.701403 0.000129477
0.715229 0.000149028 0.701253 0.000166965
0.715117 0.00017727 0.701037 0.000257676
0.715034 0.00022506 0.700876 0.000212453
0.714674 0.00031465 0.700309 0.000501094
0.714411 0.000352155 0.699734 0.000553235
0.713854 0.000339401 0.698827 0.000574069
0.712627 0.000414086 0.697144 0.000622674
0.711338 0.00053205 0.695928 0.00065995
0.709169 0.000908055 0.693682 0.000763871
0.706785 0.000951027 0.691199 0.000993666
0.703966 0.000668787 0.688639 0.000720679
0.702275 0.00157552 0.68718 0.00152735
0.699125 0.000321754 0.683867 0.000399801
0.698242 0.000286913 0.683287 0.000257696
0.697789 0.000160385 0.682722 0.000225827
0.697646 0.00028334 0.682512 0.00030034
0.697409 0.00022277 0.682182 0.000210559
0.696613 0.000448714 0.681546 0.000405246
