0.804006 0.000106761 0.791017 9.97245e-05
0.803296 0.000338935 0.790374 0.000291424
0.80274 0.000463508 0.789891 0.000404158
0.802762 0.000434961 0.789899 0.000370276
0.80274 0.000442841 0.789879 0.000377057
0.802655 0.000321893 0.789796 0.000264542
0.802502 9.67665e-05 0.789661 6.34596e-05
0.80249 0.000110544 0.78963 6.90544e-05
0.802429 6.74339e-05 0.789568 4.98876e-05
0.802221 0.000216142 0.789354 0.000230505
0.80204 0.000325895 0.789176 0.000351824
0.801719 0.00042889 0.788776 0.000451144
0.801375 0.000360946 0.788408 0.000425579
0.801407 0.000536841 0.788428 0.00061262
0.800955 0.000205621 0.787805 0.000204414
0.800749 8.64363e-05 0.78759 0.000120801
0.800776 0.00012582 0.787604 0.000174879
0.800776 0.000249168 0.787526 0.000280057
0.800659 0.000156285 0.78736 0.000235592
0.800546 0.000107307 0.787199 0.000131646
0.800445 0.000121706 0.787015 0.000198601
0.800372 0.000180173 0.786909 0.000263396
0.80018 0.00021598 0.786572 0.000385829
0.799927 0.00028918 0.786142 0.000511377
0.799774 0.000199035 0.785822 0.000356641
0.799523 0.000183285 0.785263 0.000335233
0.799374 0.000179747 0.784873 0.000444299
0.799317 0.000215628 0.784825 0.000486859
0.79905 0.00018607 0.784365 0.000331657
0.79881 0.00021599 0.783836 0.000242208
0.798579 0.000257071 0.783637 0.000367125
0.798363 0.00031095 0.783309 0.000357705
0.797573 0.000465081 0.782512 0.000470445
0.796608 0.000632813 0.78159 0.000626299
0.795858 0.00073036 0.780885 0.00063132
0.795226 0.00119375 0.780271 0.00114
0.793334 0.00107435 0.778574 0.000942806
0.792689 0.00121434 0.778006 0.00106589
0.791599 0.00130607 0.777009 0.00114043
0.789502 0.00128848 0.775132 0.00112834
0.787439 0.00184454 0.773326 0.00159078
0.783376 0.00240477 0.769686 0.00216548
0.781374 0.00207446 0.767857 0.00184783
0.778454 0.00259313 0.765268 0.00227231
0.777285 0.00403454 0.764155 0.00354127
0.770996 0.00332316 0.758471 0.00298994
0.76787 0.00242806 0.755683 0.00214279
0.76375 0.00336878 0.751929 0.00312199
0.757498 0.00295911 0.746036 0.00270414
0.750054 0.00343962 0.738775 0.00339924
0.744764 0.00448553 0.733891 0.00448213
0.741746 0.0042464 0.731007 0.00429699
0.73618 0.00473328 0.725336 0.00486602
0.730741 0.00464192 0.719618 0.00487345
0.726334 0.00321771 0.714905 0.00348913
0.721763 0.00285398 0.709772 0.00321811
0.71928 0.00133199 0.706884 0.00161036
0.71765 0.00096271 0.704754 0.00117625
0.716974 0.000429345 0.703967 0.00060972
0.716456 0.000223495 0.703095 0.000400034
0.716168 0.000124592 0.702571 0.000111892
0.716154 0.00016439 0.702477 0.000121183
0.716041 0.000114081 0.702304 0.0002103
0.71599 0.00022686 0.702193 0.000242121
0.715707 0.00014307 0.701904 7.44108e-05
0.715588 9.54318e-05 0.701753 7.9872e-05
0.715445 0.00022772 0.70152 0.000244257
0.715071 0.000237499 0.701036 0.000266575
0.714683 0.000173254 0.700323 0.000277366
0.714319 0.000375216 0.699796 0.000481052
0.713884 0.000543487 0.699057 0.000807731
0.712661 0.000286381 0.697583 0.00043908
0.711361 0.000766568 0.696154 0.000778303
0.709918 0.00069484 0.694576 0.000837285
0.707096 0.000593006 0.691629 0.0005712
0.70462 0.000940103 0.689319 0.000944341
0.701075 0.0006004 0.68589 0.000501119
0.699412 0.000508505 0.6843 0.000449694
0.698348 0.000256685 0.683219 0.000237976
0.697827 9.90174e-05 0.682719 0.000108926
