0.95921 0.000542951 0.957005 0.00065296
0.959356 0.000299791 0.95747 0.000688298
0.95884 0.000730169 0.957242 0.000762952
0.959245 0.000741624 0.957671 0.00056189
0.959314 0.000298313 0.957886 0.000551593
0.959414 0.000358012 0.957943 0.000399865
0.959221 0.000409942 0.958227 0.000418305
0.959381 0.000767954 0.957686 0.000584986
0.959475 0.00033425 0.958068 0.000427706
0.959287 0.000651929 0.958377 0.000336469
0.959154 0.000309086 0.95831 0.000418149
0.959008 0.000332638 0.958422 0.00034381
0.959649 0.000473489 0.958141 0.000408567
0.95896 0.000397936 0.958482 0.000250841
0.959187 0.000497872 0.95823 0.000473267
0.959207 0.000459691 0.958541 0.000260532
0.959002 0.000147074 0.958799 0.000164604
0.959279 0.000385899 0.958453 0.000344435
0.959063 0.000224722 0.958658 0.0002187
0.959289 0.000234126 0.958481 0.000458435
0.959227 0.000587162 0.958765 0.000310356
0.959147 0.000803044 0.958605 0.000402002
0.959451 0.000565958 0.958706 0.000514578
0.959155 0.000436292 0.958662 0.000284151
0.959303 0.000525775 0.958649 0.000345195
0.959084 0.00036776 0.958747 0.000170948
0.959288 0.000355654 0.958541 0.000405324
0.95916 0.000317167 0.958961 0.000193605
0.959249 0.00044932 0.958903 0.000317995
0.959211 0.000305274 0.958615 0.000227379
0.959346 0.000450513 0.958835 0.000289155
0.959472 0.000421203 0.958701 0.000285555
0.959321 0.000336239 0.958802 0.000330408
0.959167 0.000596815 0.959016 0.000329523
0.959021 0.000418728 0.95892 0.000345797
0.959192 0.000578819 0.958861 0.000263071
0.959186 0.000385562 0.958937 0.000156966
0.959335 0.00053726 0.958977 0.000373881
0.959284 0.000300018 0.959031 0.000210171
0.959282 0.000462215 0.95894 0.000280102
0.959266 0.000342395 0.959067 0.000258332
0.959529 0.000629482 0.958954 0.000357363
0.959194 0.000412029 0.958868 0.000190001
0.959365 0.000423597 0.959194 0.000203974
0.959337 0.000484036 0.958942 0.000353055
0.95931 0.000579446 0.95899 0.000272331
0.959151 0.000371282 0.95913 0.000392888
0.959314 0.00037265 0.959045 0.000276587
0.959102 0.000540703 0.959088 0.000307888
0.959195 0.000565215 0.959095 0.000250037
0.959453 0.000363177 0.958976 0.000321406
0.959141 0.000327197 0.959048 0.000409141
0.959412 0.000731401 0.959145 0.000351135
0.959334 0.000323584 0.959132 0.000348526
0.959219 0.000333205 0.959199 0.000325708
0.959485 0.000705518 0.959009 0.000212412
0.959423 0.000563037 0.959362 0.000202531
0.959173 0.000264186 0.959389 0.000458054
0.959483 0.000495907 0.959253 0.000273114
0.959421 0.000518932 0.95922 0.000322491
0.959313 0.000398605 0.959241 0.000363202
0.959456 0.000393209 0.959292 0.000459813
0.959553 0.000575841 0.959202 0.000339734
0.95938 0.000429235 0.959178 0.000231133
0.959484 0.000322807 0.959396 0.000270409
0.959393 0.000481291 0.959312 0.000322723
0.959483 0.000400282 0.959438 0.000315919
0.959294 0.000421414 0.95949 0.000291376
0.95929 0.000512918 0.959401 0.000372408
0.959399 0.00069051 0.959498 0.000248341
0.959637 0.000599524 0.959459 0.000242633
0.960139 0.000685984 0.959394 0.000450389
0.959642 0.000565313 0.959488 0.000339984
0.960001 0.00065762 0.959309 0.000572835
0.959984 0.000496023 0.959417 0.00033743
0.959665 0.000575687 0.9593 0.000346927
0.959662 0.000492059 0.959499 0.000550386
0.959696 0.000572896 0.959268 0.000435878
0.959666 0.000670961 0.959541 0.000491848
0.959638 0.000869434 0.959694 0.000431883
0.959517 0.000467732 0.959607 0.000382078
0.960187 0.000696091 0.959594 0.000362766
0.959723 0.000600284 0.959537 0.000450294
0.959676 0.000929069 0.959792 0.00062489
0.959849 0.000426834 0.95998 0.00038518
0.960019 0.000943983 0.959969 0.000471315
0.959913 0.00086889 0.959829 0.000580277
0.959892 0.000958359 0.959779 0.000409837
0.96023 0.000633875 0.959859 0.000452892
0.959886 0.000687405 0.959914 0.000481912
0.960086 0.00097115 0.959856 0.000619772
0.960222 0.000694871 0.95976 0.000525997
0.960105 0.000806983 0.960188 0.000326084
0.960378 0.000663344 0.959969 0.000474706
0.960771 0.000591943 0.96016 0.000373258
0.959976 0.000776944 0.960085 0.000520754
0.960331 0.000671147 0.960129 0.000387335
0.960153 0.000897115 0.960056 0.000388334
0.960033 0.000469346 0.959845 0.000469682
0.960196 0.000899978 0.960003 0.000521971
