0.950757 0.00300886 0.941388 0.00291119
0.941422 0.00908899 0.932479 0.00879197
0.939425 0.0109341 0.93059 0.0105556
0.93231 0.00676429 0.923745 0.00650759
0.930193 0.00439831 0.921689 0.00423743
0.934086 0.00699119 0.92542 0.00672789
0.928719 0.00303564 0.920272 0.00291252
0.926532 0.000835851 0.918147 0.000780663
0.925691 0.00197603 0.917352 0.00188195
0.923071 0.00341954 0.914764 0.00334421
0.919984 0.00707023 0.911796 0.00687055
0.913452 0.0101824 0.905433 0.00991095
0.898975 0.0169879 0.891315 0.016525
0.891807 0.0181439 0.884382 0.0176013
0.881488 0.0245156 0.874423 0.0238408
0.878093 0.0256897 0.871081 0.0249798
0.872831 0.0201422 0.866053 0.0195466
0.86151 0.0153383 0.855008 0.0148689
0.854228 0.00291134 0.847994 0.00292189
0.860961 0.0170464 0.854482 0.0165567
0.850721 0.00120474 0.844625 0.00110982
0.852087 0.00325619 0.845872 0.0030876
0.850676 0.00217896 0.844641 0.00209751
0.85069 0.00099238 0.844565 0.000906965
0.849798 0.000342138 0.84383 0.00023494
0.850007 0.000560378 0.844015 0.000461523
0.849747 0.000244709 0.843746 0.000246629
0.84949 0.000272948 0.843637 0.000173053
0.849489 0.000191094 0.843599 0.000173138
0.849608 0.000287819 0.843646 0.000215735
0.849541 0.000252414 0.843554 0.000137517
0.849429 0.000117189 0.843511 7.96225e-05
0.849304 0.000247388 0.843445 9.52628e-05
0.849214 0.000187115 0.843414 0.000134959
0.849242 0.000200235 0.843394 0.000144216
0.849181 0.000238962 0.843385 0.000169065
0.849137 0.000267157 0.843382 0.00019966
0.848922 0.00011444 0.843212 0.000103428
0.848722 0.000243197 0.843073 0.000197981
0.848692 0.000240681 0.84309 0.000188637
0.848611 0.000262449 0.84302 0.000134299
0.848525 0.000264685 0.842983 0.000189612
0.848329 0.000210008 0.842882 0.000120803
0.848261 0.000335432 0.842818 0.000208825
0.8481 0.000393114 0.842672 0.000312025
0.847835 0.000213586 0.842421 0.000182052
0.847849 0.000290074 0.842455 0.000241123
0.847716 0.000350568 0.842224 0.000303992
0.84748 0.000202965 0.841931 0.00017571
0.847475 0.00022658 0.841831 0.000282928
0.847255 0.000221348 0.841589 0.000230152
0.846991 0.000270462 0.841481 0.000273096
0.846638 0.000463542 0.841123 0.000481567
0.846606 0.000626464 0.841094 0.000431328
0.846113 0.000728372 0.840462 0.000567498
0.845651 0.000440727 0.840036 0.000469339
0.84499 0.000579863 0.839482 0.000442905
0.844417 0.000607336 0.838816 0.000443129
0.8442 0.00107069 0.838536 0.000993287
0.843494 0.000721739 0.83766 0.000559761
0.842377 0.000549927 0.836625 0.000677561
0.842415 0.00118413 0.836293 0.00125934
0.841446 0.00104031 0.835294 0.00110264
0.841051 0.000777601 0.834405 0.00104629
0.839681 0.00154179 0.832961 0.00136844
0.839217 0.00124098 0.832319 0.00154071
0.837484 0.00125278 0.830264 0.00180359
0.836303 0.00202249 0.828531 0.00254597
0.834597 0.00195076 0.825944 0.00196185
0.832686 0.00201077 0.824245 0.00203256
0.830622 0.00193754 0.821501 0.00183942
0.826943 0.00119971 0.817528 0.00105568
0.826492 0.000600474 0.817312 0.000682863
0.823393 0.000696422 0.81394 0.00129362
0.823679 0.00138755 0.814265 0.00214758
0.822218 0.000450984 0.812531 0.000645323
0.821878 0.00119486 0.81195 0.00106219
0.82075 0.00146515 0.81081 0.00109816
0.820639 0.00104713 0.810438 0.00135275
0.820376 0.00103205 0.80936 0.00135157
