0.958357 0.000459501 0.955946 0.000831627
0.959364 0.000501884 0.957022 0.000775635
0.959591 0.000465981 0.957408 0.000448607
0.959332 0.000554055 0.957345 0.000455462
0.959387 0.000347368 0.957768 0.000639132
0.959603 0.000399905 0.957659 0.000670237
0.959647 0.000472952 0.957709 0.000447429
0.959568 0.000537527 0.957601 0.00069335
0.959323 0.000563453 0.957986 0.000526488
0.959851 0.000634449 0.957982 0.000650414
0.959353 0.000590254 0.958017 0.000347002
0.959501 0.000383521 0.958023 0.000503068
0.959351 0.000424848 0.958271 0.000326898
0.959335 0.000406686 0.958401 0.000440523
0.959292 0.00059389 0.958153 0.000294957
0.959365 0.000480899 0.958407 0.000273778
0.959337 0.000386119 0.958391 0.000367419
0.959405 0.000392335 0.958327 0.000222546
0.959314 0.000360481 0.958524 0.000251156
0.959285 0.000481091 0.958366 0.000325707
0.9593 0.000477396 0.958571 0.000256692
0.9593 0.000371675 0.958309 0.000342868
0.959113 0.000365665 0.958642 0.000293873
0.959417 0.000506893 0.958447 0.000344288
0.959369 0.000467439 0.958556 0.000309243
0.959165 0.00084673 0.95844 0.000413043
0.959487 0.000434334 0.958502 0.000394792
0.95925 0.00056181 0.958503 0.000298378
0.958985 0.000402475 0.95862 0.000213538
0.959503 0.000465797 0.958503 0.000299267
0.959607 0.000377207 0.9586 0.000284399
0.95952 0.000302642 0.958487 0.000314798
0.959221 0.000515627 0.958629 0.000301838
0.959325 0.00038819 0.958632 0.000240548
0.959421 0.000534814 0.958639 0.00035259
0.959646 0.000601348 0.95842 0.000220062
0.95943 0.000478152 0.958613 0.000242494
0.959539 0.0006492 0.958547 0.000275917
0.959409 0.000315665 0.958691 0.000418878
0.959428 0.000360329 0.958636 0.000252949
0.959193 0.00043223 0.958762 0.000282226
0.95932 0.000471122 0.958792 0.000455158
0.959115 0.000370236 0.958776 0.000347557
0.959346 0.00036443 0.958672 0.000301272
0.959501 0.000693265 0.958665 0.000231421
0.959642 0.000474082 0.958626 0.000358769
0.959563 0.000408686 0.958801 0.000361106
0.959251 0.000615357 0.958958 0.000381296
0.959344 0.000512608 0.959062 0.00027475
0.959662 0.000409644 0.959057 0.000334053
0.959395 0.000419828 0.958737 0.000252247
0.959328 0.000526712 0.958655 0.0004622
0.959562 0.000270123 0.958862 0.000326194
0.959559 0.000730436 0.95853 0.000442681
0.959465 0.000590318 0.958918 0.000433515
0.959607 0.000644374 0.958769 0.000329035
0.959633 0.000573989 0.95888 0.000239943
0.959401 0.00048256 0.958981 0.000384392
0.959463 0.000599551 0.958903 0.000295217
0.959333 0.000443299 0.958963 0.000399107
0.959366 0.00100324 0.9589 0.000244684
0.959537 0.000466405 0.959064 0.000256931
0.959691 0.000741291 0.959026 0.000234594
0.959655 0.000528445 0.959316 0.000328274
0.959926 0.000385808 0.958764 0.000500431
0.95942 0.000544809 0.959184 0.000453288
0.959565 0.000682253 0.959191 0.000350302
0.959711 0.00051942 0.959156 0.000423167
0.959742 0.000516702 0.959045 0.000389888
0.959508 0.000554433 0.958968 0.000463775
0.959628 0.000490418 0.959073 0.000459707
0.959421 0.00038333 0.959151 0.000394309
0.959676 0.000377451 0.95908 0.000421558
0.959474 0.000679281 0.959209 0.000428059
0.960114 0.00046052 0.959198 0.000358077
0.959595 0.000737137 0.959054 0.000378626
0.959508 0.00051744 0.959174 0.00042927
0.959574 0.000797125 0.959262 0.000331709
0.959837 0.000536676 0.959384 0.000409296
0.95966 0.000625483 0.959065 0.000305325
0.959498 0.000675401 0.959154 0.00045074
0.959436 0.000595666 0.959264 0.000396762
0.960065 0.000537504 0.959004 0.000513738
0.959615 0.000671876 0.959053 0.000260348
0.959538 0.00063184 0.959566 0.000538963
0.959755 0.000495051 0.959345 0.000344632
0.959643 0.000720053 0.959206 0.000416338
0.959851 0.000674095 0.959149 0.000553159
0.959609 0.000306143 0.959304 0.000370509
0.959782 0.000562519 0.959151 0.000293761
0.960188 0.000649689 0.95919 0.000425205
0.959622 0.000606063 0.959328 0.000398059
0.960433 0.000512099 0.959372 0.000409478
0.960081 0.000522696 0.95954 0.000503265
0.960252 0.000741749 0.959445 0.000304483
0.959849 0.000603223 0.95952 0.00056547
0.959576 0.000916966 0.959579 0.000411113
0.96023 0.00116865 0.959532 0.000242733
0.960021 0.000746997 0.959657 0.000384264
0.959901 0.000802817 0.959557 0.000423806
