0.809124 0.000381643 0.793748 0.000411475
0.809327 0.000413298 0.793767 0.000615354
0.809453 0.000519638 0.794181 0.000796756
0.809305 0.00061539 0.794356 0.000982847
0.809161 0.000345932 0.793924 0.000471019
0.809397 0.000521728 0.794284 0.000734586
0.809225 0.000365814 0.793961 0.000557074
0.809032 0.000239511 0.793799 0.000433877
0.80923 0.00047746 0.793983 0.000785435
0.809325 0.000436232 0.794009 0.000579971
0.809177 0.000620719 0.79395 0.000589655
0.809757 0.000607835 0.794678 0.00100479
0.809562 0.000599677 0.793961 0.000834251
0.80922 0.000305288 0.7938 0.000442432
0.809528 0.0004943 0.793985 0.000762513
0.809485 0.000645193 0.793926 0.000602143
0.809285 0.000513645 0.794044 0.00082908
0.809218 0.000473295 0.793784 0.000480804
0.809352 0.000364567 0.793827 0.00106954
0.809234 0.000757036 0.794137 0.000799888
0.809163 0.000596242 0.793764 0.000694617
0.809627 0.000519187 0.794186 0.000888328
0.809158 0.000610071 0.794185 0.000746715
0.809159 0.000432567 0.793354 0.000312101
0.809315 0.000410026 0.793856 0.000604263
0.809366 0.000569315 0.793562 0.000545641
0.8093 0.000599813 0.793716 0.000553623
0.809363 0.000463573 0.793714 0.000413628
0.809429 0.000293181 0.793519 0.000525529
0.809114 0.000365648 0.793399 0.000400078
0.809341 0.000677064 0.793601 0.000759851
0.809286 0.000620229 0.793864 0.000980933
0.809275 0.000362491 0.793432 0.000562108
0.809151 0.000487746 0.793483 0.000460764
0.809314 0.000446617 0.793715 0.000523317
0.809487 0.000602187 0.793658 0.000805784
0.809312 0.000518692 0.793706 0.000547538
0.809212 0.000400269 0.793687 0.000451725
0.809233 0.000304199 0.793198 0.000264587
0.809537 0.000566845 0.793655 0.000454646
0.809289 0.000309178 0.793198 0.000521346
0.809313 0.000418245 0.793366 0.000297821
0.809306 0.000564698 0.79359 0.000802521
0.809286 0.00035246 0.793431 0.000905962
0.809204 0.000341581 0.793331 0.000341364
0.809216 0.000609667 0.793486 0.00050052
0.809343 0.000530275 0.79357 0.000574085
0.809002 0.000287298 0.79323 0.000374173
0.809114 0.000547241 0.793711 0.000890646
0.809201 0.000582232 0.793428 0.000435125
0.809111 0.000475855 0.793412 0.00045062
0.809268 0.000468343 0.793655 0.000813307
0.809223 0.000496644 0.793317 0.000336456
0.809411 0.000449221 0.793407 0.000564597
0.8092 0.00041795 0.793362 0.000412714
0.809293 0.00052968 0.793489 0.000564732
0.809085 0.000285395 0.793082 0.000288661
0.809152 0.000646037 0.793404 0.000585559
0.809089 0.000494102 0.793073 0.000723446
0.809366 0.000263206 0.793167 0.000459159
0.809163 0.000373751 0.793323 0.000569238
0.809132 0.000467579 0.793364 0.000396696
0.809193 0.00044625 0.793442 0.000423435
0.809 0.000386398 0.792919 0.000374335
0.80908 0.000597113 0.792985 0.00040362
0.808898 0.000368949 0.792987 0.000345786
0.809258 0.000466288 0.793181 0.000282168
0.809461 0.000491152 0.79315 0.000539049
0.808641 0.000343553 0.793275 0.000567662
0.809249 0.000695332 0.793145 0.000653571
0.809014 0.000526244 0.793215 0.000421527
0.809131 0.000307804 0.793052 0.000510215
0.809255 0.000435863 0.793132 0.000417945
0.809138 0.000623647 0.793108 0.00037553
0.80924 0.000447623 0.793093 0.000466328
0.808871 0.000417432 0.793397 0.000467605
0.809078 0.000394965 0.793216 0.000728444
0.809236 0.00060473 0.793322 0.000488731
0.809079 0.000486654 0.793268 0.000939452
0.809002 0.000402386 0.793007 0.000496239
