0.803694 8.05907e-05 0.790043 8.00629e-05
0.803242 0.000550251 0.789578 0.000482961
0.803322 0.000502613 0.789636 0.000440658
0.802843 0.00064006 0.789236 0.000537739
0.80275 0.000540553 0.789132 0.000455786
0.802553 0.000382143 0.788958 0.000309479
0.802558 0.000295234 0.788923 0.000236979
0.802368 0.000217869 0.788791 0.000162951
0.802333 0.000106954 0.788758 9.57193e-05
0.802304 8.11544e-05 0.788696 8.85969e-05
0.802262 4.582e-05 0.788662 7.8423e-05
0.80216 7.28084e-05 0.788532 8.92744e-05
0.801997 0.000241713 0.788263 0.000295138
0.801736 0.000362347 0.787967 0.000386083
0.801942 0.000284942 0.78819 0.00033264
0.80167 0.000437983 0.787846 0.000478319
0.801214 0.00034957 0.787318 0.000369311
0.801154 0.000292601 0.787258 0.000377517
0.801505 0.000542584 0.787645 0.000589603
0.801182 0.000401145 0.787245 0.000475956
0.800935 0.000188261 0.786934 0.0002275
0.801019 0.000420078 0.787103 0.000512157
0.800909 0.000287317 0.786899 0.000387427
0.800792 0.000172254 0.786779 0.000324965
0.800669 7.0576e-05 0.786533 0.000161873
0.800675 0.000251302 0.786578 0.000324999
0.800508 0.00017856 0.786281 0.000297067
0.800343 0.000221862 0.786041 0.000342593
0.800096 0.000293882 0.785781 0.000390374
0.800174 0.000293042 0.785762 0.000361909
0.799743 0.000369295 0.785172 0.000720829
0.799492 0.000394164 0.784657 0.000692445
0.799331 0.000157764 0.78441 0.000331168
0.79937 0.000364537 0.784271 0.00072158
0.799209 0.00023215 0.784097 0.000611909
0.79912 0.000418303 0.783795 0.000795006
0.798697 0.000395344 0.783263 0.000503466
0.798817 0.000417894 0.783169 0.000567321
0.798394 0.000603235 0.782652 0.000793722
0.797893 0.000980926 0.781921 0.000927686
0.797617 0.000744886 0.781601 0.000859623
0.797404 0.00112484 0.781238 0.000983313
0.797394 0.00118067 0.781155 0.00138416
0.796144 0.00154187 0.77974 0.00148271
0.795513 0.00158847 0.779242 0.00158895
0.795339 0.00106688 0.778964 0.00104579
0.794721 0.00144012 0.778206 0.00121392
0.793951 0.00213945 0.777613 0.00181329
0.791688 0.00201088 0.775396 0.00191565
0.789898 0.00209406 0.773634 0.00187956
0.789559 0.00387105 0.772995 0.00354352
0.787999 0.00395463 0.771756 0.00359961
0.785335 0.0032194 0.769125 0.00286343
0.785048 0.00324767 0.768196 0.00306285
0.781188 0.0033519 0.764991 0.00294561
0.779306 0.0055061 0.763472 0.0049302
0.774388 0.00452149 0.758685 0.00441727
0.774287 0.0066283 0.758403 0.00585656
0.766664 0.004644 0.750915 0.00453038
0.767429 0.00504616 0.75136 0.00491371
0.759569 0.00542784 0.743367 0.00562364
0.758414 0.00432152 0.742553 0.00397298
0.755711 0.00335041 0.738856 0.00389576
0.749624 0.00635821 0.733233 0.00651439
0.750194 0.00486438 0.733335 0.0048229
0.743224 0.00339082 0.726284 0.00328097
0.744571 0.00289718 0.727824 0.00334081
0.737576 0.00243128 0.720183 0.00247112
0.736521 0.00232446 0.718616 0.00203188
0.734672 0.00331471 0.716966 0.0029419
0.732958 0.00255282 0.715432 0.00214022
0.732371 0.00144112 0.715201 0.00112326
0.731023 0.00202564 0.713665 0.00142761
0.730098 0.00205555 0.713022 0.00142246
0.729621 0.00133177 0.712946 0.00101429
0.728854 0.0019387 0.712168 0.00135496
0.727169 0.00211612 0.710661 0.00172512
0.726316 0.00154088 0.710318 0.0010497
0.724735 0.00190127 0.709099 0.00144725
0.724414 0.00187125 0.708308 0.00170473
