0.968669 0.00178273 0.958291 0.00159854
0.96679 0.00023865 0.957192 0.000100098
0.967067 0.000685807 0.957288 0.000258664
0.967073 0.000737839 0.957207 0.000329265
0.967489 0.00112701 0.957599 0.000722407
0.96726 0.000529031 0.957413 0.000231533
0.967326 0.000698958 0.95738 0.000470133
0.966852 0.000295424 0.95711 0.000219756
0.967426 0.000625233 0.957455 0.000262998
0.967361 0.000726742 0.957361 0.000282514
0.967572 0.00117999 0.957597 0.000769376
0.967202 0.000623352 0.957291 0.000451518
0.967232 0.00085023 0.957404 0.000512891
0.967259 0.0009427 0.957454 0.000629052
0.967134 0.00035685 0.957205 0.000324769
0.96702 0.000432632 0.957315 0.000554803
0.967352 0.00123488 0.957614 0.001072
0.96679 0.00050879 0.957302 0.000313496
0.967299 0.000436539 0.957398 0.000358833
0.967314 0.000813767 0.957365 0.000739728
0.967645 0.00124913 0.957688 0.00115472
0.967387 0.00103017 0.957392 0.000913483
0.966917 0.00015549 0.957287 0.000159276
0.967721 0.00111688 0.957719 0.00100003
0.967158 0.00070986 0.957321 0.000450156
0.967224 0.000238115 0.957295 0.000509178
0.967241 0.000399684 0.957508 0.000643841
0.967613 0.00127446 0.957936 0.00122591
0.967805 0.00141823 0.957708 0.00167999
0.967129 0.000493755 0.957543 0.000706558
0.967163 0.000180886 0.957084 0.000363243
0.967325 0.000190117 0.95737 0.000671926
0.967174 0.000226158 0.956987 0.000486139
0.967185 0.000443638 0.957369 0.000403417
0.967105 0.000196258 0.957338 0.000281851
0.967218 0.000376913 0.957078 0.000445115
0.967219 0.00033846 0.957494 0.000615013
0.967225 0.000426533 0.957426 0.000304702
0.96721 0.000398905 0.957293 0.000601068
0.967398 0.000270098 0.957098 0.000614482
0.967163 0.000393715 0.957537 0.000724278
0.967384 0.000430676 0.957625 0.000830643
0.967138 0.000205 0.957133 0.000574802
0.967828 0.00116934 0.957785 0.000929666
0.967481 0.000980183 0.95741 0.000715356
0.967245 0.00024302 0.957259 0.000496072
0.967211 0.000141306 0.957331 0.000574288
0.967283 0.00020309 0.957093 0.000497497
0.967237 0.000208309 0.957017 0.000422897
0.967403 0.000254724 0.957129 0.000499621
0.967383 0.000190783 0.956873 0.000927191
0.967335 0.000554822 0.957315 0.000890956
0.967324 0.000159906 0.957231 0.000602647
0.96733 0.000156707 0.957014 0.000553834
0.967512 0.000348172 0.957448 0.000632819
0.967301 0.000245001 0.956911 0.00050983
0.967505 0.000143556 0.957397 0.000870566
0.967512 0.000555501 0.957151 0.000857407
0.967449 0.000264056 0.956719 0.00048213
0.967311 0.000377205 0.957719 0.00107077
0.967609 0.000904285 0.957606 0.000893079
0.967439 0.000293703 0.957761 0.000671758
0.967491 0.000602074 0.957166 0.00080756
0.967238 0.000322524 0.956999 0.000735359
0.967494 0.000243146 0.957086 0.000618206
0.967457 0.000381804 0.957072 0.00069624
0.967687 0.000725778 0.957117 0.000818351
0.967456 0.000220627 0.957255 0.00103686
0.967464 0.000212065 0.957305 0.000736066
0.967499 0.000294812 0.957213 0.000839489
0.967496 0.000225965 0.957127 0.000777611
0.967547 0.000268805 0.95728 0.00098232
0.967528 0.000281217 0.957255 0.00051052
0.967541 0.000302258 0.957271 0.000901432
0.967352 0.00031479 0.956942 0.00106405
0.967709 0.000336975 0.957643 0.000970001
0.967555 0.000301216 0.957395 0.000681348
0.967663 0.000386773 0.957196 0.00106039
0.967597 0.000249498 0.957322 0.000872041
0.967509 0.000404165 0.957091 0.000723564
