0.803875 5.40452e-05 0.789985 5.14073e-05
0.803617 0.000324166 0.789732 0.000259669
0.803123 0.00033006 0.789396 0.000257217
0.802955 0.000538327 0.789222 0.000395376
0.802811 0.000470547 0.78908 0.000330817
0.802639 0.000373347 0.788969 0.000300445
0.802538 0.000201232 0.788891 0.000156482
0.80235 6.13592e-05 0.788728 5.17785e-05
0.802336 7.5562e-05 0.788724 6.32906e-05
0.802197 0.00013673 0.788559 0.000176297
0.801977 0.0002453 0.788322 0.000281975
0.801591 0.000317514 0.787873 0.000366127
0.80176 0.000417126 0.788027 0.00051665
0.801355 0.000452276 0.787518 0.00054201
0.800888 0.000192684 0.786858 0.000313043
0.800981 0.000180146 0.787054 0.000202168
0.801068 0.000354245 0.787023 0.000537831
0.800791 9.51824e-05 0.786678 0.000186407
0.800693 0.000108132 0.786472 0.000230617
0.800595 0.000103351 0.786325 0.000179424
0.800547 0.000113304 0.786171 0.000172305
0.800411 0.000224702 0.785965 0.000394547
0.800228 0.000150846 0.785587 0.000288183
0.799845 0.000222147 0.784773 0.000443508
0.799699 0.000197539 0.784565 0.000489767
0.799553 0.000140005 0.784239 0.000396065
0.799488 0.000302036 0.78412 0.000663019
0.799389 0.000103696 0.783751 0.000418888
0.799141 0.000181683 0.783087 0.000212311
0.798796 0.000267927 0.782894 0.000429766
0.79856 0.000396091 0.782455 0.000550827
0.798023 0.000691344 0.781907 0.000839534
0.797076 0.000728894 0.780923 0.000868441
0.796263 0.000634629 0.780249 0.00064068
0.794585 0.000572881 0.778721 0.000483754
0.793988 0.00132933 0.778216 0.00132673
0.792555 0.000723546 0.776982 0.000710913
0.791413 0.00124345 0.775989 0.00109268
0.788488 0.00134818 0.77329 0.00123311
0.785738 0.00196107 0.770821 0.00173117
0.783044 0.0015262 0.768459 0.00157917
0.780547 0.00265275 0.766118 0.00244535
0.775591 0.00273575 0.761743 0.00262436
0.772542 0.00266521 0.758985 0.00245764
0.772235 0.00265269 0.758975 0.00224291
0.762353 0.00408287 0.74992 0.00370584
0.756175 0.0050256 0.743517 0.00489032
0.751645 0.00420177 0.739704 0.00405535
0.744855 0.00350158 0.733589 0.00341082
0.738292 0.00532213 0.726977 0.00522642
0.73444 0.00454374 0.72288 0.00466762
0.727778 0.00402996 0.715779 0.00419277
0.722713 0.00142299 0.710333 0.00168797
0.719358 0.00121689 0.706195 0.00154541
0.71895 0.00114469 0.705277 0.00186538
0.717173 0.000947981 0.702744 0.000910317
0.716943 0.000328641 0.702308 0.000615749
0.716466 0.000223055 0.701678 0.000366538
0.71653 0.000290548 0.701588 0.00035118
0.716272 0.000243556 0.701396 0.000230185
0.71601 0.000148575 0.701215 0.000215078
0.71596 0.00020438 0.701127 0.000209357
0.715798 0.000263587 0.70099 0.000123204
0.715574 0.000122649 0.700586 0.000186717
0.715262 0.000139918 0.700407 0.000170851
0.714961 0.000183787 0.699838 0.000231041
0.714654 0.000160208 0.699476 0.000375872
0.714064 0.000487311 0.698578 0.000588676
0.713135 0.00057241 0.697432 0.00106754
0.712269 0.000557656 0.696639 0.000927536
0.711071 0.000665251 0.695003 0.000631073
0.70867 0.00081783 0.692859 0.000983797
0.705555 0.000876174 0.689547 0.000945885
0.702725 0.00107825 0.686831 0.00106191
0.69975 0.000507446 0.684326 0.000478675
0.698229 0.000434315 0.682865 0.000537569
0.697832 0.000473461 0.682477 0.000420692
0.697496 0.000241207 0.681985 0.000296806
0.697129 0.000351105 0.681726 0.000322318
0.696685 0.000293388 0.681072 0.000359065
