0.796441 0.000337349 0.791474 0.000306798
0.797337 0.000484641 0.792185 0.000235887
0.797523 0.000485683 0.792278 0.000420464
0.797442 0.000339568 0.792449 0.000349759
0.797405 0.000590549 0.792392 0.000304589
0.797451 0.000406783 0.792585 0.000257098
0.797726 0.00053316 0.792865 0.000296649
0.797373 0.000533987 0.792793 0.000424898
0.797479 0.000598008 0.792933 0.000359652
0.797708 0.000454439 0.792932 0.000372207
0.797388 0.000834771 0.793201 0.000294913
0.797532 0.000403977 0.793246 0.000418289
0.797467 0.000593418 0.793339 0.000447834
0.797191 0.000518471 0.793384 0.000327774
0.797485 0.000626942 0.793635 0.000263469
0.797534 0.000553941 0.793808 0.000277096
0.797299 0.000665865 0.793686 0.000354923
0.797387 0.000534425 0.793898 0.000329854
0.797423 0.000816853 0.793796 0.000407287
0.797494 0.000761182 0.793865 0.000494226
0.797712 0.000595384 0.793896 0.000462272
0.797538 0.000369137 0.793871 0.000314118
0.797355 0.000541582 0.793926 0.000299128
0.797869 0.00069429 0.794061 0.000602264
0.797547 0.000557361 0.794256 0.000654573
0.797389 0.000723746 0.794339 0.000308479
0.79745 0.000545791 0.794087 0.000331887
0.797143 0.000465304 0.794411 0.000277378
0.797561 0.000656627 0.794387 0.000420768
0.797451 0.000476997 0.794303 0.000533905
0.797851 0.000540979 0.79431 0.000573027
0.797345 0.000563602 0.794422 0.000364143
0.79739 0.000434528 0.794624 0.000413108
0.797376 0.000484066 0.794422 0.000316756
0.797778 0.000353418 0.794458 0.000528022
0.797708 0.000436007 0.794686 0.000246272
0.797548 0.000621022 0.794961 0.000473165
0.797313 0.00057109 0.794774 0.000658992
0.797713 0.000766057 0.794911 0.00039524
0.797474 0.000570617 0.794913 0.000430669
0.798021 0.000439602 0.794684 0.000356729
0.797563 0.000585023 0.794568 0.000310176
0.797652 0.000511692 0.794954 0.000262712
0.797735 0.000428365 0.794973 0.000497297
0.79745 0.000538654 0.795075 0.000393194
0.797391 0.000635454 0.795071 0.000391726
0.797793 0.000866282 0.795369 0.000386356
0.79789 0.00060247 0.794914 0.000438891
0.798003 0.000656576 0.795446 0.000394833
0.798055 0.000614557 0.79535 0.000483537
0.797797 0.000541494 0.794858 0.000468491
0.798103 0.000661629 0.795464 0.000358697
0.797943 0.000614465 0.79515 0.000438379
0.797743 0.000549088 0.795549 0.000534226
0.797773 0.000529167 0.795136 0.000432615
0.797688 0.000777488 0.795413 0.00041599
0.797437 0.000683937 0.795454 0.000549903
0.798298 0.000754478 0.795679 0.000369515
0.798344 0.000704933 0.795442 0.000475314
0.798139 0.000648251 0.795726 0.000495101
0.798122 0.000470348 0.795613 0.000496202
0.798297 0.000614734 0.795595 0.00043954
0.798102 0.000485542 0.795559 0.000340594
0.797973 0.000432042 0.795767 0.000354504
0.798084 0.000677883 0.795667 0.000559344
0.798283 0.000715247 0.795632 0.000683587
0.79832 0.000870379 0.795815 0.000435018
0.798348 0.000741463 0.795898 0.000391256
0.799 0.000633773 0.795992 0.000484437
0.798229 0.00115465 0.795705 0.000578297
0.798366 0.000775887 0.796076 0.000577507
0.798605 0.000759959 0.796117 0.000293229
0.798595 0.000856226 0.795942 0.000341837
0.798463 0.000453501 0.796286 0.000643425
0.79865 0.000898318 0.796206 0.00044486
0.798349 0.000798598 0.79629 0.00051379
0.798712 0.000663441 0.796254 0.000406641
0.798799 0.000482082 0.796312 0.000616706
0.798567 0.000932556 0.796321 0.00045338
0.798944 0.000322732 0.79639 0.000513505
0.798762 0.0012034 0.796219 0.00045716
0.799025 0.000868507 0.796617 0.000532292
0.799307 0.001039 0.796509 0.000617959
0.798883 0.000617028 0.796352 0.000292325
0.798915 0.000617885 0.796543 0.000442771
0.79939 0.000961349 0.796069 0.000584219
0.798724 0.000677532 0.79672 0.000443041
0.799061 0.000998224 0.796669 0.000562357
0.798956 0.000805476 0.796767 0.000376798
0.799078 0.000594683 0.79705 0.000837855
0.799484 0.00123359 0.796708 0.000995085
0.798873 0.000648007 0.796803 0.000495076
0.799507 0.000431391 0.797105 0.000596486
0.799698 0.00109478 0.796722 0.000733656
0.79904 0.000839156 0.797091 0.000486496
0.799706 0.000939705 0.797058 0.000594104
0.799099 0.00105786 0.796794 0.000683171
0.799511 0.000898799 0.796757 0.000631803
0.799137 0.00134158 0.797031 0.000635534
0.799334 0.000901804 0.797192 0.000578658
