0.803985 5.56564e-05 0.790178 1.83788e-05
0.803951 4.91268e-05 0.790119 4.30649e-05
0.803869 0.00024443 0.790005 0.000198754
0.803575 0.000253669 0.789726 0.000235014
0.803676 0.000348018 0.789795 0.000343615
0.803634 0.000338757 0.789732 0.000334839
0.803499 0.000434367 0.789589 0.000425574
0.803686 0.000434418 0.789782 0.00042577
0.803496 0.000499192 0.789525 0.000524911
0.803441 0.000535386 0.789484 0.000544004
0.803632 0.000423472 0.789617 0.000421051
0.803131 0.0004728 0.789061 0.000477603
0.802956 0.000390981 0.788886 0.000416335
0.802922 0.000409643 0.788821 0.000442769
0.802795 0.000147408 0.788645 0.000179981
0.803002 0.00029804 0.788825 0.000312365
0.802744 0.000109388 0.78856 7.38783e-05
0.802868 0.000202563 0.788603 0.000191888
0.80289 0.000230006 0.788612 0.000241178
0.80276 0.000136 0.788496 0.000153648
0.802959 0.000142304 0.788541 9.6401e-05
0.802852 0.000167959 0.788432 0.000218417
0.802809 0.000116343 0.788342 8.19527e-05
0.802772 9.68916e-05 0.788254 0.000103155
0.802736 0.000158907 0.788218 0.000104152
0.802704 0.000171297 0.788189 0.000148836
0.80284 0.000159621 0.788248 0.000141672
0.80275 0.00032399 0.788077 0.000221652
0.802651 0.000254945 0.788041 0.000214358
0.80271 0.000128166 0.7881 9.4876e-05
0.802618 0.000288173 0.787964 0.000213953
0.802641 0.000241522 0.787971 0.000164647
0.802717 0.00014376 0.787997 0.000102245
0.802431 0.000414052 0.787835 0.000221376
0.802629 0.000276387 0.787912 0.000155784
0.802476 0.000393527 0.787777 0.000226009
0.802489 0.000417098 0.78781 0.000247184
0.802391 0.000437239 0.78777 0.000277531
0.802452 0.000414195 0.787768 0.000270475
0.802167 0.000376207 0.78759 0.000281708
0.802066 0.000432219 0.787453 0.000312011
0.802182 0.00031099 0.787521 0.000170046
0.802272 0.000479145 0.787597 0.000268599
0.801984 0.00038004 0.787334 0.000226256
0.801763 0.000239923 0.787174 0.000136651
0.802004 0.00043248 0.787319 0.000324982
0.801642 0.000366873 0.787102 0.000293075
0.801708 0.000261001 0.787084 0.000275498
0.801642 0.000421864 0.787056 0.000424872
0.801633 0.000335013 0.787071 0.000357132
0.801519 0.00055324 0.78684 0.000565769
0.801417 0.000365709 0.786705 0.000337312
0.801651 0.000531152 0.786885 0.000491064
0.801258 0.000400723 0.78656 0.000450864
0.801292 0.000634511 0.786452 0.000675217
0.800903 0.000555431 0.78596 0.00077903
0.80082 0.000655677 0.7858 0.000796937
0.800918 0.000459953 0.785954 0.000684545
0.800773 0.000463192 0.785806 0.000572564
0.800932 0.000415155 0.786037 0.000551864
0.800749 0.000433635 0.785535 0.000607545
0.800703 0.000368298 0.785457 0.00059008
0.800581 0.000532486 0.785399 0.000658141
0.800538 0.000496265 0.785161 0.000639121
0.800381 0.000771949 0.784945 0.000860254
0.800465 0.000299274 0.785103 0.000426516
0.800278 0.000470507 0.784699 0.0006641
0.800231 0.00072104 0.78451 0.00102143
0.800523 0.000402842 0.784962 0.000480867
0.800096 0.000790144 0.784326 0.00115672
0.800119 0.000914719 0.784266 0.00100348
0.799832 0.000656182 0.783709 0.00105722
0.799708 0.00116846 0.783956 0.00149834
0.800025 0.00055104 0.783969 0.000613783
0.799814 0.000772222 0.783731 0.00112899
0.799442 0.00109251 0.783329 0.00114017
0.799743 0.000997662 0.783568 0.00116328
0.799482 0.001296 0.782991 0.00161105
0.799811 0.000921752 0.783384 0.00122321
0.799263 0.000789254 0.782788 0.00074225
