0.95578 0.00114045 0.946389 0.00134562
0.95519 0.00130122 0.945633 0.00160613
0.954459 0.00116121 0.944984 0.0010654
0.95334 0.00183746 0.943784 0.0019719
0.954474 0.000789318 0.94469 0.000943963
0.953261 0.00200702 0.943371 0.0019173
0.953017 0.00135012 0.943214 0.00119074
0.951966 0.00342365 0.94203 0.00319823
0.951679 0.00421214 0.941789 0.00404705
0.946305 0.00597835 0.936817 0.00595455
0.943249 0.00803084 0.933458 0.00784985
0.947018 0.00776637 0.936957 0.00761683
0.947822 0.00785689 0.937724 0.00784376
0.941128 0.00563477 0.931281 0.00546959
0.945399 0.00567816 0.935358 0.0056269
0.947134 0.00738761 0.936992 0.00733628
0.948901 0.00525901 0.938562 0.00524535
0.945105 0.0069738 0.934728 0.0068331
0.944159 0.00595492 0.933873 0.00573186
0.941229 0.0053049 0.931073 0.00494402
0.942412 0.00566828 0.932111 0.00558577
0.939779 0.00274945 0.929191 0.00238555
0.938802 0.00477764 0.928466 0.00449252
0.940388 0.00277994 0.929775 0.00269545
0.938178 0.00514131 0.927874 0.00491893
0.936546 0.00750681 0.925817 0.00801205
0.939805 0.00499417 0.929357 0.00482814
0.934891 0.0069799 0.923911 0.00728452
0.934674 0.00635545 0.924046 0.0060069
0.935771 0.0053395 0.925084 0.00520319
0.936843 0.00405272 0.926107 0.00406852
0.936513 0.00583224 0.925719 0.00564572
0.934733 0.0074394 0.923849 0.00746634
0.928591 0.0106856 0.917521 0.0119708
0.932832 0.00831081 0.921757 0.0089816
0.926739 0.0122156 0.914985 0.0128449
0.922467 0.0161257 0.910437 0.0172646
0.931911 0.00702834 0.920711 0.00723517
0.924422 0.0119155 0.912028 0.0127211
0.923191 0.00584671 0.910992 0.00681512
0.92526 0.0157149 0.913312 0.0166619
0.922974 0.00939622 0.909974 0.0109188
0.921865 0.00756954 0.90902 0.00815665
0.916763 0.00911269 0.903245 0.0098588
0.914871 0.0136605 0.901291 0.0142794
0.913319 0.0159369 0.899971 0.0167687
0.918497 0.0137461 0.905265 0.0145765
0.912644 0.0101507 0.899013 0.0104491
0.910927 0.00690617 0.896585 0.00765846
0.908914 0.0103058 0.894364 0.010954
0.90881 0.0100483 0.894541 0.0102221
0.913239 0.0079849 0.89887 0.00858446
0.904725 0.00879117 0.889806 0.00841915
0.902892 0.00880205 0.887735 0.0084685
0.904863 0.0132762 0.889726 0.0118012
0.898813 0.011104 0.884008 0.0100348
0.900365 0.0110061 0.885382 0.00997161
0.912069 0.0112005 0.897454 0.0115895
0.89744 0.0134221 0.882934 0.0124663
0.903211 0.0144564 0.888394 0.0136571
0.90157 0.0141655 0.886693 0.0133159
0.89325 0.00981303 0.87906 0.00905528
0.895076 0.0105054 0.880242 0.00902925
0.898762 0.00867446 0.883549 0.00786085
0.898034 0.0104792 0.883958 0.00986823
0.892495 0.0108129 0.878255 0.00989702
0.898198 0.0103928 0.883359 0.00931559
0.899439 0.0131247 0.884471 0.011943
0.88976 0.0102732 0.875322 0.00891391
0.88589 0.00541253 0.871527 0.00452731
0.893528 0.0109089 0.87874 0.0100054
0.892051 0.00992834 0.87698 0.00946702
0.891405 0.00817589 0.876683 0.00697143
0.894388 0.00914089 0.879373 0.00808976
0.885922 0.00634633 0.871537 0.00553894
0.895851 0.0078523 0.88051 0.00739735
0.888978 0.00846732 0.874305 0.00776306
0.89109 0.00881845 0.875796 0.00838742
0.885972 0.00958077 0.87024 0.00922954
0.887791 0.00936649 0.872323 0.00790342
