0.81078 0.000397134 0.795875 0.000809338
0.81055 0.000733615 0.79549 0.00101522
0.810145 0.000476974 0.795122 0.000923253
0.810423 0.000659932 0.795421 0.00111062
0.810413 0.000555758 0.795687 0.00123811
0.810642 0.000703994 0.79581 0.00095126
0.810395 0.00036166 0.795436 0.00103705
0.81041 0.000549689 0.795265 0.000746154
0.810428 0.000643922 0.795572 0.00109609
0.810712 0.000711472 0.796072 0.001352
0.810378 0.00079427 0.795644 0.00163083
0.810724 0.000636526 0.795519 0.000962221
0.810284 0.000506241 0.795024 0.000753558
0.810457 0.000611519 0.796079 0.00143638
0.810573 0.000591593 0.795489 0.000940589
0.810546 0.00051863 0.795649 0.00071138
0.810504 0.000476527 0.795626 0.000881575
0.81047 0.000730355 0.795994 0.00113722
0.810558 0.000530666 0.795588 0.000961596
0.810901 0.000552017 0.796114 0.000935141
0.810488 0.000485905 0.795903 0.00131488
0.810526 0.000608801 0.795703 0.000996019
0.810552 0.000531735 0.795908 0.000849195
0.8107 0.000434536 0.796005 0.00101266
0.810254 0.000552176 0.795472 0.00110887
0.810653 0.000533711 0.795641 0.000880546
0.81036 0.000570691 0.795248 0.000982909
0.810606 0.000578948 0.796011 0.00106369
0.810511 0.000591583 0.795549 0.00108276
0.810364 0.000400726 0.795292 0.000548412
0.810352 0.000283301 0.795277 0.000629107
0.810639 0.000476674 0.79583 0.000725777
0.81046 0.000905956 0.795704 0.000745433
0.810672 0.000621869 0.795962 0.000673983
0.810499 0.000336019 0.795397 0.000570917
0.810831 0.000432483 0.795897 0.0010706
0.810989 0.00066434 0.796119 0.000945412
0.810408 0.000439476 0.795803 0.000523039
0.810825 0.000828953 0.795878 0.000905935
0.810795 0.000668384 0.795376 0.00105062
0.810499 0.000659873 0.795205 0.000583047
0.810894 0.000503515 0.795685 0.000896367
0.810839 0.000538359 0.795735 0.00109721
0.811087 0.000479201 0.795699 0.000516149
0.810635 0.000698677 0.795716 0.0010377
0.810659 0.000644569 0.795562 0.000815935
0.810511 0.00051964 0.795139 0.000329319
0.810632 0.000621062 0.795727 0.000778435
0.810448 0.000783154 0.795118 0.000804135
0.810424 0.000639264 0.795795 0.000824007
0.810608 0.000653824 0.795417 0.00105261
0.810462 0.000629026 0.79546 0.00113273
0.811147 0.000440437 0.795768 0.000667969
0.81096 0.000633966 0.795845 0.000993661
0.81039 0.000490323 0.795497 0.000924433
0.810534 0.000587798 0.795047 0.000360162
0.81082 0.000786023 0.795267 0.00094547
0.810555 0.000500004 0.795478 0.000684904
0.810499 0.000507121 0.795215 0.000415469
0.811085 0.000464347 0.795923 0.000745352
0.810563 0.000519389 0.794996 0.0013699
0.810723 0.000827196 0.795735 0.000873818
0.810513 0.000291846 0.795114 0.000874328
0.810368 0.000719296 0.795259 0.000660963
0.810796 0.000548382 0.795522 0.00113871
0.810511 0.00062289 0.79522 0.00062079
0.8109 0.000587987 0.795398 0.000753639
0.810686 0.000702594 0.79501 0.000844721
0.810471 0.000722115 0.795033 0.000855787
0.811173 0.000750268 0.795714 0.000802282
0.810756 0.00062156 0.795414 0.00100056
0.810684 0.000450781 0.795407 0.000824436
0.810374 0.000760992 0.795502 0.000585489
0.810506 0.000503989 0.795264 0.000497968
0.811169 0.000646071 0.795649 0.000992721
0.810502 0.000470706 0.794892 0.000596152
0.810663 0.00082735 0.795213 0.000923303
0.810631 0.000513388 0.795069 0.000867194
0.810613 0.000852268 0.795229 0.000558618
0.810823 0.000530016 0.795152 0.000457757
