0.968944 0.00146469 0.958466 0.00172624
0.970471 0.00207662 0.960644 0.00327121
0.969561 0.00229806 0.959497 0.00326531
0.969062 0.0018036 0.958735 0.00222146
0.969511 0.00149294 0.959155 0.00197905
0.96956 0.00154719 0.959112 0.00190569
0.970033 0.00172261 0.960071 0.00254164
0.970335 0.00129475 0.960097 0.00163148
0.969441 0.00127591 0.958991 0.00164133
0.969481 0.00185898 0.959423 0.0028915
0.969837 0.00206627 0.960036 0.00309705
0.968513 0.000824608 0.957978 0.000842514
0.969979 0.00219236 0.960147 0.0031378
0.969903 0.00172426 0.95977 0.00211675
0.969934 0.00196916 0.959806 0.00258894
0.970536 0.00201387 0.96086 0.00288196
0.96955 0.0017421 0.959453 0.00244658
0.969353 0.0015739 0.959187 0.00233451
0.969073 0.0017719 0.959019 0.00250784
0.969207 0.00143271 0.958859 0.00182291
0.969664 0.00134454 0.959324 0.00182851
0.968899 0.0011771 0.958559 0.00150012
0.969345 0.00156973 0.959193 0.00196906
0.968262 0.000592634 0.95782 0.000634755
0.969159 0.00155974 0.958836 0.00205025
0.969274 0.00168307 0.959142 0.00259479
0.969558 0.00130278 0.959347 0.00146272
0.96841 0.0009789 0.957931 0.0012969
0.969773 0.00168953 0.959677 0.00245477
0.969021 0.00157317 0.958817 0.00193114
0.96864 0.0015298 0.958668 0.00243817
0.968913 0.00151857 0.958576 0.00167945
0.969523 0.00153887 0.959576 0.00217387
0.968535 0.000681339 0.957987 0.00077812
0.969607 0.00164893 0.959742 0.00240462
0.968527 0.000791465 0.958138 0.000881601
0.968634 0.0010047 0.958193 0.00119193
0.969026 0.0014767 0.958711 0.00206938
0.968384 0.000938812 0.957991 0.00127606
0.968922 0.00178387 0.958761 0.00253565
0.968466 0.000891232 0.958024 0.00108164
0.96955 0.00171838 0.959484 0.00255996
0.968573 0.00122209 0.958238 0.00133697
0.968996 0.00158108 0.959059 0.00234171
0.968534 0.00070096 0.958335 0.000945678
0.968812 0.00102547 0.958522 0.0015382
0.968259 0.00127681 0.958183 0.00148675
0.968242 0.000654138 0.957621 0.000631886
0.968844 0.00137424 0.958883 0.00181869
0.968365 0.000714639 0.958314 0.000927742
0.969566 0.00144554 0.959775 0.00206155
0.968627 0.00143944 0.958493 0.00155529
0.96849 0.000579516 0.958496 0.00125738
0.969506 0.00126479 0.959761 0.0017166
0.968792 0.00136637 0.958522 0.00178947
0.968494 0.000527164 0.95851 0.00102548
0.968812 0.00126808 0.958655 0.0020132
0.96851 0.000878999 0.958239 0.00120846
0.969185 0.00130458 0.958656 0.00136561
0.968644 0.00126283 0.958672 0.00115767
0.968505 0.000768644 0.958748 0.000923847
0.968838 0.000808599 0.95877 0.00110561
0.968787 0.00188905 0.958801 0.00252887
0.968079 0.00043731 0.957649 0.000673903
0.968775 0.000761234 0.958816 0.00124355
0.968464 0.000899527 0.958238 0.00116398
0.969014 0.00106692 0.959587 0.00156109
0.968394 0.000297035 0.958119 0.000950793
0.969343 0.00158925 0.959564 0.00228405
0.968498 0.000557197 0.958062 0.00107383
0.968482 0.000779407 0.9584 0.00138708
0.968617 0.000929809 0.958469 0.00141686
0.968974 0.000783577 0.95874 0.00111487
0.968339 0.000816395 0.958001 0.00124376
0.968634 0.000775925 0.958751 0.00146557
0.968559 0.000313922 0.958315 0.000770721
0.968725 0.000964997 0.95879 0.00147776
0.968687 0.000495528 0.95858 0.000868123
0.969097 0.00135864 0.958842 0.00205547
0.968398 0.000455492 0.958187 0.000643403
