0.967265 0.000184586 0.957184 0.000132496
0.967274 0.000256071 0.957248 0.000227861
0.96729 0.00039642 0.957385 0.000301076
0.96721 0.000162142 0.957199 0.00017663
0.967326 0.000264078 0.957338 0.000226186
0.967467 0.000242425 0.957351 0.000254075
0.967138 0.000131325 0.957116 0.000196871
0.967221 0.000196015 0.957303 0.000117596
0.9672 0.000181901 0.957236 0.00015656
0.967305 0.000124978 0.957318 0.000126391
0.967239 0.000162703 0.957219 0.000264852
0.96723 0.00020272 0.957221 0.000180397
0.967218 0.000244569 0.957315 0.000150996
0.967117 0.000205299 0.957237 0.00017262
0.967319 0.000253233 0.957478 0.000420535
0.9673 0.000333335 0.957312 0.000312814
0.967321 0.000246881 0.957327 0.000190726
0.967192 0.000336216 0.957374 0.000254462
0.967339 0.000303904 0.957389 0.000322645
0.967258 0.000151682 0.957157 0.000284395
0.96726 0.000268976 0.957322 0.000316558
0.9673 0.000314042 0.95747 0.000264812
0.967269 0.000254668 0.957436 0.000244444
0.967429 0.000294864 0.957227 0.00026792
0.967344 0.000414869 0.957421 0.000293119
0.967349 0.000346786 0.957395 0.000533061
0.967258 0.000307628 0.95724 0.00028092
0.967057 0.00020961 0.957404 0.000284007
0.967319 0.000230805 0.957263 0.000358685
0.967334 0.000154761 0.95718 0.000183492
0.967304 0.000251527 0.957369 0.000288936
0.96725 0.000285697 0.95722 0.000377872
0.967392 0.000320767 0.957132 0.000359985
0.967371 0.00020743 0.957029 0.000227344
0.967446 0.000284264 0.957586 0.000523887
0.967276 0.000385243 0.957442 0.000364033
0.967562 0.000509895 0.957482 0.000807185
0.967284 0.000339906 0.957281 0.00026058
0.967466 0.000217271 0.957285 0.000301451
0.967448 0.000330271 0.957355 0.0003647
0.967382 0.000295065 0.957348 0.000612422
0.967394 0.000392063 0.957498 0.000509471
0.967387 0.000184116 0.957159 0.000333215
0.967403 0.00031162 0.957166 0.000410867
0.967558 0.000236685 0.957202 0.000440285
0.967451 0.000313205 0.957432 0.000655592
0.967427 0.000339378 0.957145 0.000590323
0.967328 0.000305807 0.957128 0.00051726
0.967326 0.000412374 0.957362 0.000284418
0.967426 0.000474466 0.957182 0.000507155
0.967624 0.000228163 0.957403 0.00063068
0.96752 0.00020925 0.957189 0.000478998
0.967369 0.000218533 0.957206 0.000370826
0.967397 0.0004059 0.957237 0.000599339
0.967516 0.000387047 0.957049 0.000263828
0.967705 0.000338452 0.957068 0.000378125
0.967489 0.000319252 0.957302 0.000605862
0.967784 0.000250156 0.956951 0.000342995
0.967252 0.000217276 0.957388 0.000479081
0.967725 0.000367257 0.957065 0.00038621
0.967644 0.000396508 0.957241 0.000419614
0.967579 0.000456234 0.957046 0.000530367
0.967575 0.000261141 0.957157 0.000642526
0.967541 0.000465957 0.956872 0.000362872
0.967758 0.000311025 0.957018 0.000476375
0.967624 0.00034973 0.957235 0.000552846
0.96763 0.000340103 0.957423 0.000643568
0.967555 0.000272499 0.956977 0.000636029
0.967653 0.000268588 0.956954 0.000440778
0.967749 0.000366073 0.95695 0.00047912
0.967658 0.00026233 0.957248 0.000570766
0.967536 0.000507236 0.957109 0.000330063
0.967491 0.000440894 0.957365 0.00068383
0.967523 0.000435246 0.95709 0.000589667
0.967726 0.000388223 0.956775 0.000331246
0.967781 0.00027225 0.957101 0.000375458
0.967732 0.000281118 0.95729 0.000778976
0.967719 0.000280161 0.956965 0.000353946
0.967622 0.000279674 0.957307 0.000728193
0.967718 0.000330499 0.95698 0.000505449
