0.968524 0.00160686 0.958454 0.00266572
0.96931 0.00182803 0.959062 0.00222296
0.968787 0.00194342 0.958696 0.00272793
0.968744 0.00144308 0.958311 0.00169665
0.968909 0.00138237 0.958584 0.00155588
0.968354 0.00134488 0.958016 0.00154731
0.968311 0.0018342 0.958126 0.00247603
0.970135 0.00199635 0.960215 0.00282207
0.969354 0.00212988 0.959493 0.0031969
0.967887 0.00067126 0.957474 0.000642539
0.969586 0.0018786 0.959561 0.00246193
0.968878 0.00141947 0.958645 0.00144547
0.96904 0.00198523 0.959008 0.00267846
0.968933 0.00176018 0.958862 0.00231944
0.968657 0.00161807 0.958363 0.00195691
0.969741 0.00183229 0.959597 0.00241772
0.969212 0.00218791 0.959257 0.00269597
0.967735 0.000388843 0.957381 0.000398442
0.967949 0.000577901 0.957496 0.000554158
0.968016 0.000746567 0.957626 0.00082009
0.968731 0.00187758 0.958761 0.00257816
0.968416 0.00162941 0.958273 0.00203633
0.969521 0.00219342 0.959602 0.00287184
0.968589 0.00164808 0.958494 0.00219476
0.968297 0.000822172 0.957915 0.00081906
0.968323 0.00115758 0.958121 0.00162329
0.968803 0.0016881 0.958834 0.00244969
0.967876 0.000472231 0.957515 0.000454591
0.968489 0.00191717 0.958389 0.00228757
0.968873 0.00156985 0.958683 0.00175967
0.968247 0.000925606 0.958186 0.00108571
0.96885 0.00159674 0.958635 0.0018625
0.969228 0.00133467 0.959214 0.00174437
0.968736 0.00137762 0.958529 0.00166771
0.968771 0.00119385 0.958466 0.00150357
0.968457 0.00128249 0.958148 0.00153532
0.968173 0.000750306 0.957952 0.000820529
0.968266 0.00106566 0.957877 0.00127618
0.968657 0.00157358 0.958909 0.00222048
0.968843 0.00119801 0.958591 0.00172623
0.969173 0.00201366 0.959518 0.00321687
0.968026 0.000391755 0.957848 0.000699989
0.969686 0.00124057 0.959747 0.00179989
0.96888 0.00167367 0.958519 0.00214032
0.96819 0.000757712 0.957978 0.00108956
0.96822 0.000981896 0.957899 0.00155015
0.968307 0.000715651 0.958019 0.00081711
0.968263 0.0011265 0.958006 0.001379
0.968483 0.00128159 0.958662 0.00138847
0.968168 0.000658517 0.957948 0.000988221
0.968556 0.00110163 0.95868 0.00161302
0.968237 0.000695432 0.957977 0.000719675
0.967847 0.000389384 0.957482 0.000830411
0.967988 0.000491612 0.957554 0.000492085
0.968125 0.000728304 0.95791 0.00113685
0.968853 0.00130558 0.959041 0.00162072
0.968754 0.00105608 0.958609 0.00166641
0.969045 0.00112191 0.95906 0.00166425
0.968428 0.000862083 0.958182 0.00115476
0.968598 0.00107081 0.958818 0.00141086
0.968132 0.000566107 0.957948 0.00105166
0.968244 0.000665827 0.958145 0.00100098
0.968952 0.00182678 0.958888 0.00205588
0.968474 0.000702158 0.958224 0.00132369
0.968449 0.000953024 0.958301 0.00133002
0.968686 0.00102715 0.958959 0.00155388
0.968358 0.000392034 0.958469 0.00142769
0.968574 0.00104253 0.95842 0.00143152
0.96851 0.00107373 0.95878 0.00157033
0.968268 0.000698988 0.957681 0.00106651
0.968039 0.000392853 0.957852 0.000844135
0.968993 0.00144767 0.958769 0.00157945
0.968377 0.00048613 0.957978 0.00095066
0.968264 0.000652004 0.958191 0.00125129
0.968735 0.00121846 0.958636 0.00186994
0.96844 0.000853846 0.958545 0.00172431
0.968368 0.000666002 0.958206 0.00118821
0.968652 0.000911165 0.958875 0.00143072
0.96823 0.000387954 0.958231 0.00115568
0.968408 0.000957395 0.95844 0.00190428
