0.803945 0.000143902 0.790984 0.000127664
0.803557 0.000440606 0.790626 0.000399511
0.80277 0.000562597 0.789938 0.000494235
0.802519 0.000155678 0.789695 0.000113988
0.802708 0.000431801 0.789852 0.000357974
0.802569 0.000283008 0.789719 0.000207176
0.802492 0.000156516 0.789642 0.000110679
0.802312 3.08854e-05 0.789471 3.55421e-05
0.802156 0.000111714 0.789303 0.000132258
0.802145 0.000166609 0.789299 0.000191802
0.801794 0.000305659 0.788908 0.000334938
0.801612 0.000414436 0.78867 0.00045731
0.801375 0.000376186 0.788429 0.000434577
0.801002 0.000417479 0.78795 0.000476106
0.801148 0.000428864 0.788127 0.000490915
0.800691 0.000190924 0.78753 0.000228677
0.800627 0.000174066 0.787398 0.000239758
0.800513 0.000106456 0.787231 0.000117346
0.800435 7.60595e-05 0.787098 9.67115e-05
0.800352 8.8445e-05 0.78695 0.000129615
0.800235 7.79121e-05 0.786813 0.000124128
0.800288 0.000107715 0.786848 0.000196219
0.799872 0.000174446 0.786184 0.000239592
0.799776 0.000213286 0.785974 0.000421914
0.799563 0.000311174 0.785578 0.0006163
0.799378 0.000302392 0.785327 0.000535658
0.79912 8.52103e-05 0.78466 0.000295428
0.798973 0.000168149 0.784239 0.00037981
0.798732 0.000223675 0.784086 0.000427912
0.79866 0.00028145 0.783755 0.000456202
0.798108 0.000269134 0.783085 0.000329043
0.798163 0.000317327 0.783162 0.000329301
0.797061 0.000603273 0.782021 0.000570473
0.796491 0.000750398 0.781496 0.000742945
0.795381 0.000801119 0.780501 0.000694921
0.794908 0.000820091 0.780082 0.000703094
0.793762 0.00143383 0.778974 0.00127605
0.792281 0.00110508 0.777732 0.000969617
0.79001 0.00151438 0.775711 0.00133033
0.788575 0.001661 0.77439 0.00144496
0.787656 0.0020032 0.773479 0.00171113
0.783123 0.00290703 0.769465 0.00256463
0.781077 0.00326556 0.76756 0.00284282
0.776211 0.00246626 0.763282 0.00211585
0.773835 0.00230607 0.761185 0.00214568
0.767135 0.00327381 0.755095 0.00295289
0.765275 0.00300063 0.753226 0.00288625
0.760251 0.00296968 0.748481 0.00279649
0.753298 0.00310368 0.74218 0.0030838
0.751279 0.00490324 0.740144 0.00458737
0.745517 0.00496326 0.734593 0.00496578
0.737999 0.00323234 0.727128 0.00344278
0.735638 0.00493894 0.724716 0.00513891
0.727942 0.00250187 0.716747 0.00272287
0.723981 0.00261627 0.712343 0.00292269
0.720573 0.00132979 0.708481 0.00157117
0.71833 0.000631188 0.705799 0.000830639
0.717425 0.000920356 0.704612 0.00116128
0.716518 0.000320729 0.703249 0.000473597
0.716419 0.00024437 0.702948 0.000366747
0.716201 0.000147775 0.702598 0.000213741
0.716053 0.000138504 0.702355 0.000105715
0.716091 0.000177533 0.702268 0.000181322
0.715905 0.000120351 0.702137 0.000131664
0.715697 0.000187567 0.701908 0.000112949
0.715556 0.000174695 0.701712 0.000183045
0.715285 0.000149288 0.701338 0.000192959
0.715068 0.00021173 0.700957 0.000215774
0.714759 0.000228156 0.700445 0.000301905
0.714444 0.000467715 0.699976 0.000672967
0.71348 0.000274541 0.698567 0.000388372
0.712416 0.000758899 0.697239 0.000997345
0.710759 0.000491248 0.695342 0.000585374
0.709119 0.000802736 0.693619 0.000864809
0.706511 0.000862979 0.691138 0.000787934
0.704166 0.0013419 0.688835 0.00119682
0.7012 0.000776457 0.68604 0.00067049
0.699007 0.000430324 0.683943 0.000436361
0.698231 0.000310997 0.683081 0.000239053
0.697813 0.00022366 0.682689 0.000145825
