0.950211 0.0043025 0.950774 0.00347492
0.953783 0.00504563 0.953116 0.00391485
0.951829 0.00486404 0.952301 0.00383545
0.952579 0.00368314 0.952979 0.0029331
0.952113 0.00397288 0.952581 0.00328679
0.95462 0.00367102 0.954811 0.00277257
0.956239 0.00228861 0.955083 0.00155393
0.954645 0.00349397 0.954707 0.00277668
0.956782 0.00231264 0.956567 0.00162502
0.956773 0.00283334 0.956087 0.00158334
0.953986 0.00342758 0.954974 0.00249549
0.956643 0.00355985 0.956264 0.00273204
0.956284 0.00374802 0.956443 0.00285151
0.954793 0.00399188 0.955169 0.00375896
0.954059 0.00396699 0.954629 0.00326516
0.95758 0.00158989 0.95757 0.0010561
0.9578 0.00249102 0.95753 0.00214836
0.958451 0.000856663 0.95834 0.000573357
0.957583 0.00144687 0.957795 0.00110866
0.957986 0.00121112 0.957852 0.00137044
0.958347 0.00117922 0.958143 0.000897514
0.957425 0.00321876 0.957434 0.0028033
0.958025 0.000728115 0.958295 0.000587542
0.957425 0.00190775 0.957791 0.00154779
0.957953 0.0011607 0.958162 0.000841955
0.958071 0.00166109 0.957969 0.00114264
0.957638 0.00198153 0.957711 0.00200064
0.957217 0.00227703 0.957361 0.00157202
0.957497 0.00206597 0.957481 0.00196854
0.957364 0.0033314 0.957806 0.00246809
0.95716 0.00228491 0.957651 0.00135528
0.958401 0.000987517 0.958583 0.00050119
0.958114 0.00172226 0.958282 0.000965822
0.957139 0.0035878 0.957146 0.0035986
0.958435 0.00130751 0.958249 0.000933867
0.957528 0.00241857 0.957383 0.0027012
0.957869 0.00219524 0.957911 0.00238117
0.956961 0.0037894 0.956741 0.00383493
0.957839 0.0032221 0.957974 0.00309587
0.957837 0.00173589 0.958278 0.000944647
0.959043 0.000572695 0.95832 0.000652604
0.958849 0.000750321 0.958803 0.000591008
0.958614 0.00123294 0.958608 0.00115112
0.957482 0.00315529 0.957722 0.00329226
0.958178 0.00147931 0.958401 0.00132701
0.957787 0.00223273 0.958187 0.00253496
0.957104 0.00225065 0.957463 0.00220358
0.957932 0.00240257 0.958481 0.0019247
0.959234 0.000422724 0.958842 0.000228243
0.957871 0.00311274 0.958147 0.00261392
0.959062 0.00140762 0.958883 0.000945031
0.958965 0.000681189 0.958952 0.000430651
0.959014 0.000947757 0.958873 0.00065239
0.958431 0.00203586 0.958237 0.00156996
0.958717 0.00252087 0.95885 0.00180598
0.958649 0.000510714 0.958697 0.000608981
0.958692 0.000549096 0.959008 0.000538019
0.958164 0.00246739 0.958303 0.00283887
0.958238 0.00254876 0.958096 0.00236348
0.958541 0.00223512 0.958904 0.00172027
0.959501 0.000842238 0.959425 0.000585438
0.958614 0.00161153 0.958695 0.00123863
0.959488 0.000477973 0.959415 0.000402743
0.958733 0.00139432 0.958992 0.000561888
0.959247 0.00125897 0.958681 0.00152462
0.958497 0.00245714 0.958883 0.00164327
0.958978 0.00185671 0.9587 0.00108399
0.959415 0.000528656 0.959626 0.000544041
0.958354 0.0034986 0.957551 0.00296766
0.957358 0.00270108 0.957576 0.00258169
0.959546 0.000758856 0.959692 0.000621994
0.958736 0.00223849 0.959343 0.00200702
0.959406 0.000816861 0.95907 0.000562523
0.959619 0.00100447 0.95964 0.000760545
0.959894 0.00148581 0.959883 0.000707448
0.958861 0.00183123 0.95932 0.00143534
0.959739 0.00102108 0.959423 0.00124605
0.959488 0.00161423 0.95943 0.00192439
0.960367 0.00243895 0.960041 0.00198594
0.959937 0.000665819 0.959988 0.000809624
0.959603 0.000990594 0.959688 0.00058924
0.959745 0.000800609 0.959784 0.000768898
0.960525 0.00136519 0.960464 0.00151921
0.960271 0.00116093 0.959892 0.000425182
0.960275 0.00137863 0.960165 0.000444487
0.960068 0.000753513 0.960081 0.000477327
0.959261 0.0019885 0.959448 0.00162448
0.958273 0.00269546 0.958518 0.00249708
0.959727 0.00185428 0.959672 0.00122326
0.959174 0.00304541 0.958647 0.00271781
0.960138 0.00123115 0.959767 0.00104781
0.960832 0.000862325 0.960659 0.000567851
0.95966 0.00123963 0.960072 0.00122539
0.958599 0.00294107 0.958895 0.00266246
0.960399 0.0022608 0.959668 0.00301748
0.96049 0.00051572 0.960308 0.000557182
0.960074 0.00166159 0.960295 0.00173549
0.960551 0.00114014 0.960707 0.000845306
0.959366 0.00154901 0.959811 0.00155091
0.96029 0.000797735 0.960345 0.00103132
