0.958541 0.000520276 0.956136 0.000803725
0.959627 0.000704497 0.956196 0.000610025
0.960168 0.000918359 0.956505 0.000568121
0.959972 0.0010091 0.956751 0.00051116
0.960016 0.000761495 0.956741 0.000748165
0.960006 0.000611827 0.957119 0.000580519
0.959884 0.000551049 0.957072 0.000512076
0.960542 0.00059278 0.956986 0.000460182
0.960662 0.000659676 0.957195 0.000565333
0.960254 0.000734074 0.957508 0.000422808
0.959884 0.000574937 0.957499 0.000293501
0.959943 0.000602414 0.95739 0.000349911
0.95974 0.000627825 0.957517 0.000374111
0.959742 0.000628508 0.957546 0.000428602
0.960044 0.000709468 0.957395 0.000560216
0.959906 0.000393033 0.957741 0.000359536
0.959686 0.000294765 0.95776 0.000299161
0.96028 0.000594444 0.957592 0.000465924
0.960048 0.000824613 0.957509 0.00039691
0.959951 0.000568336 0.957692 0.000397705
0.960035 0.000438485 0.9579 0.000362085
0.95972 0.000655785 0.957913 0.00028671
0.960035 0.000498124 0.957733 0.000227381
0.959813 0.000486176 0.957823 0.000419506
0.959838 0.000647395 0.957733 0.000449294
0.960061 0.000525898 0.957816 0.000459615
0.960177 0.000771496 0.957942 0.000387236
0.959563 0.000786916 0.958084 0.000316228
0.959638 0.000592834 0.958066 0.000441354
0.959857 0.000745274 0.957743 0.000251109
0.960128 0.000739188 0.958082 0.000403395
0.959786 0.000559109 0.958024 0.000451073
0.959788 0.000548112 0.957992 0.000403866
0.959944 0.000449755 0.958025 0.000293103
0.960226 0.000610305 0.957933 0.000273883
0.960345 0.00101442 0.957896 0.000303745
0.959567 0.00058982 0.958176 0.000373185
0.959486 0.000560364 0.958145 0.0004496
0.959363 0.000595905 0.9579 0.00037096
0.959673 0.000598461 0.95821 0.000336807
0.96016 0.000785001 0.95801 0.000253028
0.959957 0.000701098 0.958038 0.000426114
0.960028 0.000565926 0.958164 0.000304447
0.960065 0.000397791 0.958242 0.0004015
0.960119 0.000739643 0.958121 0.00041739
0.959511 0.000831775 0.958106 0.000356426
0.960223 0.000494186 0.958201 0.000301784
0.959982 0.000703345 0.958294 0.000450615
0.959771 0.000677201 0.95824 0.000272025
0.959884 0.00045551 0.958305 0.000296147
0.959974 0.00103588 0.958065 0.000412999
0.960014 0.0008949 0.958152 0.000287575
0.95975 0.000522288 0.958231 0.000312028
0.959915 0.00100099 0.958042 0.000523465
0.959962 0.000563169 0.95843 0.000369234
0.960054 0.00070047 0.958364 0.000390187
0.959477 0.000564146 0.95829 0.000445724
0.959653 0.000640774 0.958328 0.000512986
0.959845 0.000585243 0.958409 0.000381763
0.959786 0.000737432 0.958542 0.000277378
0.959784 0.000780935 0.958304 0.000202382
0.960288 0.000486084 0.958299 0.000239327
0.959786 0.000649026 0.958162 0.000543794
0.959796 0.000702039 0.958568 0.000207312
0.959888 0.000874922 0.95845 0.000291137
0.960524 0.000878243 0.958259 0.000504175
0.95989 0.00083607 0.958447 0.000436111
0.960102 0.000844143 0.958607 0.000299053
0.959554 0.000976773 0.958739 0.000556905
0.959799 0.00042314 0.958349 0.000383969
0.959888 0.00108387 0.958534 0.000420305
0.960171 0.000795106 0.958589 0.00035375
0.960328 0.000986137 0.958288 0.000397996
0.960425 0.000334972 0.958767 0.000509387
0.960341 0.000717244 0.958412 0.000572846
0.960063 0.000606366 0.958353 0.00038989
0.960316 0.000839843 0.958423 0.000333783
0.960218 0.000642774 0.958487 0.000412569
0.959984 0.000651904 0.958433 0.000426386
0.959828 0.000625004 0.958637 0.000284838
0.960028 0.000675088 0.958731 0.000260955
0.960601 0.000615267 0.958323 0.000372091
0.960064 0.000866865 0.958361 0.000338524
0.960386 0.000834023 0.958739 0.000327084
0.96007 0.000777169 0.958508 0.000478779
0.959876 0.000884992 0.958801 0.000447941
0.960618 0.00060984 0.958353 0.000431345
0.960348 0.000624618 0.95865 0.000384186
0.960187 0.000791364 0.958678 0.000342982
0.960199 0.000395903 0.958606 0.000447011
0.96007 0.0004894 0.958727 0.000339256
0.960094 0.000809988 0.958963 0.000462067
0.96029 0.000795774 0.958805 0.000602463
0.96022 0.000753905 0.958963 0.000466878
0.960234 0.000479438 0.958982 0.000375967
0.960877 0.0014347 0.958438 0.00059679
0.960341 0.000685386 0.958791 0.00055056
0.960039 0.000554451 0.958827 0.000513856
0.960435 0.000707003 0.958804 0.000432195
0.960646 0.000678997 0.95864 0.000538283
