0.803942 0.000118818 0.790933 0.000104247
0.803557 0.000551304 0.790571 0.00050119
0.802834 0.000461835 0.789931 0.000409895
0.802718 0.000383601 0.789829 0.000326755
0.802671 0.000176415 0.789778 0.000142303
0.802668 0.000224366 0.789764 0.000186256
0.802622 0.00012704 0.789735 9.89388e-05
0.802557 9.18021e-05 0.78968 7.95814e-05
0.802438 0.000101858 0.78955 9.35613e-05
0.802324 0.000159597 0.78943 0.000162075
0.802028 0.000242203 0.789106 0.000280779
0.802112 0.000257747 0.789179 0.000290647
0.801936 0.000398784 0.788973 0.000472653
0.8016 0.000480399 0.788592 0.000565263
0.801101 0.000287676 0.787979 0.000356127
0.801125 0.000323976 0.787993 0.000389218
0.800868 0.000222693 0.787638 0.000271225
0.800777 0.000119016 0.787492 0.000183898
0.800725 7.25664e-05 0.787394 0.000110611
0.800656 4.18801e-05 0.78729 6.74435e-05
0.800603 5.95325e-05 0.787186 0.00011914
0.800384 9.91065e-05 0.786801 0.00015695
0.800341 0.000184377 0.786762 0.000307602
0.800061 0.000244221 0.786261 0.000384574
0.799903 0.000215119 0.785937 0.000403079
0.799604 0.000199914 0.785342 0.000430804
0.799463 0.000283987 0.785098 0.000567386
0.799347 0.000127259 0.784765 0.000205243
0.799082 0.000144559 0.784353 0.000235746
0.799019 0.000177129 0.784123 0.000351879
0.798809 0.000285508 0.783819 0.000396618
0.798256 0.000317527 0.783167 0.000332657
0.798071 0.000333767 0.782932 0.000374033
0.797264 0.000713 0.782142 0.000702765
0.796272 0.000668822 0.781183 0.000599294
0.795053 0.000875599 0.780084 0.000773896
0.79396 0.00124463 0.779107 0.00112895
0.79236 0.000661634 0.777663 0.000588662
0.791712 0.0012653 0.777081 0.00110208
0.790106 0.00121275 0.775674 0.001066
0.787927 0.00182795 0.77372 0.00160623
0.784874 0.00175024 0.770986 0.00154185
0.782194 0.00179072 0.768571 0.00158186
0.778537 0.00264675 0.7653 0.00237118
0.776694 0.00360475 0.763603 0.00320393
0.771765 0.00205943 0.759195 0.00184644
0.766274 0.00394087 0.754127 0.00360067
0.764266 0.00450654 0.752263 0.00415684
0.757953 0.00278916 0.746453 0.00258244
0.751934 0.0052514 0.74076 0.00502337
0.749482 0.00333956 0.738466 0.00333218
0.74278 0.00378706 0.731961 0.00372581
0.739638 0.00456343 0.728715 0.00454266
0.734316 0.00424308 0.72333 0.00442758
0.726005 0.00351307 0.71449 0.00380334
0.721981 0.0018875 0.70997 0.00213323
0.71904 0.00166925 0.70653 0.00196633
0.717828 0.000559415 0.705105 0.00070491
0.716713 0.000278373 0.703491 0.000402708
0.71648 0.000106567 0.703099 0.000224672
0.716315 0.000261076 0.702844 0.000326271
0.716128 0.000165688 0.702513 0.000164736
0.716046 9.94008e-05 0.702364 0.000125905
0.715913 0.000139034 0.70217 0.000135395
0.715853 0.000246415 0.702036 0.000119708
0.715699 0.000188587 0.701854 0.00018363
0.715412 0.000142842 0.701514 0.000148243
0.715241 0.000242883 0.701222 0.000290681
0.714992 0.000274633 0.700794 0.000349385
0.714397 0.000178554 0.699852 0.000317837
0.713921 0.000298064 0.699177 0.000440155
0.713024 0.000344304 0.697915 0.000509578
0.711487 0.00049492 0.696073 0.000597656
0.710023 0.000758587 0.694565 0.000738393
0.707424 0.000674816 0.691954 0.000605762
0.70426 0.000817366 0.688961 0.000714098
0.702244 0.000964836 0.687001 0.000823764
0.700106 0.000911558 0.684917 0.000845772
0.69852 0.000499774 0.683451 0.000448986
0.697959 0.000277276 0.682889 0.000268469
