0.803632 0.000112125 0.790039 9.64852e-05
0.803444 0.000426373 0.789788 0.000377207
0.802754 0.00053242 0.789173 0.000450512
0.80273 0.000585821 0.789159 0.0004882
0.802828 0.000582753 0.78923 0.000471908
0.8026 0.000436813 0.789022 0.000345987
0.802392 0.000212409 0.788849 0.000135641
0.802437 0.000255766 0.788856 0.000186716
0.802293 9.10533e-05 0.788735 4.88923e-05
0.802245 0.000103193 0.788685 9.44381e-05
0.802194 6.20302e-05 0.788638 5.77901e-05
0.801985 0.000192871 0.788388 0.000229661
0.801759 0.000414055 0.788128 0.000467072
0.801654 0.000443484 0.787968 0.000508979
0.801321 0.000346184 0.787607 0.000387462
0.801397 0.000513796 0.787678 0.000631009
0.801241 0.000443326 0.787458 0.000497651
0.800904 0.000244678 0.787097 0.000309018
0.801483 0.000375664 0.78774 0.000469601
0.800787 0.000137665 0.786891 0.000241021
0.800831 0.000341503 0.786962 0.000421282
0.800701 0.000196784 0.786769 0.000284552
0.80075 0.000273228 0.786764 0.000388657
0.800492 0.000141089 0.786364 0.000222995
0.800447 0.000137364 0.786404 0.000230404
0.800212 0.00018409 0.786038 0.000291426
0.800137 0.000212645 0.785823 0.00031414
0.799897 0.000301497 0.785433 0.000489734
0.79975 0.000274427 0.785118 0.000432243
0.799582 0.000303111 0.784916 0.000545049
0.799522 0.000310843 0.784703 0.000630483
0.799227 0.000164617 0.784353 0.000480153
0.799142 0.000180802 0.783903 0.00046538
0.799147 0.000300498 0.783962 0.000514627
0.798837 0.000320828 0.783433 0.00050565
0.798617 0.000343826 0.783072 0.000389072
0.798184 0.000280727 0.78242 0.00031417
0.797999 0.000622012 0.782145 0.000742593
0.797607 0.00065563 0.781693 0.000736936
0.796686 0.00102161 0.7807 0.00107099
0.796873 0.000819421 0.780811 0.00092794
0.795776 0.00137385 0.779591 0.00122184
0.795152 0.0012014 0.779023 0.00119602
0.794552 0.00135642 0.77814 0.00117834
0.794268 0.00175981 0.777854 0.00147469
0.792011 0.00162747 0.775786 0.0015198
0.791117 0.00196639 0.774907 0.00166452
0.788828 0.00265278 0.772798 0.00211597
0.787577 0.00197673 0.771356 0.00193428
0.785446 0.00339536 0.769263 0.00281101
0.782128 0.00414759 0.766123 0.00340097
0.776475 0.0036371 0.761323 0.00306291
0.775539 0.00552589 0.760274 0.00509739
0.773039 0.00455782 0.757868 0.00432876
0.770956 0.0057697 0.755649 0.00533334
0.764096 0.0058754 0.749558 0.00534389
0.762852 0.0030691 0.74801 0.00290418
0.758593 0.00395635 0.74395 0.00375034
0.752287 0.00530185 0.737799 0.00516211
0.750029 0.00282312 0.735432 0.00279649
0.745227 0.00526375 0.73017 0.0051211
0.740048 0.00364874 0.72549 0.00338704
0.736291 0.00404994 0.720772 0.00382316
0.735197 0.0028224 0.719193 0.00307714
0.731261 0.00242895 0.715096 0.00266026
0.727339 0.00188881 0.711217 0.00169774
0.726807 0.00115341 0.710298 0.00108241
0.726372 0.001329 0.710044 0.00113929
0.725853 0.00106446 0.709303 0.000890872
0.724331 0.00105454 0.707902 0.000852804
0.72456 0.000736273 0.70805 0.000631045
0.723721 0.00093037 0.707625 0.000711618
0.723461 0.000869693 0.707217 0.000557128
0.72246 0.00100545 0.706252 0.000663068
0.722343 0.000499162 0.705995 0.000412301
0.721589 0.00122554 0.705831 0.0008963
0.720754 0.00102435 0.705011 0.000699985
0.719896 0.00140658 0.704076 0.00137706
0.718027 0.00073072 0.702632 0.000735719
0.718042 0.00165768 0.702403 0.00148541
