0.963884 0.000336807 0.955324 0.000227959
0.964044 0.000541658 0.955597 0.000606414
0.963843 0.000595571 0.955418 0.000714185
0.963676 0.000294197 0.955213 0.000253036
0.963801 0.000290787 0.955326 0.000269838
0.963792 0.000460934 0.955344 0.00045064
0.963618 0.000208359 0.955127 0.000160019
0.963801 0.000354035 0.955319 0.000336865
0.963801 0.000333978 0.955228 0.000310787
0.963646 0.000177778 0.955079 0.000153925
0.963914 0.000650022 0.955446 0.000784226
0.963706 0.000288336 0.955248 0.000243873
0.963718 0.000376451 0.955149 0.000352183
0.963543 0.00037887 0.955012 0.000303425
0.963615 0.000286099 0.955066 0.000250016
0.963689 0.000572586 0.955092 0.000681786
0.963633 0.000532367 0.955153 0.000722127
0.963321 0.000306774 0.954778 0.000218285
0.963747 0.000459938 0.955025 0.000367778
0.96368 0.000530315 0.954949 0.000450444
0.963533 0.000504279 0.954895 0.000439212
0.963478 0.00029138 0.954864 0.000331913
0.963593 0.000445413 0.954964 0.000355767
0.963536 0.000550299 0.954874 0.000421761
0.963436 0.000557051 0.954755 0.000494988
0.963354 0.00022486 0.954735 0.000228618
0.963075 0.000370071 0.954404 0.000364622
0.963381 0.00029388 0.954763 0.000258482
0.963247 0.000268806 0.95456 0.000267666
0.963473 0.000419947 0.954776 0.000338747
0.963267 0.000338043 0.954457 0.000357688
0.963302 0.00030377 0.954605 0.000330527
0.963411 0.000407582 0.954615 0.000386739
0.96305 0.000357989 0.954215 0.000414886
0.963024 0.000296552 0.954301 0.000380797
0.963076 0.000336317 0.954205 0.00035643
0.963284 0.00025081 0.954425 0.000371372
0.963259 0.000343193 0.954422 0.000536848
0.963125 0.000358485 0.954239 0.00041388
0.96301 0.000188286 0.954061 0.000374548
0.963135 0.00039395 0.954226 0.000417569
0.963093 0.000235084 0.954243 0.000327685
0.963036 0.000268287 0.954102 0.000377697
0.963225 0.000374555 0.954287 0.00044183
0.963133 0.000288228 0.954187 0.00042428
0.963224 0.000251367 0.954297 0.000361407
0.962911 0.000257078 0.953889 0.000357304
0.963123 0.000318222 0.954159 0.000410109
0.962942 0.000203613 0.953831 0.000268877
0.962957 0.000106077 0.953858 0.000219262
0.963122 0.000381812 0.954003 0.000430749
0.963039 0.000286762 0.95396 0.000406234
0.963017 0.000177149 0.953924 0.000309888
0.962779 0.000544319 0.953703 0.000613843
0.963111 0.000402077 0.953924 0.000545849
0.963036 0.000416156 0.953826 0.000409929
0.96308 0.000186505 0.95393 0.000258116
0.963034 0.000423505 0.953786 0.000505041
0.963122 0.000329679 0.953932 0.000448447
0.96298 0.00021371 0.953779 0.000291941
0.962934 0.000744034 0.953744 0.00074615
0.963042 0.000328761 0.953843 0.000446728
0.962963 0.000609053 0.953838 0.000640706
0.962425 0.000841728 0.953241 0.000912879
0.963036 0.00018166 0.953851 0.000245828
0.962716 0.000564043 0.953511 0.000532008
0.962941 0.000472616 0.953672 0.000543678
0.962752 0.000460825 0.953404 0.000806781
0.962282 0.00114854 0.953118 0.000991892
0.96239 0.000843605 0.953089 0.00107202
0.962078 0.00113867 0.952834 0.00121026
0.962492 0.00134387 0.953106 0.00134542
0.961737 0.00113489 0.95259 0.00112242
0.96231 0.00132621 0.953107 0.00111495
0.961148 0.00127774 0.952137 0.00147755
0.960935 0.00203152 0.951637 0.00216295
0.960994 0.00189489 0.951601 0.00182807
0.960895 0.00144934 0.951789 0.00129422
0.961042 0.00197731 0.951479 0.00192875
0.960881 0.00132506 0.952 0.00124516
