0.808336 0.000269276 0.79406 0.000302763
0.808308 0.000289521 0.793901 0.000372827
0.808312 0.000277965 0.794065 0.000273178
0.808262 0.000275481 0.793925 0.000130697
0.808368 0.000201958 0.793791 0.000284452
0.808319 0.000178213 0.793884 0.000219484
0.808345 0.000258123 0.794058 0.0002944
0.808293 0.000303598 0.793931 0.000234051
0.808368 0.000220232 0.793919 0.000360257
0.808369 0.000318709 0.794097 0.00022293
0.808369 0.00027763 0.794018 0.000323425
0.808327 0.000303656 0.794167 0.000221238
0.808246 0.000359667 0.794114 0.000282485
0.808354 0.00034613 0.793785 0.000364952
0.808475 0.000412173 0.794071 0.000461444
0.808234 0.000293702 0.794087 0.000381949
0.808325 0.000240857 0.794103 0.000486663
0.808414 0.000331358 0.79401 0.00042344
0.808515 0.000286877 0.794194 0.000382499
0.808574 0.000181938 0.793958 0.000429999
0.808217 0.000469605 0.794335 0.000513929
0.808353 0.000258471 0.793959 0.00040263
0.808396 0.000354653 0.793762 0.000372615
0.808616 0.000171329 0.793902 0.000345906
0.808541 0.000253607 0.793757 0.000312384
0.808378 0.000348051 0.794124 0.000465389
0.808374 0.000472295 0.79416 0.000358265
0.808541 0.000428856 0.794073 0.000273833
0.808372 0.000515503 0.79427 0.000671791
0.808448 0.000288997 0.793858 0.000383624
0.808648 0.000454898 0.793858 0.00030438
0.808411 0.000648843 0.794172 0.000381464
0.80831 0.00035317 0.794009 0.000569549
0.808511 0.000337253 0.793924 0.000697786
0.808577 0.000260393 0.793672 0.000483601
0.808454 0.000354604 0.794193 0.000279955
0.808481 0.000457196 0.793823 0.000431958
0.808293 0.000218508 0.793734 0.000559125
0.808614 0.000305606 0.794038 0.000435153
0.808648 0.000300669 0.793764 0.000467537
0.808531 0.000619403 0.793972 0.000405821
0.808509 0.000354916 0.793992 0.000378932
0.808546 0.000237672 0.793792 0.000374137
0.808294 0.00033817 0.793441 0.000407007
0.808494 0.000289215 0.79366 0.000380618
0.80823 0.000330419 0.79362 0.000480204
0.808436 0.000432949 0.794082 0.000444526
0.808717 0.00024145 0.793977 0.000589653
0.808362 0.00043423 0.793735 0.000571836
0.808658 0.000443741 0.793844 0.000503654
0.808614 0.0003491 0.793413 0.000318823
0.808344 0.000406553 0.793665 0.000201718
0.808534 0.000328778 0.793825 0.000559744
0.808405 0.000589253 0.793748 0.000392332
0.808264 0.000320866 0.793793 0.000577614
0.808334 0.00044671 0.79382 0.000322799
0.808524 0.000471033 0.793795 0.000600412
0.808372 0.000276585 0.793662 0.00054867
0.80877 0.000249591 0.793861 0.000552281
0.808422 0.000329363 0.793694 0.000498842
0.808656 0.000426647 0.793693 0.00055431
0.808245 0.00031973 0.793699 0.000529575
0.80848 0.000366842 0.793661 0.000470632
0.808429 0.000522533 0.793675 0.000534289
0.808272 0.000435321 0.793617 0.000468141
0.808537 0.000523036 0.793821 0.000598604
0.808154 0.000357999 0.793537 0.00042537
0.808486 0.000512059 0.793449 0.000497414
0.808483 0.000473152 0.793543 0.000580961
0.808419 0.000528074 0.79372 0.000459692
0.808479 0.000464087 0.793864 0.000635826
0.808237 0.00070855 0.79377 0.000552151
0.808341 0.000251065 0.793226 0.000315717
0.808621 0.000442178 0.793721 0.000340214
0.808424 0.000357354 0.793734 0.000481805
0.80831 0.000314288 0.793271 0.000446727
0.808362 0.000359669 0.793254 0.000355699
0.808401 0.000349036 0.793601 0.000474965
0.808555 0.000376663 0.793724 0.000754489
0.808227 0.000252864 0.793465 0.000396582
