0.967809 0.000443302 0.957399 0.000470826
0.967747 0.000633631 0.957371 0.000606231
0.96789 0.000558079 0.957441 0.000601152
0.968083 0.000651857 0.957691 0.000635698
0.968114 0.000521593 0.957758 0.000617544
0.967862 0.000434904 0.957508 0.000444846
0.967763 0.000348992 0.957498 0.00029935
0.96785 0.000386303 0.957508 0.000265987
0.967947 0.000476914 0.957629 0.000547334
0.968075 0.000607955 0.957692 0.000590491
0.968337 0.000979488 0.957994 0.00111526
0.967943 0.000554421 0.957609 0.000519086
0.967968 0.000640551 0.957717 0.000509892
0.968075 0.000876769 0.957721 0.000756674
0.968234 0.000823975 0.957868 0.000768664
0.968339 0.00108581 0.958049 0.00137328
0.968124 0.000883851 0.958024 0.000917573
0.968338 0.00090992 0.958263 0.00110044
0.968059 0.000746746 0.95781 0.000935061
0.968602 0.00179176 0.958527 0.00238506
0.967975 0.000545238 0.95765 0.000587244
0.967865 0.000520711 0.957726 0.000654923
0.967899 0.000876892 0.957693 0.00086377
0.968432 0.00123402 0.958149 0.00145433
0.968011 0.000517592 0.957746 0.000503228
0.96798 0.000429902 0.957905 0.000560459
0.968088 0.000975287 0.957963 0.00102071
0.968457 0.000957843 0.958341 0.00110543
0.967718 0.000274171 0.957511 0.000358192
0.967715 0.000143706 0.957489 0.000301838
0.967789 0.000335933 0.957542 0.000482386
0.968275 0.00100296 0.958099 0.00104562
0.967957 0.00059019 0.957829 0.000786787
0.967991 0.000708123 0.957824 0.000751757
0.967994 0.00075495 0.957828 0.000841816
0.968007 0.00045031 0.957881 0.00055031
0.968282 0.000850045 0.958118 0.0011315
0.967713 0.000218875 0.957727 0.00027687
0.968119 0.000452702 0.957988 0.00071979
0.968042 0.000300882 0.957655 0.000396887
0.96825 0.000714875 0.958053 0.000766007
0.967848 0.000406185 0.957549 0.000291715
0.967838 0.000325021 0.957656 0.000322126
0.967767 0.000475928 0.957746 0.000498812
0.967926 0.000483086 0.957855 0.000754772
0.968318 0.000871065 0.95806 0.0013091
0.967938 0.000514512 0.957686 0.000713833
0.967981 0.000209205 0.957653 0.000318919
0.968164 0.000897579 0.958268 0.00108869
0.967786 0.00019238 0.957667 0.000722333
0.967825 0.000488052 0.958054 0.000667876
0.96779 0.000186434 0.957577 0.000427242
0.967881 0.000276837 0.957846 0.000801249
0.9681 0.000466618 0.957764 0.000824567
0.967982 0.000296434 0.957831 0.00062837
0.96787 0.000328038 0.95771 0.000504104
0.967747 0.000326102 0.957689 0.00044712
0.9681 0.000632438 0.958158 0.00105252
0.967679 0.000333898 0.957578 0.000551766
0.968011 0.000571523 0.958041 0.000827271
0.967839 0.000354486 0.957867 0.000680473
0.967886 0.000345352 0.957722 0.00048511
0.967876 0.000235883 0.957756 0.000751707
0.967804 0.000129746 0.957691 0.000435088
0.968396 0.000588238 0.958135 0.0012855
0.967662 0.000288706 0.957726 0.000578435
0.967875 0.000266089 0.957941 0.000583219
0.967996 0.000657381 0.957959 0.000910452
0.968048 0.000241161 0.95795 0.000788738
0.967798 0.000288062 0.95747 0.000414731
0.968092 0.00032738 0.957896 0.000739653
0.968093 0.000361156 0.957456 0.000563088
0.967994 0.000462671 0.957459 0.000546183
0.968087 0.000387241 0.958054 0.0011552
0.968179 0.000592559 0.958092 0.000978637
0.968359 0.000556687 0.958129 0.000584774
0.967999 0.000255118 0.957651 0.000516409
0.967939 0.000492552 0.957764 0.000602813
0.967983 0.000289158 0.957502 0.000509732
0.968093 0.00059214 0.957759 0.000880673
