0.951328 0.00200791 0.942014 0.00194815
0.938466 0.00823228 0.929661 0.00794798
0.935192 0.00829442 0.926497 0.00802565
0.938499 0.0103028 0.929662 0.00995126
0.93343 0.00767301 0.924754 0.00741949
0.929666 0.00461011 0.921112 0.00446864
0.928676 0.00218451 0.920145 0.00206605
0.929281 0.00344066 0.920712 0.00331766
0.927364 0.00137126 0.918881 0.00132471
0.923108 0.00353936 0.914728 0.00345679
0.924695 0.00230623 0.916324 0.00220595
0.915061 0.00962724 0.906838 0.0093456
0.899454 0.0152494 0.891607 0.0150055
0.896751 0.0140682 0.888908 0.0137651
0.895825 0.0193364 0.887939 0.018919
0.893634 0.0196047 0.885828 0.0192235
0.880865 0.0221319 0.873366 0.0216431
0.873877 0.0176669 0.866414 0.0172216
0.866875 0.016601 0.859352 0.016158
0.868192 0.01426 0.860935 0.0138466
0.860863 0.0117738 0.853632 0.0116071
0.859336 0.00944717 0.852096 0.00923122
0.854935 0.00460488 0.84783 0.00459638
0.852384 0.000746084 0.84544 0.000667187
0.853333 0.0022086 0.846429 0.00224012
0.852545 0.000838334 0.8454 0.000718956
0.851772 0.000706973 0.844896 0.000608227
0.852391 0.00132352 0.845435 0.00125212
0.851681 0.000429218 0.844775 0.000412738
0.851301 0.000601693 0.844559 0.000427763
0.851442 0.000427128 0.844535 0.000309227
0.851342 0.000482591 0.844484 0.000357789
0.851199 0.000475257 0.844369 0.000338538
0.851213 0.000556391 0.844417 0.000364161
0.851161 0.000425648 0.844441 0.000274172
0.850937 0.000585887 0.844235 0.00040761
0.850753 0.000386334 0.844087 0.000270423
0.850679 0.000499838 0.844102 0.000366604
0.850486 0.000713277 0.843937 0.000504669
0.849905 0.000626587 0.843586 0.000348723
0.8497 0.000491064 0.843548 0.000350307
0.849994 0.000634163 0.843663 0.000440697
0.84919 0.000715085 0.843245 0.000525199
0.848913 0.000583864 0.842941 0.000432345
0.849055 0.000358151 0.843006 0.000307141
0.848684 0.000506828 0.842742 0.000366084
0.848574 0.000357164 0.842764 0.000237593
0.848428 0.000303009 0.842638 0.000285402
0.848244 0.0002619 0.842454 0.000371271
0.848071 0.000379202 0.842305 0.000221262
0.848072 0.000258294 0.842077 0.000221088
0.847896 0.000243778 0.841733 0.000385031
0.847689 0.000342788 0.841726 0.000306438
0.847434 0.000349035 0.841457 0.000291993
0.847454 0.000411793 0.841266 0.000420693
0.847196 0.000550216 0.840983 0.000402826
0.847105 0.000489195 0.840788 0.000442267
0.846646 0.000568355 0.840359 0.00043349
0.846401 0.000566608 0.839888 0.000294153
0.845492 0.000532696 0.839115 0.000559284
0.844829 0.000797284 0.838694 0.000647879
0.844751 0.000748555 0.8383 0.000770771
0.843743 0.000542359 0.837596 0.000475517
0.843341 0.000821124 0.836806 0.000918418
0.843008 0.000645883 0.836639 0.000704922
0.84213 0.00090331 0.835344 0.000825651
0.841911 0.00079768 0.835122 0.000962968
0.840645 0.000657633 0.833601 0.000774632
0.840785 0.000908138 0.833702 0.00115231
0.839506 0.00111031 0.832485 0.00129177
0.838577 0.00187237 0.83149 0.00164621
0.837542 0.00098654 0.830182 0.00140615
0.836498 0.0014189 0.828517 0.00149391
0.833683 0.00248287 0.825301 0.00247666
0.831198 0.0011982 0.822991 0.00152798
0.830878 0.00215747 0.822779 0.00168025
0.82825 0.00132146 0.820001 0.000996605
0.827527 0.00169241 0.819052 0.00169764
0.826239 0.00106349 0.817528 0.0014146
0.826164 0.00100836 0.817359 0.000811248
