0.810506 0.000643255 0.795612 0.00100769
0.80983 0.000464879 0.79471 0.000808062
0.81002 0.000679845 0.795041 0.00100577
0.810207 0.000641373 0.795563 0.00104675
0.81036 0.000511473 0.795263 0.000750545
0.809891 0.000592712 0.794767 0.00049658
0.810046 0.000494295 0.79515 0.00105718
0.810131 0.000601366 0.794981 0.00118388
0.810101 0.00052137 0.794931 0.00112198
0.809907 0.00041382 0.794832 0.000771556
0.810088 0.000423028 0.794732 0.000739034
0.810232 0.000630496 0.795365 0.00109099
0.809918 0.000426119 0.794533 0.000325759
0.810064 0.000280693 0.794989 0.000610982
0.810189 0.000719073 0.79523 0.00121196
0.810302 0.00043773 0.795412 0.000737092
0.809927 0.00066551 0.795198 0.000962226
0.810244 0.000356173 0.795069 0.000625866
0.810181 0.000696641 0.794991 0.000911876
0.809964 0.000458139 0.794687 0.000693352
0.810117 0.000755528 0.794947 0.000868294
0.809662 0.000639567 0.794472 0.000679275
0.810288 0.000699587 0.795318 0.00108814
0.809829 0.000595851 0.794636 0.000368149
0.810075 0.00042812 0.794927 0.000777756
0.810174 0.000440198 0.795055 0.000915107
0.809931 0.000538524 0.794663 0.000936178
0.8101 0.000475987 0.79459 0.000622908
0.810021 0.000389911 0.794811 0.00033189
0.810302 0.000740863 0.795604 0.00101583
0.809813 0.000471904 0.794672 0.000671696
0.809691 0.000481303 0.794573 0.000685004
0.810048 0.000427138 0.794797 0.0008912
0.810252 0.000355051 0.794839 0.000431933
0.810538 0.000599084 0.795156 0.000521427
0.809793 0.000670937 0.794688 0.000904586
0.810018 0.000550326 0.794573 0.000589995
0.809959 0.000536695 0.794747 0.000835984
0.809591 0.000476682 0.79442 0.00089622
0.809907 0.000576678 0.795014 0.000934291
0.809969 0.00038825 0.794654 0.000455656
0.810057 0.000559916 0.794929 0.00064796
0.810016 0.000712404 0.794806 0.000759109
0.809647 0.00058478 0.794395 0.000429666
0.810289 0.000584349 0.794945 0.000689647
0.810129 0.000559382 0.79474 0.000753536
0.810119 0.000616029 0.795267 0.000559934
0.810297 0.000640353 0.794666 0.000707913
0.810006 0.000832146 0.795127 0.00106714
0.810246 0.000405955 0.794995 0.00100571
0.810231 0.000454209 0.794771 0.000731414
0.810228 0.000382091 0.794207 0.000513213
0.810088 0.000423103 0.79424 0.000497052
0.810068 0.000599519 0.794611 0.000626866
0.810144 0.000667198 0.794794 0.000790282
0.809976 0.000606128 0.7944 0.000564821
0.810349 0.000639567 0.794674 0.000795607
0.809822 0.000653633 0.794366 0.00031313
0.810271 0.000586486 0.794604 0.000701431
0.8102 0.000642975 0.79482 0.000665774
0.810083 0.000434014 0.794773 0.000715043
0.809643 0.000528278 0.79466 0.000642353
0.810128 0.000483022 0.79428 0.00075377
0.810285 0.000879354 0.79471 0.000518636
0.809773 0.000578893 0.794277 0.000519604
0.810237 0.000424252 0.794245 0.000619686
0.809818 0.000638546 0.794361 0.000685818
0.810203 0.000759095 0.794668 0.000828279
0.809813 0.000532665 0.794249 0.00110179
0.810062 0.000482806 0.794266 0.000863562
0.809808 0.000531246 0.79466 0.00121708
0.809911 0.000540458 0.794277 0.000319468
0.810479 0.000463323 0.794962 0.00095389
0.809859 0.000472149 0.794471 0.000587452
0.810202 0.000590056 0.794595 0.000743807
0.809782 0.00056876 0.79459 0.000401954
0.810516 0.000757424 0.794661 0.000707897
0.810147 0.000604511 0.794478 0.000829111
0.809872 0.000356102 0.793964 0.000372604
0.810062 0.000605918 0.794303 0.000617447
