0.796165 0.000430481 0.791375 0.000309077
0.796886 0.000412516 0.792202 0.000389427
0.797472 0.000376397 0.792662 0.000235438
0.796958 0.000424206 0.792741 0.000396584
0.797496 0.000525411 0.792786 0.000247769
0.797475 0.000397825 0.79288 0.000240025
0.79718 0.000658125 0.793036 0.000375457
0.79736 0.000556527 0.793112 0.000314987
0.797437 0.000660509 0.793474 0.000486357
0.797224 0.000374949 0.793417 0.000306727
0.797008 0.000386171 0.793547 0.000383773
0.79756 0.000286709 0.793546 0.000566148
0.797083 0.000435279 0.793709 0.000321476
0.797545 0.000442388 0.793737 0.000358596
0.797503 0.000439827 0.794033 0.000394434
0.797611 0.000540224 0.794205 0.000547902
0.797413 0.000538267 0.794276 0.000409189
0.797439 0.000471029 0.794388 0.000617983
0.797325 0.000541011 0.794452 0.00052091
0.797075 0.000516451 0.794589 0.00045972
0.797094 0.000713609 0.794341 0.000332508
0.79719 0.000469036 0.794439 0.000415919
0.796925 0.000627189 0.794868 0.000365106
0.797239 0.000616657 0.794546 0.00061552
0.796847 0.000518443 0.79447 0.000188089
0.797434 0.000576644 0.794607 0.000381807
0.797363 0.00075568 0.794643 0.000283205
0.797397 0.000516169 0.794862 0.000622812
0.797327 0.000668037 0.794677 0.000350514
0.797419 0.000698928 0.795014 0.000419029
0.797232 0.000503005 0.795046 0.000359092
0.797329 0.000444494 0.794929 0.000417911
0.7977 0.000724712 0.795017 0.000522632
0.797273 0.000627051 0.79537 0.000372037
0.797808 0.000670465 0.794829 0.000426637
0.797205 0.000487303 0.795441 0.000370376
0.797149 0.000716899 0.795469 0.000331839
0.797683 0.000537083 0.795437 0.000392827
0.797732 0.000612462 0.795298 0.000418075
0.797958 0.000523774 0.795212 0.000445356
0.797681 0.000576383 0.795406 0.000637832
0.797671 0.000791804 0.795599 0.000310586
0.797669 0.000667183 0.795391 0.000398189
0.797733 0.000695393 0.795538 0.000365462
0.798136 0.000615884 0.795648 0.000438753
0.797786 0.000575042 0.795438 0.000352963
0.798085 0.000864719 0.796165 0.000560589
0.797678 0.000549122 0.796017 0.000395874
0.798132 0.000525122 0.795744 0.000376706
0.798388 0.000415643 0.795768 0.000518037
0.798052 0.000914255 0.795695 0.000497989
0.797998 0.000559386 0.795689 0.000597136
0.798311 0.000914339 0.795617 0.000687403
0.798143 0.000977336 0.795801 0.000367678
0.798389 0.000841666 0.796018 0.000607729
0.798174 0.000623471 0.796115 0.000446866
0.798269 0.00081953 0.796149 0.000617432
0.798157 0.000712137 0.796315 0.000493422
0.798489 0.000639753 0.796344 0.000519675
0.798424 0.00104891 0.796495 0.000454386
0.798596 0.000917411 0.796369 0.000533238
0.798447 0.000883779 0.796158 0.000805698
0.798753 0.000706094 0.796536 0.000545608
0.798847 0.00075645 0.79589 0.000527538
0.798554 0.00103088 0.796728 0.000437306
0.798565 0.000994286 0.796539 0.0005049
0.798539 0.00106988 0.796397 0.00042232
0.799215 0.00136541 0.796892 0.000606428
0.798887 0.000586812 0.797039 0.000685358
0.798413 0.000795543 0.796813 0.000591796
0.799186 0.000840106 0.796832 0.000623882
0.799004 0.000566674 0.79681 0.000469366
0.799785 0.00107369 0.796994 0.000665416
0.799208 0.000663711 0.79661 0.000600806
0.799313 0.000827301 0.797213 0.000430492
0.799248 0.000618359 0.797107 0.000684389
0.799658 0.001222 0.797046 0.000529264
0.799195 0.000965097 0.797365 0.000736087
0.79984 0.000929109 0.797637 0.000605175
0.800146 0.000930864 0.797311 0.000695622
0.799476 0.00105673 0.797548 0.000844696
0.799945 0.00135866 0.797966 0.000772369
0.799981 0.00109558 0.797987 0.00103527
0.800008 0.000974582 0.79758 0.000759809
0.799365 0.000995895 0.797761 0.000560103
0.800736 0.00130153 0.79763 0.000632331
0.800111 0.000775535 0.7981 0.000462599
0.799962 0.00114713 0.797194 0.000785485
0.800528 0.00129953 0.798159 0.00069569
0.800501 0.0013491 0.798172 0.000587104
0.799899 0.000957378 0.798445 0.000537582
0.800459 0.00140102 0.798185 0.000984264
0.800335 0.000976754 0.798408 0.000390526
0.800482 0.000894974 0.79841 0.000630191
0.801004 0.00102014 0.798808 0.000527681
0.801003 0.000909701 0.798495 0.000531476
0.800443 0.00111558 0.798935 0.000970893
0.800626 0.000917267 0.79879 0.00109712
0.800431 0.00128583 0.798536 0.00068982
0.800702 0.00107855 0.798971 0.000664383
