0.803742 7.68664e-05 0.790053 6.71452e-05
0.803089 0.000452804 0.789445 0.000397036
0.803021 0.000552125 0.789358 0.000473807
0.803322 0.000624706 0.789611 0.000542096
0.802889 0.000518227 0.789211 0.000440788
0.802712 0.000388502 0.789025 0.000315644
0.802535 0.0003161 0.788882 0.000262999
0.802665 0.000437391 0.788976 0.000358007
0.802467 0.000175667 0.788782 0.000111788
0.802346 4.83504e-05 0.788664 5.48516e-05
0.802307 4.36467e-05 0.788583 8.39412e-05
0.802297 8.01525e-05 0.788525 0.000134673
0.802218 0.000159517 0.788433 0.000249949
0.802182 0.000145805 0.788384 0.000130553
0.801949 0.000237676 0.788072 0.000249668
0.801935 0.00020551 0.788011 0.000232477
0.801781 0.000346511 0.787822 0.000409891
0.801636 0.000412286 0.787713 0.00043648
0.801552 0.000315666 0.787527 0.000348315
0.801556 0.000447314 0.787461 0.000486303
0.80148 0.000268328 0.787469 0.000330368
0.801177 0.000252712 0.787074 0.000301089
0.801288 0.000401801 0.787183 0.000446245
0.801071 0.000244337 0.786851 0.000310616
0.801004 0.000297326 0.786823 0.000364707
0.800974 0.000205938 0.786815 0.000259014
0.800712 8.15431e-05 0.78645 9.40041e-05
0.800748 0.000134509 0.786469 0.000178084
0.80062 0.000132523 0.786291 0.00023881
0.800493 0.000329463 0.786057 0.000450741
0.800457 0.000211842 0.786106 0.00034436
0.800384 0.00034709 0.786031 0.000470425
0.80012 0.000187065 0.785631 0.000369141
0.800225 0.000211277 0.785657 0.000325188
0.799889 0.000316532 0.785204 0.000502141
0.799699 0.000385813 0.784851 0.000752592
0.799415 0.000299162 0.784439 0.000518243
0.799444 0.000410314 0.784161 0.000826948
0.799426 0.000444516 0.784261 0.000713644
0.79911 0.00037968 0.78371 0.000727453
0.798816 0.00056391 0.783137 0.000641988
0.798971 0.000259938 0.783293 0.00040771
0.798657 0.0005938 0.782802 0.000863083
0.798844 0.000263753 0.782897 0.000650186
0.798238 0.000496328 0.782103 0.000770053
0.798123 0.000531133 0.781818 0.000567328
0.796444 0.00103655 0.780145 0.00103141
0.79669 0.00137523 0.780465 0.0016655
0.796197 0.00152438 0.779447 0.00161649
0.795892 0.00179141 0.779362 0.0017127
0.79397 0.00188634 0.777295 0.0017732
0.793615 0.00239663 0.777019 0.00220904
0.792777 0.0022399 0.77593 0.00205472
0.792048 0.00378981 0.775387 0.00356764
0.791271 0.00297357 0.774701 0.00269308
0.790832 0.00214182 0.773958 0.00206965
0.788386 0.00452298 0.77161 0.00414817
0.785357 0.00440662 0.768681 0.00423535
0.782375 0.00493406 0.765726 0.00491165
0.782858 0.00374004 0.765956 0.00333381
0.778665 0.00424576 0.761639 0.00375171
0.779086 0.00352893 0.762113 0.00346169
0.777562 0.00686705 0.760187 0.00705377
0.774008 0.00602259 0.756841 0.00601229
0.771246 0.00487931 0.753704 0.00487292
0.76876 0.00588355 0.750598 0.00610821
0.765011 0.00660882 0.747125 0.00622351
0.763401 0.00434082 0.745617 0.00439644
0.760608 0.00399089 0.741693 0.00346518
0.75821 0.00551196 0.739742 0.00595472
0.753034 0.00576395 0.734054 0.00568904
0.75279 0.00420949 0.733851 0.0047572
0.749614 0.00389966 0.73096 0.00396579
0.749927 0.00581478 0.731686 0.00543864
0.745354 0.00254032 0.726902 0.00194583
0.74519 0.00470505 0.726646 0.00372573
0.743374 0.00365292 0.724521 0.00299435
0.741597 0.00432658 0.723489 0.00346155
0.739916 0.00265199 0.722383 0.00197526
0.741524 0.00348273 0.723383 0.00347319
