0.796275 0.000258073 0.791436 0.000232454
0.796917 0.000596111 0.792287 0.000296902
0.797298 0.000544169 0.792435 0.000346512
0.797285 0.000331264 0.792539 0.000260964
0.797254 0.000612817 0.792455 0.000232676
0.797454 0.000446227 0.7929 0.000396346
0.797239 0.000407551 0.792881 0.000295272
0.797527 0.00057016 0.792924 0.000279132
0.79712 0.000380763 0.793247 0.000459584
0.797308 0.000316702 0.793278 0.000313545
0.797155 0.000723379 0.793351 0.000279934
0.79733 0.000468832 0.793642 0.000561574
0.797309 0.000376414 0.79344 0.000424703
0.797298 0.00040356 0.793548 0.000339145
0.797504 0.000779883 0.793521 0.000535201
0.797496 0.000579235 0.793367 0.000436551
0.797246 0.000662607 0.793902 0.000474697
0.797184 0.000486966 0.793896 0.000437701
0.79778 0.000720315 0.794021 0.000473304
0.797021 0.00046835 0.793998 0.000458649
0.79723 0.000389127 0.793995 0.000531705
0.797311 0.000498953 0.794353 0.000312113
0.79709 0.000369174 0.794482 0.000484439
0.796986 0.000631878 0.794521 0.000650086
0.797942 0.000618917 0.794337 0.000734018
0.797344 0.000663402 0.794437 0.000352136
0.79743 0.00059461 0.79477 0.000385199
0.797655 0.000432926 0.794475 0.000516219
0.797313 0.000644249 0.794498 0.000323044
0.797402 0.000913442 0.794589 0.000377306
0.797553 0.000531176 0.794827 0.000533933
0.797316 0.000548094 0.794694 0.000371708
0.797447 0.000803629 0.79453 0.000684566
0.797782 0.000378987 0.794879 0.00045314
0.797273 0.000625935 0.795047 0.00033833
0.797589 0.000883781 0.794762 0.000445962
0.797554 0.000607684 0.79476 0.000331532
0.797362 0.000681797 0.795179 0.000427594
0.797381 0.000497473 0.795039 0.000549807
0.797636 0.00068118 0.794776 0.000262472
0.797517 0.000611971 0.794874 0.000547286
0.797339 0.000656084 0.794989 0.000418049
0.798104 0.000677437 0.795269 0.00024197
0.797693 0.000490166 0.794978 0.000439644
0.797774 0.000687332 0.795414 0.000663936
0.797797 0.000431627 0.795481 0.0005725
0.797791 0.000429134 0.795395 0.00024473
0.797526 0.00106152 0.795303 0.000359772
0.798235 0.000445161 0.795707 0.000540175
0.798509 0.000745632 0.795079 0.000350215
0.797867 0.000575424 0.79513 0.00041255
0.79798 0.00082853 0.795134 0.000570552
0.797829 0.00103877 0.795703 0.000364918
0.797979 0.000764607 0.79568 0.000484172
0.797948 0.000608716 0.795495 0.000461445
0.79809 0.000566374 0.79561 0.000719095
0.797889 0.000583125 0.795558 0.000285094
0.797808 0.000762788 0.795441 0.000628424
0.798383 0.000845427 0.795837 0.000434495
0.798676 0.000896092 0.795917 0.000362089
0.798141 0.000935418 0.795608 0.000559743
0.798255 0.000551167 0.796067 0.000606701
0.798633 0.000912978 0.796027 0.000636894
0.798416 0.000367367 0.795844 0.000476502
0.798664 0.000841149 0.795817 0.000692363
0.798056 0.000732968 0.795755 0.000288579
0.79847 0.000963829 0.795612 0.000351787
0.798542 0.000799141 0.796114 0.000577275
0.798633 0.000644802 0.7965 0.000505584
0.798682 0.000979267 0.796134 0.000591972
0.798839 0.00117351 0.796645 0.000599399
0.798057 0.000453467 0.796522 0.000542574
0.798724 0.000967316 0.796373 0.000599606
0.798662 0.000682418 0.796394 0.000521721
0.799007 0.00107351 0.796729 0.000407378
0.798409 0.000438869 0.796513 0.000823017
0.798596 0.000858739 0.796523 0.000667074
0.798775 0.000404681 0.796559 0.000703062
0.799088 0.00100365 0.796978 0.000446948
0.799457 0.000712195 0.796745 0.000781156
0.799384 0.00100495 0.796696 0.000768791
0.798936 0.000944741 0.796881 0.00078197
0.79888 0.00129467 0.796752 0.000973063
0.799983 0.00133357 0.796495 0.000470939
0.799006 0.000779568 0.797149 0.00066484
0.799197 0.00111183 0.797442 0.0008209
0.799707 0.000694334 0.796796 0.000659556
0.799574 0.00083439 0.797427 0.000851235
0.799557 0.00106768 0.797421 0.000503599
0.799328 0.000689547 0.797432 0.00073131
0.799495 0.00129545 0.796895 0.000590727
0.799753 0.00108172 0.797467 0.000570703
0.799099 0.000790133 0.797375 0.000561516
0.799417 0.00118611 0.797634 0.000696369
0.799961 0.000760014 0.798075 0.000552448
0.8004 0.00101793 0.797423 0.000848617
0.800139 0.00113785 0.797925 0.000413382
0.800181 0.00115585 0.797933 0.000475857
0.799659 0.000913232 0.797638 0.000783357
0.80086 0.000930362 0.797984 0.000636695
