0.959272 0.000550192 0.956924 0.000840631
0.959343 0.000387514 0.957482 0.000713911
0.959458 0.000283477 0.957798 0.000528897
0.958849 0.000922837 0.957666 0.000878623
0.95904 0.000449621 0.958119 0.000538763
0.95872 0.00132723 0.957879 0.00116733
0.959276 0.000351634 0.95842 0.000403258
0.959204 0.000390391 0.958356 0.000498859
0.958812 0.000631698 0.958088 0.000653895
0.959238 0.000338598 0.958455 0.000808989
0.959073 0.000182746 0.958665 0.000402273
0.959144 0.00040973 0.958266 0.000262664
0.958936 0.000596755 0.958514 0.000367226
0.959213 0.000548289 0.958487 0.000429003
0.959025 0.000576898 0.958521 0.000435857
0.959188 0.000309138 0.958565 0.000426517
0.959429 0.000420971 0.958635 0.000312175
0.958793 0.000684181 0.958587 0.000589668
0.959098 0.00032099 0.958733 0.000426765
0.958901 0.000338515 0.958816 0.000280333
0.959114 0.000424732 0.958736 0.000336408
0.959144 0.000422987 0.958517 0.000423659
0.959105 0.000368079 0.958811 0.00022826
0.959047 0.000359399 0.958722 0.000309071
0.959098 0.000421737 0.958773 0.000331218
0.958941 0.0002473 0.958952 0.000134183
0.959121 0.00031124 0.958885 0.000187251
0.95921 0.000374585 0.959039 0.000251671
0.959084 0.000352529 0.958828 0.000159134
0.959175 0.000287046 0.958791 0.000269586
0.959215 0.000271475 0.958889 0.000293369
0.959023 0.000833686 0.958788 0.000406115
0.959048 0.000308557 0.958994 0.000435706
0.95901 0.00027544 0.958893 0.000200758
0.959225 0.000269589 0.958965 0.000308568
0.959134 0.000306196 0.959129 0.000210203
0.959272 0.000316507 0.95886 0.000446893
0.959533 0.000238715 0.959022 0.000280355
0.959285 0.000403484 0.95896 0.000437184
0.959202 0.000468483 0.959152 0.000225139
0.959268 0.0005812 0.95894 0.000350339
0.959162 0.000458845 0.959129 0.000315473
0.959113 0.000361291 0.95909 0.000375379
0.959065 0.000436412 0.95903 0.000196165
0.959111 0.000397039 0.95895 0.000289945
0.959213 0.000336245 0.959143 0.000245697
0.959358 0.00051199 0.959217 0.000217227
0.959426 0.000647118 0.959203 0.000433857
0.959137 0.000515713 0.959147 0.000336833
0.959251 0.000443948 0.958914 0.000236808
0.959205 0.00057893 0.959396 0.000285078
0.959115 0.000428165 0.959133 0.000330898
0.959263 0.000398414 0.959316 0.000531519
0.959492 0.000577725 0.959247 0.000288989
0.95907 0.000488086 0.959392 0.000112295
0.95943 0.000310291 0.959424 0.000332529
0.95975 0.000551329 0.959076 0.000445238
0.959318 0.000545058 0.95931 0.000313324
0.959523 0.000544727 0.959242 0.000511614
0.959462 0.000497567 0.959204 0.00036553
0.95965 0.000404771 0.959371 0.000311277
0.959377 0.000378671 0.95938 0.000362468
0.959383 0.000410594 0.95923 0.00038204
0.959667 0.000593997 0.9595 0.000474042
0.959485 0.000619891 0.95947 0.000407146
0.959498 0.000499219 0.959452 0.000355721
0.959419 0.000399955 0.959511 0.000504695
0.959617 0.000161827 0.959553 0.000355689
0.959749 0.00046548 0.959274 0.000476864
0.959599 0.000536246 0.959247 0.000294842
0.959685 0.000719302 0.959542 0.000428752
0.9596 0.000659176 0.959699 0.000398272
0.959686 0.000662092 0.959536 0.000418545
0.959575 0.000435091 0.959792 0.000379284
0.959595 0.000550904 0.95962 0.00037067
0.959372 0.000608363 0.959622 0.000504747
0.960093 0.000527649 0.959705 0.000487414
0.959828 0.000693894 0.959734 0.000432216
0.959728 0.000686257 0.959764 0.000358602
0.96016 0.000889849 0.959615 0.000481933
0.959883 0.00070836 0.959754 0.000521033
0.959409 0.000474581 0.959757 0.000376254
0.959781 0.000395776 0.959839 0.000443811
0.960248 0.000485578 0.959791 0.000302827
0.95995 0.000613557 0.95984 0.000339866
0.959551 0.000852115 0.959839 0.00040361
0.959946 0.000601074 0.959572 0.000664784
0.960241 0.000484248 0.959725 0.00038927
0.960074 0.000737822 0.959663 0.000625669
0.960184 0.000529685 0.959643 0.000415959
0.960414 0.00084072 0.960074 0.000241198
0.960183 0.00057599 0.960059 0.000400479
0.959939 0.000469825 0.960124 0.000387442
0.960262 0.0006963 0.960391 0.000548053
0.960056 0.000414322 0.960012 0.000610608
0.960348 0.00104447 0.959864 0.000648653
0.960729 0.000789233 0.960132 0.000591849
0.960232 0.000607056 0.959969 0.000414809
0.960488 0.000734494 0.960212 0.000352285
0.960437 0.000547277 0.959921 0.000531031
