0.808874 0.000267283 0.794802 0.000369514
0.80905 0.000451053 0.795019 0.000540983
0.809268 0.000371473 0.79517 0.00044313
0.809135 0.000274168 0.794724 0.000396967
0.808864 0.000480913 0.795164 0.000661855
0.80896 0.000313126 0.794841 0.000481275
0.809132 0.000286097 0.794977 0.000373255
0.809018 0.000269575 0.795063 0.000432096
0.809129 0.000375558 0.795209 0.000618705
0.809307 0.000379213 0.79544 0.000552272
0.809082 0.000403103 0.795165 0.000339552
0.809276 0.000203707 0.795108 0.000337822
0.80913 0.000274909 0.794881 0.000643458
0.809238 0.000376991 0.794878 0.00036821
0.80908 0.000371434 0.794852 0.000301243
0.809003 0.000456346 0.795083 0.000542029
0.808982 0.000551477 0.795094 0.000484125
0.809149 0.000321021 0.794908 0.000453183
0.808894 0.000302958 0.794835 0.000331077
0.80894 0.000432854 0.795095 0.000536911
0.80914 0.000302394 0.794846 0.000628651
0.809031 0.000456956 0.795 0.000533696
0.809054 0.000311726 0.795119 0.00063013
0.809176 0.000456746 0.795312 0.00044018
0.809123 0.000422587 0.795202 0.000530758
0.809192 0.00038151 0.794902 0.000272984
0.809075 0.000476567 0.795188 0.000536098
0.809049 0.000453792 0.795122 0.000536693
0.809365 0.000598024 0.795191 0.0005848
0.809191 0.000594518 0.795264 0.000582429
0.809278 0.000342903 0.795392 0.00061339
0.809191 0.000378555 0.795258 0.00044759
0.809511 0.000413273 0.794973 0.000685143
0.809333 0.000298155 0.795319 0.000614589
0.809588 0.000471206 0.794934 0.000496814
0.809266 0.000340465 0.795049 0.000789172
0.8093 0.000416191 0.795153 0.000426483
0.809221 0.000349639 0.7951 0.000467247
0.80931 0.000572154 0.795366 0.000633331
0.80924 0.000678286 0.795509 0.00037814
0.809176 0.000351039 0.794889 0.000477099
0.809235 0.000459561 0.795334 0.00045599
0.809542 0.000308121 0.794839 0.000644785
0.809196 0.000565431 0.795446 0.000895357
0.809087 0.00038069 0.79486 0.00040163
0.809404 0.000492166 0.795203 0.000530589
0.809189 0.000470517 0.795249 0.000676814
0.809416 0.000477518 0.794989 0.000431626
0.809145 0.000278426 0.795326 0.000753926
0.809478 0.000704745 0.79557 0.000708461
0.809557 0.000364241 0.795299 0.000938613
0.809527 0.000431198 0.795238 0.000591906
0.809534 0.000441451 0.794935 0.00043331
0.809354 0.000413168 0.794715 0.000497721
0.809352 0.000379472 0.795183 0.000556656
0.809374 0.000740041 0.795074 0.000637713
0.809295 0.000632632 0.794969 0.000653995
0.809697 0.000502871 0.795217 0.000590949
0.809313 0.000384625 0.79523 0.000545769
0.809238 0.000592401 0.79499 0.000580232
0.809347 0.000467124 0.795208 0.000739112
0.809316 0.000426794 0.795067 0.000671639
0.809401 0.000502842 0.795261 0.000960904
0.80964 0.000592316 0.79529 0.000701592
0.809684 0.000592403 0.795223 0.000320328
0.809761 0.00045677 0.795295 0.000898617
0.809577 0.000590275 0.795473 0.000592942
0.809428 0.000515119 0.795156 0.000549842
0.80956 0.000475876 0.794965 0.000799494
0.809725 0.000658224 0.794991 0.000777695
0.809473 0.000580017 0.795432 0.000860953
0.809294 0.000487318 0.795314 0.000412658
0.809493 0.000639833 0.795241 0.000638271
0.809746 0.000749563 0.7955 0.000713516
0.809397 0.000721575 0.795278 0.000476737
0.80913 0.000492336 0.795323 0.000690406
0.809478 0.000484198 0.79529 0.000799673
0.809909 0.000688461 0.795658 0.000828282
0.809527 0.000587994 0.795228 0.000517211
0.80934 0.000709645 0.79522 0.0006085
