0.958322 0.000467477 0.955969 0.000918445
0.959253 0.000288758 0.957044 0.000770259
0.959469 0.000622992 0.9572 0.000643101
0.959567 0.000419808 0.957542 0.000576771
0.959531 0.000484524 0.957486 0.000566336
0.959858 0.000541013 0.957706 0.000535681
0.959372 0.000324107 0.957747 0.000406786
0.959473 0.000306844 0.957793 0.00046064
0.959205 0.000498587 0.95799 0.000460863
0.959283 0.000871018 0.958187 0.000616377
0.95927 0.000521206 0.958246 0.000390351
0.959113 0.000472789 0.958101 0.000254653
0.959406 0.00042188 0.958028 0.000302539
0.959258 0.000494863 0.958297 0.000448557
0.959036 0.000393297 0.958471 0.00021764
0.9592 0.00033869 0.958263 0.000330138
0.959012 0.000437166 0.958598 0.000325633
0.959137 0.000516333 0.958547 0.000359254
0.959216 0.000719515 0.958514 0.000302218
0.959086 0.000269336 0.958525 0.000414198
0.959481 0.00040919 0.958369 0.000480247
0.959181 0.00046217 0.958444 0.000508187
0.959209 0.000502848 0.958512 0.000299247
0.959139 0.000359772 0.958476 0.000372765
0.959555 0.000621089 0.958437 0.000457724
0.959021 0.000301801 0.958632 0.000250524
0.959191 0.000731454 0.958647 0.000278734
0.959186 0.000378428 0.958619 0.000217354
0.959497 0.000487894 0.958608 0.000566638
0.959143 0.000648972 0.958691 0.000418841
0.959434 0.000453873 0.958675 0.000284972
0.959363 0.000203266 0.95887 0.000370062
0.959285 0.000498926 0.958708 0.000273682
0.959187 0.00043144 0.958709 0.000486942
0.95944 0.000460448 0.958711 0.000320056
0.95961 0.000481454 0.958773 0.000262885
0.959332 0.000451105 0.9587 0.000267068
0.959211 0.000352655 0.958842 0.000170319
0.95915 0.00060399 0.958662 0.000378039
0.959198 0.000210601 0.95887 0.000323884
0.959401 0.000443612 0.95894 0.000239946
0.959554 0.000595606 0.958802 0.000428333
0.959136 0.000511813 0.958972 0.000218443
0.959411 0.000465302 0.95868 0.000363945
0.959465 0.00049547 0.959076 0.000223824
0.959556 0.000606114 0.958835 0.0003707
0.959087 0.000565986 0.959019 0.000285819
0.95924 0.000550807 0.958991 0.00034053
0.959583 0.000314872 0.9589 0.000346491
0.95972 0.000273038 0.95882 0.000418603
0.959352 0.000319759 0.958944 0.000173109
0.959309 0.00049628 0.959049 0.000318851
0.959674 0.000551606 0.958767 0.000322041
0.959493 0.000754093 0.958842 0.000276794
0.959661 0.000467851 0.958819 0.000451523
0.959596 0.000772366 0.959073 0.00027479
0.959593 0.00037806 0.958888 0.000458647
0.959258 0.000453268 0.959054 0.00032148
0.959592 0.000583375 0.959046 0.000393036
0.959481 0.000470545 0.9591 0.000120083
0.959649 0.000402574 0.959024 0.000409629
0.959475 0.000342326 0.959237 0.000345479
0.959818 0.000740369 0.959021 0.000385848
0.959629 0.000681641 0.959093 0.000311095
0.959561 0.000533295 0.959421 0.000219374
0.959949 0.00057003 0.959136 0.000332161
0.959554 0.000394855 0.959245 0.000377226
0.959572 0.000528861 0.959286 0.000407488
0.959399 0.00062771 0.959378 0.000273434
0.959781 0.000540001 0.959177 0.000190961
0.959732 0.000615069 0.959191 0.000373784
0.959738 0.00077898 0.95926 0.00038006
0.959511 0.000505442 0.959378 0.000487974
0.959845 0.000570302 0.959026 0.000244023
0.959797 0.000666064 0.959346 0.000342874
0.959663 0.000424052 0.959528 0.000298779
0.959851 0.000473506 0.959425 0.00031316
0.959755 0.000664107 0.959487 0.000267077
0.959725 0.000595001 0.959575 0.000394641
0.95981 0.000698234 0.959278 0.000394
0.959908 0.000457066 0.959328 0.00038166
0.960018 0.000549407 0.959554 0.000405185
0.959587 0.000415667 0.959375 0.000413916
0.959915 0.000659128 0.959425 0.000451927
0.96008 0.000361766 0.959385 0.000353424
0.959911 0.000567609 0.959393 0.000454587
0.960014 0.000691883 0.959452 0.00052054
0.959729 0.000451922 0.959536 0.000516722
0.959726 0.000508742 0.959769 0.000384716
0.960248 0.000872628 0.959367 0.000434859
0.960011 0.000550121 0.959568 0.000417976
0.95987 0.000672737 0.959721 0.000327678
0.959824 0.00034355 0.95988 0.000415889
0.959901 0.000589687 0.959644 0.00028521
0.960454 0.000562554 0.959672 0.000435687
0.960324 0.000525218 0.959445 0.000437264
0.960283 0.000911926 0.959714 0.000358451
0.96058 0.0008149 0.959784 0.000281874
0.960284 0.000793149 0.95931 0.000504695
0.960278 0.000508686 0.960035 0.000335923
