0.96831 0.000497306 0.957869 0.000763881
0.968588 0.000832985 0.958012 0.000916717
0.968571 0.000895513 0.958199 0.00127963
0.968632 0.00135063 0.958213 0.0016982
0.968366 0.000535706 0.957922 0.000780699
0.968816 0.00088876 0.958417 0.00116481
0.968119 0.000305615 0.957585 0.000395667
0.968268 0.000385662 0.957815 0.000383136
0.968824 0.00109304 0.958426 0.00147194
0.96832 0.00049224 0.957938 0.000801439
0.968884 0.00136914 0.958482 0.00170693
0.968547 0.000951 0.958271 0.00132671
0.968485 0.00105673 0.957969 0.00123142
0.96814 0.000272502 0.957788 0.000303735
0.968474 0.000494578 0.958002 0.000770507
0.968 0.0002494 0.957568 0.000379963
0.96842 0.000613814 0.958017 0.000776821
0.968473 0.000748309 0.95797 0.00100587
0.968363 0.000749705 0.95789 0.000961579
0.968181 0.000371978 0.957733 0.000523606
0.968189 0.000476079 0.95773 0.000492467
0.968268 0.000601411 0.957828 0.000799024
0.968416 0.000842382 0.958381 0.00101943
0.968162 0.000280861 0.957859 0.00034456
0.968157 0.000329891 0.957949 0.000418381
0.968169 0.000423682 0.958052 0.000787766
0.968327 0.000455433 0.957946 0.000492281
0.968229 0.000330521 0.958009 0.000436986
0.968455 0.000709972 0.958261 0.000983561
0.968109 0.000168658 0.958022 0.000373953
0.96801 0.000302561 0.95768 0.000558399
0.968067 0.000454929 0.958125 0.000548423
0.968215 0.000534396 0.95789 0.000650156
0.968646 0.000608061 0.958774 0.000787363
0.968161 0.000589108 0.958136 0.000856636
0.968521 0.00118899 0.958609 0.00157719
0.968013 0.000288082 0.957737 0.000409652
0.968778 0.0010378 0.958702 0.00148468
0.968208 0.000580525 0.958137 0.000820746
0.968193 0.000576497 0.957959 0.000669879
0.968094 0.000433533 0.957933 0.000609668
0.968043 0.000397557 0.95804 0.000468869
0.968183 0.000868803 0.957773 0.000963265
0.968106 0.000389817 0.957878 0.000660377
0.968172 0.00044418 0.958045 0.000565887
0.968046 0.000359214 0.957887 0.000720658
0.968068 0.000298618 0.957975 0.000440018
0.968238 0.000488533 0.958063 0.000724132
0.967986 0.0002844 0.957981 0.000408375
0.968029 0.000447082 0.958132 0.00065792
0.968278 0.000372425 0.958303 0.000529931
0.968445 0.00125867 0.958561 0.00160932
0.968032 0.000510446 0.958163 0.000477526
0.967983 0.000357188 0.958139 0.000613109
0.967755 0.000349997 0.957825 0.000416367
0.967911 0.000241544 0.957932 0.000388026
0.968119 0.000641629 0.95813 0.000846839
0.967923 0.000287797 0.957683 0.00035697
0.968076 0.000445573 0.958072 0.000732033
0.968093 0.000315997 0.957754 0.000259813
0.968204 0.000283457 0.95804 0.000506268
0.968074 0.000252781 0.957886 0.000637094
0.968101 0.000395422 0.958279 0.000420263
0.967939 0.000261253 0.957724 0.000319091
0.968064 0.000417171 0.957853 0.000624196
0.968113 0.000238134 0.957863 0.000646708
0.967932 0.000387758 0.957879 0.000371171
0.968281 0.00035126 0.958257 0.000437148
0.96809 0.000263426 0.958034 0.000473288
0.968096 0.000205247 0.957702 0.000419794
0.96796 0.000417353 0.95799 0.000346881
0.968213 0.000643922 0.958041 0.000719294
0.967997 0.00041214 0.958324 0.000537788
0.968182 0.00045445 0.958358 0.000677733
0.968097 0.000485813 0.957979 0.000351057
0.968134 0.000236867 0.957849 0.000670945
0.96788 0.000385778 0.957647 0.000524741
0.968071 0.00029882 0.957566 0.000244293
0.968153 0.000394867 0.958062 0.000369786
0.968349 0.000327369 0.958402 0.000645294
