0.954588 0.000533101 0.945449 0.000666732
0.953941 0.00082012 0.944773 0.000855881
0.950562 0.00378599 0.941445 0.00362943
0.951353 0.00399288 0.942188 0.00386934
0.951595 0.00643237 0.942377 0.00633162
0.943689 0.00726589 0.934567 0.00712122
0.944035 0.00660643 0.934795 0.00642434
0.943378 0.00827188 0.934171 0.00804099
0.943028 0.00758995 0.933764 0.00744085
0.936372 0.00426018 0.927336 0.00426028
0.936944 0.0065181 0.927669 0.00643269
0.939177 0.00737063 0.929806 0.00721455
0.937226 0.00581574 0.92791 0.00580137
0.93981 0.00763372 0.930297 0.00762743
0.937046 0.00668217 0.927587 0.00662496
0.937324 0.0039065 0.927834 0.00393259
0.935138 0.00546435 0.925694 0.00535282
0.931875 0.00308865 0.922329 0.00310731
0.936316 0.00398172 0.92675 0.0040205
0.931539 0.00816626 0.921961 0.00820792
0.932778 0.00287379 0.923138 0.0027324
0.930336 0.00974185 0.920615 0.0103852
0.926756 0.00662445 0.917028 0.00681344
0.924613 0.0123938 0.914716 0.0130047
0.922768 0.0114496 0.912888 0.0118245
0.915234 0.0144892 0.904908 0.0151955
0.922301 0.0108198 0.91241 0.0112036
0.922888 0.00960887 0.912978 0.00987963
0.911807 0.0161088 0.901463 0.0170807
0.91755 0.013274 0.907467 0.0139076
0.912869 0.0141207 0.902539 0.0147239
0.914057 0.0174436 0.903774 0.0183638
0.907314 0.0158867 0.896338 0.0167983
0.900408 0.0190317 0.888967 0.0199263
0.903063 0.0172241 0.891818 0.0182311
0.899133 0.0126181 0.887346 0.01317
0.90125 0.0143376 0.890022 0.0152766
0.891737 0.0130117 0.879288 0.0141908
0.890718 0.010412 0.878379 0.0111736
0.893812 0.00957514 0.88128 0.00999075
0.892288 0.00808212 0.879661 0.00870426
0.893541 0.00804493 0.880883 0.00898193
0.887936 0.00710771 0.874605 0.00665881
0.889966 0.00902795 0.877246 0.00921873
0.887863 0.00917595 0.874964 0.00914331
0.882481 0.00649132 0.869885 0.00620148
0.88639 0.00825464 0.87295 0.00764443
0.880921 0.00804294 0.868287 0.00725312
0.881214 0.00922236 0.868559 0.00781376
0.88087 0.00890954 0.86794 0.00801444
0.877522 0.00899817 0.865001 0.00788155
0.87796 0.00798495 0.865514 0.00697454
0.872253 0.00933431 0.86095 0.0077688
0.879377 0.0114354 0.86679 0.010529
0.875143 0.00509484 0.863334 0.00412407
0.87439 0.00875693 0.862566 0.00739608
0.873388 0.00825684 0.861525 0.00758302
0.870248 0.00525867 0.859305 0.00459449
0.874588 0.00944888 0.862258 0.00800298
0.872795 0.00514398 0.861132 0.00444122
0.87074 0.00674825 0.859306 0.00571692
0.868585 0.00472888 0.857348 0.00371845
0.870452 0.00565368 0.85885 0.00458608
0.870065 0.00596141 0.858757 0.00485974
0.865844 0.00584555 0.855193 0.00485125
0.868746 0.0059064 0.857272 0.0048908
0.865176 0.00408311 0.854178 0.00372827
0.865089 0.00514932 0.854568 0.00430379
0.863645 0.0035452 0.852965 0.00316004
0.866659 0.00399134 0.855835 0.00344743
0.865435 0.00362189 0.854017 0.00317194
0.862914 0.00523863 0.852144 0.00471194
0.862784 0.0041353 0.851641 0.00416816
0.864703 0.00614477 0.853367 0.00547031
0.863293 0.00424083 0.852059 0.00396098
0.859718 0.00273737 0.848567 0.00235274
0.86059 0.00553135 0.849609 0.00528752
0.858193 0.00371049 0.847327 0.0030348
0.860124 0.00396179 0.848665 0.00386941
0.86181 0.00281211 0.850066 0.00322026
