0.796171 0.000315312 0.791324 0.000320723
0.79717 0.000321827 0.792216 0.000333719
0.797442 0.000294011 0.792164 0.000435105
0.797704 0.000514592 0.792335 0.00030527
0.797582 0.000379962 0.792438 0.000376101
0.797688 0.000458667 0.792728 0.000272656
0.797666 0.000446746 0.792734 0.00019473
0.797885 0.000572832 0.792741 0.000310783
0.798003 0.000426121 0.7928 0.000231811
0.797786 0.000543133 0.79273 0.000254024
0.797608 0.000427134 0.793076 0.000262166
0.797652 0.000972977 0.793096 0.000371958
0.797757 0.000465427 0.79312 0.000227865
0.797394 0.000445108 0.793333 0.000238697
0.797774 0.000638735 0.793282 0.000361678
0.797536 0.000379454 0.7935 0.000491201
0.797547 0.00050474 0.793346 0.000518042
0.797521 0.000738957 0.793661 0.000240354
0.797274 0.000609574 0.793871 0.000315462
0.797767 0.000732782 0.793604 0.000262451
0.797792 0.000593446 0.793622 0.00047839
0.79706 0.000442655 0.794045 0.000479805
0.797839 0.000668383 0.793901 0.000610373
0.797524 0.000921734 0.793793 0.000457334
0.797476 0.000476586 0.793908 0.000349525
0.797267 0.000599801 0.793886 0.000363768
0.797404 0.000651449 0.794029 0.000438789
0.797211 0.00045215 0.794056 0.000437909
0.797546 0.000446201 0.794139 0.000591438
0.79798 0.00067904 0.794457 0.000497224
0.797436 0.000689072 0.794288 0.000364317
0.797297 0.000683412 0.794512 0.000317608
0.797995 0.000505599 0.794299 0.000567854
0.797834 0.000706342 0.79454 0.000509057
0.797636 0.000328327 0.794466 0.000345663
0.797535 0.000565688 0.794698 0.000650043
0.797586 0.000378 0.79469 0.000436099
0.797925 0.000836602 0.794618 0.00033739
0.7977 0.000642044 0.794633 0.000392099
0.797649 0.00102473 0.794429 0.000461757
0.797703 0.000709565 0.794752 0.000359729
0.797677 0.000705406 0.794748 0.000321261
0.797476 0.000447125 0.794811 0.000363036
0.797829 0.000394171 0.794788 0.000402333
0.797495 0.000521563 0.794823 0.000195088
0.797779 0.000787448 0.794948 0.000581571
0.79784 0.000886396 0.79479 0.000335016
0.797985 0.000563512 0.794836 0.000502058
0.798294 0.000821372 0.794891 0.000433424
0.798007 0.000383539 0.795364 0.000642778
0.797669 0.000643914 0.795121 0.000273425
0.797656 0.000888593 0.795401 0.000605829
0.797399 0.000725697 0.795149 0.000526379
0.798185 0.000532956 0.795112 0.000247577
0.798045 0.000682287 0.795165 0.000264958
0.798058 0.00071143 0.795411 0.000468417
0.798053 0.000557745 0.795172 0.000719896
0.797643 0.000539105 0.795429 0.000380496
0.797898 0.000709671 0.795351 0.000219242
0.798296 0.000778229 0.795314 0.000535356
0.798276 0.000846084 0.795291 0.000447455
0.798433 0.000435052 0.795091 0.000439426
0.798196 0.000621558 0.795477 0.000433842
0.798702 0.000491734 0.795409 0.000234971
0.798237 0.000834104 0.795331 0.000409871
0.798479 0.000495823 0.795586 0.000701729
0.798135 0.000551175 0.795883 0.000534031
0.798038 0.000698001 0.795305 0.000457175
0.797859 0.000764978 0.795729 0.000591346
0.79857 0.000689683 0.795699 0.000473141
0.798781 0.000742022 0.795552 0.000504431
0.798124 0.000680292 0.795635 0.000613256
0.798144 0.000827387 0.795965 0.000678963
0.798463 0.000759103 0.795909 0.000452562
0.798415 0.000768885 0.795872 0.000390168
0.798771 0.00109172 0.796098 0.000463874
0.798249 0.000706204 0.795987 0.000343938
0.798945 0.000503786 0.795949 0.00039989
0.798978 0.00143849 0.796182 0.000461693
0.798403 0.000788216 0.795904 0.000901713
0.798547 0.000546179 0.796208 0.000573164
0.798622 0.000666429 0.796205 0.000594768
0.799004 0.000660882 0.796165 0.00043928
0.798681 0.000603065 0.795987 0.000786184
0.798737 0.000725285 0.796633 0.000561259
0.799692 0.00103746 0.79651 0.000415822
0.798581 0.000774162 0.796472 0.000457887
0.798799 0.000995146 0.796489 0.000570826
0.79913 0.000622952 0.796873 0.000748381
0.798645 0.000985043 0.796511 0.000474825
0.799158 0.000899488 0.79639 0.000553098
0.79907 0.000666919 0.796909 0.000402408
0.799148 0.0005539 0.797077 0.000632176
0.799018 0.000784185 0.796812 0.000497147
0.799924 0.000552839 0.796627 0.000678163
0.79904 0.000789232 0.796769 0.000459073
0.799387 0.00121017 0.796613 0.000675857
0.799528 0.000814244 0.797022 0.000359033
0.799395 0.00125506 0.79696 0.000704577
0.799435 0.00109669 0.79685 0.000266606
