0.79676 0.000646998 0.793233 0.000548085
0.796563 0.000745455 0.793273 0.00078962
0.796823 0.000384484 0.79375 0.000725744
0.79686 0.000356648 0.794016 0.000689596
0.79643 0.000396897 0.794124 0.000782297
0.79687 0.000343006 0.793974 0.000667527
0.796653 0.000453002 0.794167 0.000479861
0.796859 0.000569148 0.794396 0.000803195
0.796876 0.000539484 0.794289 0.0005049
0.796746 0.000461131 0.79468 0.000671051
0.79705 0.000513029 0.794849 0.000577892
0.796713 0.000454706 0.794594 0.000520643
0.796853 0.00065932 0.795071 0.000587808
0.796951 0.000474922 0.794825 0.000366977
0.797049 0.000359939 0.794977 0.000604495
0.797104 0.000346104 0.794928 0.000696199
0.797272 0.000562077 0.795008 0.000683871
0.797236 0.000332505 0.795635 0.000762533
0.797421 0.00047321 0.795488 0.000923967
0.797549 0.000434443 0.795541 0.000693639
0.797291 0.000674953 0.795284 0.000780483
0.797404 0.000770605 0.795132 0.000601168
0.797414 0.000531259 0.795695 0.000632011
0.797799 0.000459706 0.795374 0.00054167
0.797658 0.000676005 0.795516 0.000583158
0.798191 0.000609082 0.795766 0.000710874
0.797513 0.000648245 0.795949 0.000485834
0.797814 0.000820391 0.795751 0.000675039
0.797871 0.000467215 0.795769 0.000991572
0.797927 0.000645453 0.795778 0.00099213
0.797798 0.000871081 0.795875 0.000539574
0.798496 0.000978354 0.796481 0.000995876
0.798085 0.000619798 0.796179 0.000619781
0.798604 0.000924024 0.796411 0.000677586
0.798041 0.000814725 0.795923 0.000340602
0.798189 0.000505084 0.796641 0.000679671
0.798563 0.00107189 0.796858 0.000923194
0.798641 0.00049856 0.796695 0.000532235
0.798656 0.00075753 0.797111 0.000962125
0.798724 0.000876882 0.79712 0.000828193
0.798616 0.000611694 0.796899 0.000714036
0.799217 0.000417424 0.797057 0.000760989
0.799522 0.00151947 0.797585 0.00158999
0.799134 0.00112235 0.796801 0.000703967
0.799502 0.000585132 0.797359 0.000665477
0.799462 0.00111587 0.797549 0.0010091
0.799065 0.00121336 0.797284 0.00094929
0.799612 0.00065784 0.797556 0.000745085
0.799819 0.000634842 0.797442 0.00109263
0.799749 0.00131002 0.798769 0.00161586
0.800133 0.00113712 0.798023 0.00085837
0.800374 0.00139462 0.797866 0.000659039
0.800594 0.00128348 0.799001 0.00122415
0.799876 0.00119126 0.79807 0.00102644
0.800967 0.00247206 0.799194 0.00200769
0.800728 0.000748734 0.798943 0.000997952
0.800212 0.000976362 0.798807 0.00122249
0.80022 0.000944456 0.79877 0.000379057
0.80132 0.00142789 0.799126 0.000977347
0.801346 0.00103293 0.799305 0.00116561
0.802363 0.00314476 0.79961 0.00197293
0.801136 0.000909045 0.799636 0.00131561
0.801805 0.00127136 0.799029 0.000782945
0.801406 0.000859269 0.799579 0.000760421
0.801874 0.000985794 0.800043 0.00124581
0.801896 0.00111283 0.799114 0.000825083
0.802185 0.000981104 0.800097 0.00111954
0.802538 0.00105856 0.800397 0.000930624
0.802135 0.00109301 0.800865 0.00120235
0.802621 0.00217946 0.801263 0.00170159
0.803013 0.00140529 0.800954 0.00104761
0.803022 0.00203003 0.800704 0.00115878
0.803179 0.000768855 0.800552 0.00119038
0.803485 0.00119911 0.801191 0.00125518
0.803321 0.00236779 0.801563 0.00131691
0.804414 0.00261428 0.801809 0.00229454
0.803449 0.00202009 0.801281 0.00111707
0.804727 0.000874693 0.801905 0.00141276
0.803926 0.00198266 0.802786 0.00143175
0.804972 0.00205433 0.802488 0.00138933
0.805376 0.00247356 0.802922 0.00179856
0.803987 0.00129401 0.801783 0.00112455
0.805145 0.00175547 0.802614 0.0018047
0.805375 0.00187036 0.802746 0.00201098
0.804977 0.00305713 0.803993 0.00314734
0.805063 0.00203738 0.80347 0.00132846
0.804523 0.00145771 0.802265 0.00112272
0.806644 0.00165069 0.804606 0.00145294
0.80671 0.00169054 0.803326 0.00216595
0.805589 0.00154096 0.803442 0.00118139
0.806772 0.00231438 0.805029 0.00200463
0.80593 0.00123493 0.803855 0.00162734
0.80622 0.00146815 0.803675 0.000918145
0.806931 0.00329357 0.804937 0.00149503
0.806952 0.00246907 0.804871 0.00161566
0.808033 0.00151711 0.80563 0.00174287
0.807509 0.00172545 0.80516 0.00141075
0.807289 0.00150632 0.805945 0.00158972
0.807865 0.00286258 0.80651 0.00312113
0.807269 0.00202309 0.80531 0.000780012
