0.804269 0.000468956 0.790308 0.000204257
0.804082 0.000280328 0.790184 0.000118864
0.804 3.98526e-05 0.790134 3.78204e-05
0.80379 0.00027089 0.789918 0.000241343
0.80378 0.000384587 0.789898 0.000371299
0.80368 0.000320355 0.789783 0.000318113
0.80348 0.000466068 0.789578 0.000470385
0.803428 0.000403676 0.789501 0.000386594
0.803526 0.000472441 0.789589 0.000492995
0.803368 0.00054668 0.789418 0.000567934
0.803329 0.000494609 0.78937 0.000506329
0.803346 0.000499807 0.789363 0.000499802
0.803035 0.000404901 0.788992 0.000447145
0.803058 0.00047936 0.789009 0.00052746
0.803096 0.000400575 0.789023 0.000427176
0.8033 0.000482013 0.789222 0.00050239
0.803311 0.000414294 0.789161 0.000483256
0.803022 0.000350485 0.788812 0.000399791
0.803055 0.000333283 0.788854 0.000341049
0.80301 0.000370012 0.788794 0.000428059
0.802905 0.000245875 0.788647 0.000278336
0.80284 0.00016653 0.788552 0.000213221
0.802897 0.000221596 0.78855 0.000264186
0.802966 0.000258883 0.788582 0.00033293
0.802812 0.000179454 0.788417 0.000203568
0.802821 0.000163235 0.788351 0.000186991
0.802721 0.00031201 0.788269 0.000331976
0.802641 0.000175548 0.78819 0.000219201
0.802835 0.000168851 0.788326 8.7684e-05
0.802762 0.000223179 0.788226 0.000145234
0.802776 0.000258769 0.788184 0.000232453
0.802686 0.000298557 0.788131 0.000192623
0.802853 0.000138873 0.788237 0.000138378
0.802689 0.000231592 0.78812 0.000176926
0.802617 0.000303079 0.788021 0.000202028
0.802692 0.000344009 0.788052 0.00023181
0.802625 0.000353161 0.787993 0.000198678
0.802493 0.000319523 0.787919 0.000218202
0.802476 0.0003261 0.787859 0.000164822
0.802404 0.000358187 0.787831 0.000188985
0.802414 0.000378454 0.787819 0.000263654
0.802607 0.000369627 0.787912 0.000214668
0.802372 0.000310745 0.787753 0.000193344
0.802214 0.00032565 0.787669 0.000177692
0.802225 0.000324348 0.787661 0.00024345
0.801981 0.00022813 0.787526 0.000107922
0.80213 0.000485246 0.787448 0.000379869
0.802066 0.000495907 0.7875 0.000365149
0.801844 0.000378234 0.787404 0.000221284
0.801831 0.000503261 0.787317 0.000411204
0.801655 0.000428042 0.787049 0.000328237
0.801915 0.000508902 0.787228 0.000396949
0.801655 0.000455617 0.78711 0.000386662
0.801688 0.000419707 0.787046 0.0003583
0.801563 0.000484648 0.786901 0.00037444
0.801545 0.000271211 0.786942 0.000312705
0.801417 0.000586163 0.786646 0.000674651
0.801352 0.000265267 0.78659 0.000421748
0.801168 0.000320196 0.786548 0.000411417
0.800993 0.000484509 0.786123 0.00066339
0.80125 0.00036851 0.78635 0.000507462
0.801282 0.000596909 0.786431 0.00070137
0.800922 0.000578282 0.785761 0.000786096
0.800935 0.000509523 0.785826 0.000704843
0.801099 0.000877647 0.786096 0.00111615
0.800938 0.000645232 0.785867 0.000894563
0.800737 0.000397117 0.785535 0.000467331
0.800891 0.000436654 0.785709 0.000449593
0.800928 0.000352419 0.785725 0.00038306
0.800451 0.000593714 0.784949 0.000855651
0.800615 0.000508912 0.785055 0.00075593
0.800489 0.000371301 0.784967 0.000692711
0.800504 0.000503469 0.784833 0.000757328
0.800564 0.000445829 0.784976 0.000611313
0.800095 0.000606377 0.784453 0.000726285
0.800223 0.000526147 0.78444 0.00064015
0.800358 0.000762235 0.784697 0.000926952
0.800384 0.000503376 0.784656 0.000767293
0.799994 0.000791275 0.78416 0.00082616
0.799126 0.00122959 0.782922 0.00151602
