0.970484 0.001977 0.960618 0.00308966
0.969768 0.0017366 0.959404 0.00240073
0.969343 0.00166126 0.958936 0.00228276
0.970884 0.00217487 0.961326 0.00338099
0.971251 0.00170585 0.96174 0.00281706
0.970527 0.0021099 0.960797 0.0031872
0.969666 0.00142703 0.959422 0.00238194
0.970144 0.00183639 0.960048 0.00253677
0.970684 0.00213303 0.961217 0.00358637
0.969746 0.00151456 0.959402 0.0020294
0.970199 0.00167699 0.960128 0.00282295
0.970248 0.0015386 0.959961 0.00209774
0.970284 0.00162426 0.960275 0.00257207
0.969517 0.00192355 0.959308 0.00285885
0.969603 0.00182693 0.959542 0.00295108
0.969879 0.00184528 0.959824 0.00275919
0.969725 0.00138947 0.959276 0.001874
0.969907 0.00171425 0.959599 0.00233963
0.970398 0.00200456 0.960535 0.00303997
0.970024 0.001588 0.959884 0.0025051
0.968933 0.00129992 0.95836 0.00143779
0.969192 0.00163936 0.958771 0.00223883
0.969078 0.00140002 0.95842 0.00182885
0.968872 0.00088883 0.958311 0.00113771
0.97039 0.00181833 0.960295 0.00259387
0.96921 0.00119528 0.958749 0.00170233
0.970272 0.00195915 0.960653 0.00329293
0.970169 0.00194393 0.960494 0.00328453
0.969104 0.00121386 0.958762 0.00173009
0.96961 0.000720671 0.959249 0.00137066
0.968971 0.00111383 0.9583 0.00120397
0.970118 0.00186797 0.96005 0.00256365
0.969367 0.00180473 0.959283 0.00250598
0.969029 0.00146657 0.958758 0.00215239
0.969306 0.00108475 0.958774 0.00132221
0.970341 0.00163463 0.9603 0.00251322
0.969796 0.000875703 0.959827 0.000953879
0.968913 0.00161245 0.958571 0.00230968
0.970025 0.00153711 0.959935 0.00230797
0.969534 0.00168208 0.959217 0.00218976
0.968557 0.000883776 0.957993 0.00135305
0.969839 0.00172333 0.959805 0.00256004
0.969872 0.00171224 0.959994 0.00245612
0.969877 0.00162203 0.95957 0.00222974
0.969035 0.000768666 0.95866 0.00127226
0.968923 0.00133058 0.958528 0.00195872
0.969184 0.00153904 0.958862 0.00186354
0.969655 0.00172423 0.959666 0.00258247
0.968911 0.000723241 0.95845 0.000866753
0.969528 0.00158341 0.959368 0.00244432
0.969097 0.00120006 0.958902 0.00144416
0.969553 0.00160271 0.9593 0.00224365
0.969001 0.00131664 0.95897 0.00220081
0.969116 0.00111561 0.959021 0.00150809
0.968963 0.000966933 0.958639 0.00143519
0.969369 0.00105661 0.959066 0.00173058
0.96878 0.000441252 0.958511 0.000899402
0.969747 0.00164674 0.960057 0.00248187
0.969122 0.000615858 0.958456 0.000970393
0.969004 0.00129599 0.958782 0.00222337
0.969618 0.00156645 0.959581 0.00243555
0.969445 0.00130682 0.95969 0.00223362
0.969474 0.00175054 0.95963 0.00248604
0.969158 0.0011889 0.958985 0.00140011
0.968946 0.00090784 0.958772 0.00137419
0.968729 0.000780183 0.958254 0.00108786
0.968462 0.000366219 0.958457 0.000784486
0.968859 0.000858109 0.958376 0.000827958
0.969312 0.001513 0.959156 0.00179059
0.968522 0.000613107 0.957848 0.000627846
0.968958 0.000752653 0.958456 0.000952199
0.969484 0.000883086 0.959641 0.00145209
0.969465 0.000697504 0.959824 0.00158328
0.968794 0.000738749 0.958131 0.00117455
0.968816 0.000495539 0.958286 0.000605832
0.969038 0.00138446 0.958919 0.00168056
0.968634 0.000525629 0.958275 0.00108454
0.968654 0.000460783 0.95828 0.00104693
0.968978 0.00113095 0.958918 0.00203424
0.968612 0.000357366 0.958046 0.000867869
