0.952916 0.000790973 0.943597 0.000764311
0.94889 0.00630222 0.93969 0.00614624
0.942902 0.00894918 0.93386 0.00865024
0.938852 0.00973315 0.929977 0.00939368
0.936732 0.00909156 0.927828 0.00888752
0.932867 0.00591022 0.924001 0.00576916
0.936089 0.00830398 0.927161 0.00812924
0.928989 0.000539402 0.920257 0.000444177
0.931965 0.00536341 0.923084 0.00536201
0.927914 0.00192543 0.919109 0.00190846
0.928689 0.00269013 0.919909 0.00270865
0.927383 0.00317973 0.918581 0.00304474
0.921068 0.00581362 0.912274 0.00580384
0.921466 0.00754199 0.91279 0.00720715
0.918665 0.00810868 0.909887 0.00815149
0.916371 0.0084325 0.907591 0.00841927
0.911249 0.0177662 0.902312 0.0178643
0.89485 0.020598 0.886214 0.0204074
0.887761 0.0210644 0.878797 0.0210228
0.890115 0.0248658 0.881016 0.0249322
0.891255 0.0213042 0.882607 0.0212774
0.884279 0.0179082 0.87533 0.0180746
0.881544 0.0162088 0.872826 0.0165928
0.870429 0.0145564 0.861497 0.0147211
0.868048 0.0171639 0.859028 0.0171954
0.86717 0.0148469 0.858107 0.0145933
0.863612 0.0114569 0.854632 0.0114065
0.859573 0.00274018 0.850629 0.00264041
0.86035 0.00290264 0.851634 0.00308829
0.85957 0.00249814 0.850704 0.0023878
0.859241 0.00187309 0.850252 0.00174758
0.85799 0.000837791 0.848983 0.000746458
0.858715 0.00165947 0.84946 0.00144073
0.857686 0.00118796 0.848785 0.000989546
0.85753 0.00174 0.848556 0.00129673
0.857961 0.00152867 0.848866 0.00115673
0.857255 0.00140968 0.848327 0.00106846
0.857083 0.00151088 0.848303 0.00112217
0.855648 0.00121945 0.847108 0.000843108
0.855883 0.00220198 0.847408 0.00164462
0.854393 0.00191012 0.846357 0.00132268
0.854133 0.00167078 0.845964 0.00119941
0.853915 0.00135531 0.845891 0.000883986
0.853716 0.00220615 0.845677 0.00154723
0.853139 0.00130299 0.845359 0.00101362
0.852348 0.0011743 0.844934 0.00085456
0.852407 0.00173954 0.844828 0.00101062
0.85215 0.00121378 0.844764 0.00086181
0.851257 0.00118168 0.844179 0.000964807
0.850778 0.000781801 0.84394 0.000604188
0.85018 0.000991367 0.84337 0.000866137
0.850311 0.000776344 0.843521 0.000860241
0.850019 0.000411783 0.843221 0.000566728
0.849759 0.00057655 0.84298 0.000556454
0.849703 0.000412169 0.843015 0.000329035
0.849353 0.000337522 0.842654 0.000284963
0.849258 0.00050355 0.842221 0.000524851
0.849312 0.000313432 0.842395 0.000397136
0.849208 0.000376213 0.842028 0.000421134
0.848961 0.000285775 0.84182 0.000728636
0.849039 0.000429001 0.841538 0.000608191
0.848925 0.000387901 0.841499 0.000759538
0.848811 0.000396727 0.840794 0.000360617
0.848311 0.000485013 0.840723 0.000548453
0.848317 0.000332545 0.840438 0.000285701
0.847893 0.000719651 0.840046 0.000644006
0.847951 0.000514621 0.839786 0.000706733
0.84754 0.00109534 0.839321 0.00108574
0.846886 0.000777913 0.838528 0.000781457
0.846043 0.00101497 0.837956 0.0010206
0.846857 0.000758726 0.83847 0.000894652
0.846088 0.000809381 0.837658 0.000813588
0.845322 0.00118369 0.836821 0.0012343
0.845183 0.00102173 0.836953 0.00111496
0.844375 0.00141017 0.836072 0.00139508
0.843374 0.00120302 0.834918 0.00133283
0.843537 0.00101597 0.835263 0.00128743
0.842684 0.00175124 0.834384 0.00195172
0.842477 0.00157233 0.833964 0.00125339
0.84227 0.00176786 0.832944 0.00202814
