0.810123 0.000748596 0.796279 0.000760325
0.810026 0.000450439 0.796227 0.000588397
0.810229 0.000596484 0.79613 0.00081919
0.810129 0.000548241 0.796211 0.000574207
0.810377 0.00054186 0.796409 0.000742034
0.810131 0.000389629 0.796395 0.000478097
0.810199 0.000737661 0.796493 0.000997733
0.810126 0.000568463 0.796208 0.000644599
0.810362 0.000718577 0.796612 0.000778257
0.810358 0.000789425 0.796365 0.00058845
0.810408 0.000730985 0.796457 0.000966503
0.810078 0.000612363 0.796518 0.000954791
0.810282 0.000661573 0.796224 0.000846906
0.810248 0.000606972 0.796643 0.000810773
0.810486 0.000817036 0.796717 0.00104477
0.810153 0.000408954 0.79613 0.000460554
0.810152 0.000344204 0.796122 0.000587721
0.810523 0.000489332 0.796491 0.000710917
0.810249 0.000654136 0.796285 0.000892782
0.810201 0.000383456 0.796383 0.000529158
0.810173 0.000412403 0.796676 0.000704503
0.810409 0.000661675 0.79632 0.000745788
0.81022 0.000445352 0.796436 0.000511815
0.810072 0.000600823 0.796188 0.000240489
0.810379 0.000699734 0.796675 0.000596465
0.810334 0.000825426 0.796627 0.000873188
0.810328 0.000409393 0.796297 0.000587823
0.810466 0.000615843 0.796388 0.000694197
0.810371 0.000320809 0.796507 0.000556756
0.810549 0.000749386 0.796584 0.000815551
0.810236 0.000660167 0.796144 0.000799023
0.810138 0.00046513 0.796525 0.000633712
0.810434 0.000828292 0.796471 0.000838005
0.810254 0.000578189 0.796327 0.000503585
0.810521 0.000678073 0.796601 0.000753605
0.810482 0.000509764 0.796579 0.000750207
0.810553 0.000686826 0.796635 0.000699082
0.810813 0.000679052 0.796708 0.000880314
0.810618 0.000595489 0.796638 0.000763203
0.810422 0.000310959 0.796401 0.000524299
0.810401 0.000558831 0.796652 0.000752368
0.810267 0.000792686 0.796781 0.000755552
0.810254 0.000495503 0.79648 0.000235691
0.810307 0.000588541 0.796636 0.000859757
0.81044 0.000537497 0.796599 0.000399218
0.810119 0.000878393 0.796748 0.000709331
0.810404 0.00068728 0.796914 0.000692871
0.810739 0.000586757 0.796823 0.000751669
0.810286 0.000425439 0.796537 0.000699049
0.810528 0.000871311 0.796942 0.00038788
0.810894 0.00076905 0.797079 0.000752719
0.810956 0.00079304 0.797199 0.00124348
0.810857 0.000957052 0.797443 0.000799318
0.81055 0.000692066 0.797184 0.000826216
0.810589 0.000912183 0.796815 0.000782297
0.81053 0.000896648 0.796756 0.000703051
0.810627 0.000605257 0.797161 0.001009
0.810721 0.000796564 0.79687 0.000900216
0.810744 0.000677763 0.797129 0.000891726
0.810831 0.000564065 0.79682 0.000841804
0.81079 0.000654806 0.796983 0.000699751
0.81068 0.000661205 0.796901 0.00102303
0.810893 0.00095564 0.797138 0.000894354
0.8107 0.000641307 0.79693 0.000858011
0.810323 0.000587488 0.796342 0.000428841
0.810903 0.000839153 0.796619 0.000970028
0.810389 0.000549006 0.797065 0.000874239
0.811 0.000806685 0.797132 0.000941642
0.810531 0.000496519 0.797595 0.000415237
0.810834 0.000746447 0.797464 0.000682586
0.810633 0.00067509 0.796869 0.000566703
0.810672 0.000688811 0.79661 0.000621554
0.811038 0.000472851 0.796886 0.000481524
0.810865 0.000728519 0.796969 0.000621077
0.810991 0.000757749 0.797508 0.000867247
0.810739 0.000670725 0.797254 0.00145257
0.810728 0.000728359 0.796731 0.000928846
0.810899 0.000938191 0.797129 0.00157896
0.810489 0.000610855 0.79663 0.000461517
0.811237 0.000664646 0.79704 0.000855484
