0.958222 0.00032122 0.955467 0.000574491
0.959225 0.000447182 0.956737 0.00054651
0.95933 0.000298376 0.957145 0.000414266
0.959232 0.00042173 0.957161 0.0005857
0.9598 0.000638629 0.957347 0.000345213
0.95967 0.000519962 0.957453 0.000420483
0.959368 0.00023217 0.957575 0.000420962
0.95967 0.00042444 0.957841 0.00053518
0.95947 0.000534024 0.957681 0.000458605
0.95951 0.000535609 0.95788 0.000520193
0.959584 0.000370499 0.957806 0.000693378
0.959352 0.000435367 0.957881 0.000567645
0.959756 0.000609383 0.958112 0.000246447
0.95934 0.000472967 0.958166 0.000359815
0.959443 0.000365616 0.958185 0.000311687
0.959397 0.000484176 0.958296 0.000414433
0.959652 0.000581668 0.958135 0.000346465
0.959641 0.00052069 0.957978 0.000208799
0.959658 0.000768864 0.958085 0.00034048
0.959713 0.000567337 0.958269 0.000386429
0.959554 0.000517538 0.958334 0.000352377
0.959349 0.000568535 0.958359 0.000329636
0.959535 0.00054987 0.958405 0.000278837
0.959346 0.0005698 0.958436 0.000457974
0.959646 0.00080776 0.958295 0.00036264
0.959135 0.000624863 0.958476 0.000267329
0.959315 0.000625941 0.958447 0.000439984
0.959481 0.000396428 0.958479 0.000258733
0.95942 0.000432508 0.958479 0.00026696
0.959364 0.000583803 0.95851 0.000333846
0.959395 0.000431434 0.958288 0.000260939
0.959421 0.000686665 0.958368 0.00042
0.959536 0.000640602 0.958519 0.000287614
0.959652 0.000469905 0.958673 0.000279433
0.959547 0.000546383 0.958412 0.000332492
0.959413 0.000467111 0.958487 0.000197426
0.959826 0.000575925 0.958525 0.000418454
0.959375 0.000282383 0.958624 0.000242261
0.959284 0.000581025 0.958506 0.000329859
0.959303 0.000512504 0.958652 0.000231333
0.959352 0.000218264 0.958674 0.000412955
0.959384 0.000266884 0.958721 0.00030045
0.959644 0.000468026 0.958632 0.000396757
0.959354 0.000448889 0.958521 0.000354341
0.959403 0.000289204 0.958564 0.000366241
0.959248 0.000217611 0.958726 0.000384301
0.959136 0.000591141 0.958657 0.000268485
0.959637 0.000316257 0.958486 0.000298872
0.959699 0.000589007 0.958641 0.000379507
0.959647 0.000610758 0.958546 0.000300267
0.959133 0.000604564 0.958687 0.000545654
0.959633 0.000722021 0.95857 0.000426011
0.959525 0.000635196 0.958668 0.000328865
0.95994 0.000487276 0.958876 0.000265354
0.959664 0.000508139 0.958499 0.000247334
0.959291 0.000743015 0.958746 0.000340314
0.959733 0.0007029 0.958583 0.000360683
0.959476 0.0004928 0.958655 0.000350526
0.959672 0.000415807 0.958709 0.000186432
0.959589 0.000359304 0.958879 0.000282675
0.959617 0.000383112 0.958862 0.000393521
0.959584 0.000726975 0.958653 0.000355101
0.959436 0.000438452 0.95869 0.000326208
0.959621 0.000481999 0.958887 0.000291118
0.959535 0.00049529 0.958902 0.000346907
0.959692 0.000468648 0.95886 0.000194309
0.959778 0.000458139 0.958777 0.000368022
0.959596 0.000596924 0.95892 0.000424984
0.959691 0.000315708 0.958918 0.000393013
0.959418 0.000414432 0.958819 0.000270358
0.959735 0.000771723 0.958879 0.000284319
0.959515 0.000657135 0.958787 0.000206308
0.959618 0.000594776 0.958926 0.000324231
0.959583 0.000970409 0.958808 0.000314485
0.959779 0.000573017 0.959107 0.000486114
0.959587 0.000641378 0.959019 0.000314018
0.959789 0.000486174 0.959137 0.000342027
0.959572 0.000634292 0.959108 0.000190691
0.959356 0.000512837 0.958941 0.000306421
0.959485 0.000465252 0.958938 0.000301347
0.959481 0.000525748 0.95917 0.000413503
0.959853 0.000555206 0.959197 0.000457218
0.959654 0.000731454 0.959114 0.000345366
0.959683 0.00048764 0.959031 0.000417863
0.959868 0.000545193 0.959244 0.000428924
0.960134 0.000792332 0.958973 0.000610981
0.959824 0.000550876 0.959156 0.000359675
0.960287 0.000460545 0.958933 0.000257026
0.959573 0.000750742 0.959424 0.00033111
0.959849 0.000498401 0.959434 0.000387073
0.96001 0.000626217 0.959189 0.000383587
0.959443 0.00035196 0.959062 0.000556786
0.960004 0.000539796 0.959307 0.000292382
0.959382 0.000389157 0.959375 0.000388694
0.959511 0.000833487 0.959073 0.000256277
0.959959 0.000875869 0.959518 0.000407525
0.960273 0.000848438 0.959011 0.000310908
0.960017 0.000777938 0.959211 0.000498745
0.960172 0.000830332 0.959149 0.000383062
0.960035 0.000753327 0.959134 0.000403164
