0.969946 0.00143539 0.959533 0.00221553
0.970214 0.00145622 0.959821 0.00219198
0.969972 0.00177396 0.959764 0.00289149
0.97095 0.0018336 0.960956 0.0027638
0.970364 0.00191773 0.960354 0.00313586
0.970207 0.00173303 0.959989 0.00274911
0.970804 0.00162529 0.960702 0.00220887
0.970647 0.00172362 0.960722 0.00273969
0.970913 0.00212827 0.961235 0.00345925
0.970386 0.00189837 0.960227 0.00300626
0.970617 0.001539 0.960486 0.00216705
0.970044 0.00174053 0.95985 0.0028039
0.9692 0.00101033 0.958299 0.00116213
0.970894 0.00115956 0.960738 0.0016653
0.969918 0.00168511 0.959623 0.00238966
0.970816 0.00218411 0.961086 0.00344383
0.970015 0.00148286 0.959752 0.00222629
0.968902 0.000683121 0.958087 0.000759643
0.969113 0.00130573 0.958443 0.00162111
0.97021 0.00146752 0.95993 0.00196256
0.971197 0.00176034 0.961352 0.00261402
0.969274 0.0011782 0.95857 0.00148056
0.97127 0.0019241 0.96168 0.00292518
0.970362 0.000787235 0.960064 0.00110492
0.970777 0.00160304 0.960814 0.00252324
0.970882 0.00196913 0.960953 0.00289176
0.970462 0.00180951 0.960623 0.00316924
0.969454 0.00152328 0.958927 0.00227263
0.969681 0.00131434 0.959081 0.00168745
0.970022 0.00160159 0.959673 0.00213857
0.969624 0.0015554 0.959312 0.00230767
0.970737 0.0019093 0.961044 0.0031351
0.969946 0.00115112 0.959622 0.00161445
0.969401 0.00149285 0.95882 0.00218122
0.970089 0.00149847 0.959852 0.00241711
0.970167 0.00178747 0.960191 0.00267005
0.969869 0.00167085 0.959447 0.00226992
0.969044 0.00107309 0.958392 0.00129347
0.970944 0.0014566 0.960942 0.00199469
0.969325 0.000937584 0.958707 0.00136637
0.970037 0.00149083 0.959844 0.00233476
0.970527 0.00128626 0.960522 0.00176305
0.969788 0.00109493 0.959473 0.0016485
0.969617 0.0012582 0.95924 0.00179826
0.970365 0.00205166 0.960703 0.00329921
0.970299 0.00169877 0.960686 0.00268667
0.969626 0.000870936 0.959009 0.00119032
0.9699 0.00130771 0.959798 0.00202706
0.969691 0.00136532 0.959364 0.00176934
0.968906 0.000878948 0.95852 0.00125789
0.969166 0.00103971 0.958548 0.00155062
0.968959 0.0011414 0.958413 0.00135674
0.969427 0.00112852 0.959228 0.00166583
0.969174 0.000827943 0.958795 0.00132781
0.969773 0.00105398 0.959965 0.0018349
0.969983 0.00188236 0.959855 0.00248156
0.969321 0.00120912 0.959363 0.00136277
0.969505 0.00140318 0.95934 0.00204429
0.971229 0.00193921 0.961948 0.00267638
0.969972 0.00162973 0.95971 0.00209773
0.969109 0.000393106 0.958879 0.00124109
0.968943 0.000880407 0.958784 0.00153441
0.969162 0.000642145 0.958904 0.00126967
0.969424 0.00105574 0.95926 0.0016843
0.969761 0.00122022 0.959458 0.00165495
0.9699 0.00164809 0.960083 0.00235998
0.969011 0.000945824 0.958638 0.00154848
0.968968 0.00122641 0.958532 0.00121251
0.968912 0.000658217 0.958841 0.001014
0.969706 0.00128612 0.960389 0.0022812
0.969353 0.000694396 0.958794 0.00134741
0.968934 0.000673357 0.958552 0.00109747
0.969568 0.00115055 0.959493 0.00229806
0.968951 0.000748352 0.958942 0.00104754
0.969343 0.000877748 0.958837 0.00101097
0.968822 0.000656695 0.958924 0.00126272
0.969442 0.00153118 0.959329 0.00248097
0.9693 0.00136581 0.959171 0.00185508
0.969381 0.00099262 0.958809 0.0014733
0.968761 0.000651135 0.958516 0.00108214
