0.80916 0.000485651 0.794004 0.00115632
0.809342 0.000635034 0.794201 0.00104165
0.809185 0.000509171 0.793779 0.000706264
0.809125 0.000339318 0.793485 0.000575969
0.809072 0.000284064 0.793558 0.000352074
0.808918 0.000290958 0.793474 0.00032147
0.809159 0.000499521 0.794034 0.000728616
0.809127 0.000459105 0.793659 0.000520237
0.809251 0.00054181 0.793916 0.000671508
0.809159 0.000530196 0.793706 0.000760732
0.809023 0.000573058 0.793645 0.000647443
0.809007 0.000532061 0.79383 0.00067495
0.809222 0.000571192 0.7939 0.000817856
0.809369 0.000611316 0.794149 0.00106361
0.809216 0.000396863 0.793495 0.000614152
0.809481 0.000564861 0.793989 0.000906561
0.80913 0.000580439 0.793613 0.000560486
0.808795 0.000536683 0.793572 0.000616414
0.80929 0.000468513 0.793365 0.000530133
0.809307 0.000325905 0.793537 0.000521895
0.809108 0.000503899 0.793814 0.000449883
0.809311 0.000398316 0.793444 0.000546178
0.809187 0.000568504 0.793671 0.000840119
0.809048 0.000382921 0.793498 0.00047193
0.808921 0.000263196 0.793417 0.000419518
0.809155 0.000481281 0.793415 0.000728991
0.808871 0.000342989 0.793149 0.000398537
0.808922 0.000202855 0.793037 0.000214162
0.809176 0.000378511 0.79368 0.000613573
0.809328 0.000375914 0.793598 0.000596912
0.809223 0.000394733 0.79336 0.00067137
0.808922 0.000450776 0.793308 0.000322416
0.809021 0.000505505 0.793537 0.000629323
0.809301 0.000458626 0.793561 0.000629467
0.809176 0.000708093 0.793302 0.000633047
0.809249 0.000396686 0.793468 0.00034489
0.80906 0.000507955 0.793277 0.000627536
0.808988 0.000342912 0.79328 0.000402396
0.809294 0.0004239 0.793312 0.000609775
0.809168 0.00055036 0.79335 0.000617596
0.809033 0.000585536 0.793149 0.000544252
0.809297 0.000493038 0.793256 0.000499848
0.808903 0.000356911 0.793041 0.000358311
0.808878 0.000350174 0.792991 0.00043867
0.809151 0.000316265 0.792967 0.000341008
0.809323 0.000587151 0.793578 0.00038964
0.809163 0.000585703 0.793091 0.000715529
0.809218 0.000387127 0.793188 0.000569699
0.808936 0.000435051 0.793008 0.000419353
0.809314 0.000366783 0.793296 0.000480881
0.809001 0.000195987 0.792739 0.000368619
0.809195 0.000366285 0.793474 0.000689827
0.809012 0.000252294 0.792939 0.000506928
0.808989 0.000436522 0.792894 0.000454738
0.808984 0.000570226 0.793214 0.000395822
0.808914 0.000329678 0.792815 0.00024569
0.809256 0.000564028 0.792935 0.000358129
0.808839 0.000414147 0.793061 0.000473856
0.809114 0.000483953 0.793079 0.000345617
0.809012 0.000470156 0.793173 0.000362897
0.808863 0.000348175 0.792946 0.000502988
0.80892 0.000165605 0.792651 0.000350559
0.80904 0.000529832 0.793134 0.000445317
0.80903 0.000364104 0.792941 0.000563325
0.808814 0.000417172 0.792952 0.000352977
0.808928 0.000532771 0.79302 0.000444074
0.808914 0.000416434 0.79274 0.000447069
0.808925 0.000653035 0.792964 0.000749411
0.808851 0.000446602 0.792942 0.000439595
0.809077 0.000345375 0.793011 0.000457879
0.809052 0.000508267 0.793076 0.000283432
0.808865 0.000284459 0.792871 0.000742946
0.808855 0.00032983 0.792858 0.000276976
0.809124 0.000483218 0.792998 0.000555241
0.808672 0.000375557 0.792791 0.000325812
0.808898 0.000452567 0.793053 0.000497701
0.808806 0.000429281 0.792599 0.000381093
0.808809 0.000433744 0.793059 0.000295876
0.808908 0.000366943 0.793081 0.000494107
0.808857 0.000426996 0.792668 0.000378918
