0.967279 0.000153068 0.957334 0.000193826
0.967381 0.000238746 0.957234 0.000217807
0.967341 0.000176086 0.957258 0.000336355
0.9674 0.000254617 0.957209 0.000216751
0.96743 0.000237311 0.9575 0.00015801
0.967362 0.000151676 0.957227 0.000259313
0.967318 0.000196793 0.95717 0.000243195
0.967369 0.000122188 0.957191 0.000135224
0.967387 0.000182342 0.957193 0.000206065
0.967487 0.00035382 0.957425 0.000474178
0.967392 0.000201051 0.957234 0.000238529
0.967264 0.000151691 0.957348 0.000344312
0.967472 0.000185088 0.957198 0.000187147
0.967338 0.000267437 0.957312 0.000249028
0.967449 0.000208712 0.95732 0.000276273
0.967326 0.000336548 0.957353 0.000271101
0.967321 0.000211362 0.957206 0.000181679
0.967388 0.000146022 0.957284 0.000285118
0.967431 0.000232675 0.957315 0.000388764
0.967382 0.000184866 0.957276 0.000318841
0.967328 0.000167763 0.957393 0.000413227
0.967434 0.000288661 0.957296 0.000285838
0.967229 0.000304308 0.957254 0.000306052
0.967362 0.000277503 0.957321 0.000211852
0.967231 0.000277313 0.957262 0.000364704
0.967389 0.000279385 0.957474 0.000313494
0.967358 0.000435243 0.957233 0.000339926
0.967444 0.000231023 0.957329 0.000442642
0.967385 0.000319209 0.957158 0.000377203
0.967535 0.000201052 0.957043 0.000207686
0.967461 0.00029644 0.957055 0.00025044
0.967373 0.000392845 0.957347 0.000356334
0.967494 0.000382464 0.957392 0.00031732
0.967496 0.000270358 0.957266 0.000285762
0.967316 0.000323274 0.957434 0.000344185
0.967433 0.000287963 0.957235 0.000266449
0.967456 0.000315159 0.957182 0.00040301
0.967284 0.000450342 0.957335 0.000425388
0.967338 0.000384401 0.957229 0.000260273
0.967484 0.000436753 0.957257 0.000432331
0.967545 0.000461455 0.957261 0.00050499
0.967454 0.000363227 0.957215 0.000479491
0.967796 0.00019565 0.956837 0.000284631
0.967513 0.000391471 0.957413 0.000497187
0.967266 0.000599324 0.957127 0.000481786
0.96763 0.000173812 0.957126 0.000331065
0.967558 0.000420349 0.95718 0.000371087
0.967573 0.000485041 0.957236 0.000443848
0.967461 0.000427431 0.957124 0.000348742
0.967546 0.000439211 0.95711 0.000581516
0.967504 0.000397743 0.957121 0.00034054
0.967681 0.000232481 0.956991 0.000396256
0.967665 0.000371977 0.957189 0.000359046
0.967696 0.000386548 0.957042 0.000573721
0.967904 0.000257478 0.956981 0.000348831
0.967785 0.000585781 0.956965 0.000550051
0.967534 0.000250715 0.957303 0.000522014
0.96776 0.000358453 0.956971 0.000411
0.967584 0.000459336 0.95696 0.000342272
0.967668 0.000512493 0.957182 0.000358548
0.967668 0.000300237 0.957055 0.000279822
0.967466 0.000385645 0.957559 0.000672486
0.967698 0.00042064 0.957068 0.000591998
0.967946 0.000302419 0.957027 0.000665224
0.967547 0.000452706 0.957174 0.000389068
0.967717 0.000403252 0.957043 0.00030298
0.96781 0.000188961 0.957273 0.000467738
0.967582 0.000396413 0.95696 0.000510038
0.967801 0.000459859 0.957451 0.00049428
0.967416 0.000669948 0.957279 0.000677158
0.967616 0.000415282 0.956899 0.000432317
0.967714 0.000458326 0.956961 0.000370834
0.967772 0.00041618 0.956908 0.000493567
0.967735 0.000363876 0.956967 0.000438812
0.967696 0.000481632 0.95688 0.000338802
0.967516 0.000537534 0.957441 0.00068471
0.967662 0.000512543 0.957117 0.000748816
0.967741 0.000452666 0.956659 0.000322654
0.967617 0.000481113 0.957177 0.000455679
0.967674 0.000440323 0.956946 0.000344168
