0.954506 0.000410445 0.945366 0.000509584
0.954459 0.000179794 0.945297 0.00020266
0.951571 0.00558342 0.942423 0.00551099
0.949766 0.00596215 0.940637 0.00581388
0.951386 0.00472184 0.942313 0.00454283
0.944614 0.00639478 0.935599 0.00623336
0.943918 0.00658792 0.934861 0.00656514
0.942429 0.00598671 0.933593 0.00586798
0.944157 0.0078927 0.934897 0.00779603
0.941411 0.00853375 0.932057 0.00846441
0.940826 0.00723135 0.931471 0.00712872
0.94019 0.00726595 0.930975 0.00710658
0.940669 0.00520193 0.931347 0.00514659
0.936995 0.00421218 0.927944 0.00413361
0.936584 0.00661409 0.927273 0.00662071
0.938818 0.00792155 0.929379 0.00793223
0.934954 0.00378436 0.925704 0.00384059
0.933525 0.00228743 0.924013 0.00229112
0.934942 0.00324284 0.925526 0.0033552
0.935393 0.00517477 0.925833 0.00517077
0.931079 0.00491018 0.92153 0.00513768
0.929255 0.00646301 0.919515 0.00675247
0.930446 0.00880024 0.920745 0.0091487
0.928435 0.00651478 0.91872 0.00662768
0.928939 0.0133584 0.919157 0.0138307
0.931127 0.00431235 0.921425 0.00418354
0.927606 0.00655465 0.917714 0.00655073
0.920929 0.0126503 0.910699 0.0136212
0.917319 0.0151012 0.907025 0.0160539
0.921024 0.0141182 0.910869 0.0148504
0.915669 0.0211668 0.905071 0.0220886
0.898796 0.0129988 0.887165 0.0139668
0.911666 0.0180854 0.901181 0.0188862
0.906099 0.0180831 0.895114 0.0190832
0.905841 0.0154581 0.894804 0.0164244
0.906425 0.0172118 0.895516 0.0180782
0.913164 0.00920538 0.902335 0.00964108
0.904421 0.0168252 0.892977 0.0178154
0.896331 0.00947695 0.884861 0.0104704
0.904574 0.0172984 0.892719 0.0180465
0.893939 0.011437 0.881444 0.0115307
0.89164 0.00782883 0.878796 0.00767874
0.897385 0.0118686 0.885149 0.0126039
0.889923 0.00585383 0.877094 0.00611037
0.893885 0.00804465 0.88122 0.00827494
0.894419 0.00772245 0.880994 0.00777943
0.892541 0.00477988 0.87864 0.00501799
0.889994 0.00878152 0.876567 0.00745991
0.885515 0.00706192 0.872005 0.00635443
0.886451 0.00604745 0.873035 0.00596276
0.885343 0.00820316 0.871876 0.00749217
0.882626 0.0114867 0.869608 0.00971772
0.883216 0.0109333 0.870503 0.00970159
0.882718 0.00941338 0.86942 0.00826009
0.884473 0.00829096 0.870753 0.00741514
0.887453 0.00800023 0.874117 0.00747512
0.879989 0.00726116 0.867141 0.00620092
0.879444 0.0104255 0.866967 0.00910292
0.878243 0.0117806 0.865976 0.0100625
0.87892 0.00860732 0.866488 0.00730434
0.874328 0.00796383 0.862562 0.00684967
0.876841 0.00611112 0.86428 0.00507691
0.873352 0.00699743 0.861483 0.00589276
0.87017 0.00723192 0.859149 0.00624654
0.871596 0.00523278 0.859606 0.00451654
0.871978 0.0066241 0.860414 0.00570089
0.872193 0.00934681 0.860774 0.00804567
0.865041 0.00369398 0.854237 0.00300162
0.865687 0.00690859 0.855109 0.00603126
0.864128 0.00592802 0.854124 0.00521178
0.865623 0.00431816 0.854709 0.00376926
0.869147 0.00590742 0.857884 0.00499884
0.865926 0.00719508 0.854628 0.00603027
0.865063 0.00473769 0.854351 0.00374539
0.862453 0.0039727 0.851844 0.00332666
0.866195 0.00272848 0.855009 0.00247316
0.862171 0.00586355 0.851562 0.0050477
0.863591 0.00445235 0.852547 0.00381876
0.862156 0.00493286 0.850366 0.00438882
0.861814 0.00339261 0.850472 0.00273211
