0.967359 0.000666266 0.95746 0.000504118
0.967356 0.000508352 0.95739 0.000295568
0.968259 0.00170941 0.958282 0.00183695
0.967499 0.000746614 0.957455 0.000468622
0.967226 0.000279414 0.957275 0.00024809
0.967071 0.000125294 0.957248 0.000165424
0.967261 0.000343017 0.957364 0.000283763
0.967286 0.000472251 0.95732 0.000307607
0.967312 0.000377325 0.957277 0.000391216
0.967549 0.00056539 0.957482 0.000596121
0.967146 0.000203566 0.957311 0.0002129
0.967823 0.00129041 0.957829 0.00103654
0.967154 0.000275787 0.957266 0.000285197
0.967678 0.000931548 0.957739 0.000782938
0.967317 0.000445319 0.95753 0.000381748
0.967597 0.000530482 0.957671 0.000576919
0.967338 0.000237984 0.957324 0.000327349
0.967641 0.000534878 0.957818 0.000573982
0.967537 0.000423514 0.957501 0.00045775
0.967368 0.000589738 0.957544 0.000355588
0.967428 0.000423246 0.957485 0.000581065
0.967683 0.000620493 0.95773 0.00042521
0.967292 0.000306107 0.957352 0.000393346
0.967398 0.000369562 0.957487 0.000388379
0.967338 0.000207452 0.957345 0.00033048
0.967457 0.000354674 0.957522 0.000421616
0.967263 0.000157191 0.957299 0.000320633
0.967365 0.000476639 0.957745 0.000475449
0.967324 0.000206831 0.957468 0.00030005
0.96743 0.000274232 0.957451 0.000491131
0.967543 0.000422362 0.957864 0.000599282
0.967354 0.000318284 0.957464 0.000464193
0.967259 0.000220328 0.957326 0.000261849
0.967296 0.000337597 0.957469 0.000330182
0.967347 0.00020337 0.957422 0.00042276
0.967494 0.000294296 0.9574 0.00043603
0.967578 0.000274339 0.957518 0.000700321
0.967327 0.00025214 0.957069 0.000367196
0.967349 0.000240107 0.957266 0.000251435
0.967361 0.000312295 0.957383 0.000412997
0.967598 0.000572183 0.957578 0.000745893
0.967443 0.000259536 0.95736 0.000467688
0.967547 0.000333209 0.957417 0.000511023
0.967544 0.000339662 0.957471 0.000640281
0.967479 0.00031993 0.957114 0.000411399
0.96742 0.000249671 0.957377 0.000415811
0.967446 0.000258499 0.957408 0.000581435
0.967568 0.000264076 0.957356 0.000402003
0.967659 0.000254891 0.95723 0.000567833
0.967567 0.000309225 0.957358 0.000738858
0.967386 0.000248116 0.957383 0.000359023
0.967467 0.000258393 0.95741 0.000752076
0.967575 0.000314608 0.957257 0.000367508
0.967618 0.000389453 0.957444 0.000742506
0.967463 0.000367483 0.957534 0.000414965
0.967922 0.000352506 0.957511 0.000786153
0.967472 0.00047742 0.95774 0.000600169
0.967473 0.000355295 0.957395 0.000714306
0.96768 0.00028088 0.957134 0.000597022
0.967469 0.000279246 0.95718 0.000501819
0.968046 0.000971651 0.958286 0.00152558
0.96761 0.000436748 0.957095 0.000490457
0.967731 0.000168997 0.957093 0.000682723
0.967739 0.000261395 0.957339 0.000757874
0.967754 0.000200778 0.957238 0.000755167
0.96766 0.000597335 0.957326 0.000589561
0.967634 0.000405209 0.956954 0.000481422
0.967742 0.000245757 0.957334 0.000513
0.967789 0.000329653 0.957426 0.000696588
0.967884 0.000407324 0.957054 0.000659041
0.967802 0.000362589 0.957302 0.000574133
0.967678 0.000323762 0.957151 0.000776521
0.96769 0.000242292 0.95764 0.000675425
0.967694 0.000381972 0.957509 0.000928351
0.967639 0.000389097 0.957038 0.000547199
0.967685 0.000280495 0.957104 0.000986088
0.96779 0.000316352 0.957442 0.000736459
0.96766 0.000288601 0.957386 0.00067619
0.967614 0.0004606 0.957137 0.000741957
0.967865 0.000506281 0.957721 0.000780086
