0.809572 0.00040654 0.79477 0.000419225
0.809393 0.000445765 0.794513 0.000514491
0.809474 0.000345635 0.794589 0.000150666
0.809748 0.000344104 0.794923 0.000610983
0.809515 0.000320886 0.79471 0.00027177
0.809393 0.000260205 0.79475 0.000403007
0.809627 0.000312679 0.794392 0.000320994
0.809457 0.000310544 0.794591 0.000459806
0.809738 0.000701128 0.794837 0.000624515
0.809631 0.000455188 0.795077 0.000588934
0.809519 0.000365706 0.794604 0.0004383
0.809662 0.000524672 0.794785 0.000472535
0.809922 0.000411416 0.794766 0.000386536
0.809454 0.000408521 0.794493 0.000429656
0.809736 0.00037441 0.794756 0.000374879
0.80958 0.000413481 0.794788 0.00050452
0.809352 0.000283176 0.794828 0.000515277
0.809529 0.000425233 0.794784 0.000396862
0.809218 0.000529551 0.794789 0.000508263
0.809523 0.000309988 0.795056 0.000441922
0.809445 0.000314785 0.79471 0.00039974
0.809568 0.000251454 0.79475 0.000548422
0.809656 0.000393251 0.794863 0.000595181
0.809762 0.000434572 0.794701 0.000590061
0.809835 0.000511368 0.794977 0.000677604
0.809754 0.000405251 0.794722 0.000612849
0.809584 0.000378566 0.795104 0.000588301
0.809654 0.000525819 0.794983 0.000520654
0.809531 0.000491394 0.794821 0.000485936
0.809787 0.000590356 0.795076 0.000556411
0.809754 0.000546441 0.795131 0.00056547
0.809671 0.000540646 0.794987 0.000667662
0.809815 0.000369955 0.79514 0.000848071
0.809588 0.000389938 0.794979 0.000420242
0.809498 0.000491992 0.794924 0.000500274
0.810041 0.00058466 0.794922 0.000659518
0.809713 0.000608222 0.795351 0.000611579
0.80956 0.000285267 0.79453 0.000538171
0.809747 0.000495298 0.795032 0.000635558
0.809606 0.000417913 0.794826 0.000452909
0.809815 0.000330865 0.79512 0.00046681
0.809709 0.000283452 0.794911 0.00062806
0.809552 0.00029968 0.79521 0.000317057
0.810134 0.000419397 0.795051 0.00030454
0.810043 0.000386976 0.795213 0.000584698
0.809663 0.000369448 0.794785 0.000407433
0.809872 0.000734979 0.795136 0.000659
0.809675 0.00039492 0.7948 0.000497746
0.809874 0.000382356 0.794586 0.00038149
0.809788 0.000453388 0.794937 0.000734583
0.809735 0.000436402 0.794671 0.000458083
0.809938 0.000514093 0.794988 0.000463797
0.809898 0.000559846 0.795186 0.000525928
0.809894 0.000620542 0.794975 0.000612992
0.809821 0.000407029 0.794874 0.000354265
0.809802 0.000602151 0.795164 0.000683587
0.809558 0.000471033 0.79495 0.000496308
0.809768 0.000641297 0.795188 0.000586031
0.809761 0.000459309 0.794868 0.000563632
0.810136 0.000811459 0.795272 0.000604421
0.809907 0.000620511 0.794764 0.000472516
0.809628 0.000746757 0.795314 0.000756077
0.809966 0.000370656 0.794587 0.0006309
0.809559 0.00065255 0.795157 0.00101745
0.809786 0.000520435 0.795079 0.00039007
0.80992 0.000590921 0.795128 0.000680617
0.809851 0.000839972 0.794943 0.00051217
0.809894 0.000467673 0.795215 0.00074444
0.810159 0.000522059 0.794881 0.000569136
0.810327 0.000594643 0.795552 0.000911213
0.810118 0.000610438 0.795039 0.000490242
0.809431 0.000844313 0.794995 0.000570796
0.809768 0.000472971 0.794828 0.00050277
0.809779 0.000692138 0.794874 0.000575562
0.810039 0.000569688 0.7947 0.00062146
0.810111 0.000557716 0.795266 0.000573315
0.80993 0.000393914 0.794655 0.000588606
0.809935 0.000330076 0.794992 0.000671869
0.810304 0.00065792 0.795026 0.000766762
0.809919 0.000445284 0.795002 0.000732481
