0.804388 0.000577127 0.790279 0.000269148
0.804147 0.000257366 0.790124 0.000117166
0.804083 0.000127989 0.790039 6.28708e-05
0.803942 0.000302221 0.789866 0.000311288
0.803987 0.00010599 0.789897 0.000121474
0.804009 0.000109607 0.789899 0.000128014
0.804006 4.06742e-05 0.789848 4.70183e-05
0.803827 0.000306881 0.7896 0.000368305
0.803732 0.000395231 0.78948 0.000455221
0.803727 0.000377414 0.789388 0.000439062
0.803587 0.000430477 0.789187 0.000496158
0.80353 0.000400481 0.789014 0.000556436
0.803424 0.000517103 0.788962 0.00058826
0.803376 0.000441244 0.788818 0.000527399
0.803535 0.000480655 0.788986 0.000612178
0.803415 0.000481514 0.788867 0.000597213
0.803344 0.000307934 0.788571 0.000389879
0.803273 0.000393695 0.788469 0.000512507
0.80339 0.000270768 0.788593 0.000388496
0.803343 0.000208189 0.788517 0.000306068
0.803243 0.000328181 0.788317 0.000338717
0.803327 0.000200624 0.788259 0.000141963
0.803191 0.000265017 0.788191 0.000227084
0.803247 0.000177158 0.788127 0.000119407
0.803263 0.000250724 0.788191 0.000232557
0.803181 0.000247477 0.788179 0.0001869
0.803216 0.00024818 0.788094 0.000117997
0.803228 0.0002185 0.788057 0.000202058
0.803009 0.000281111 0.787953 0.000176925
0.803041 0.00013969 0.787891 0.000149643
0.803084 0.000282862 0.787956 0.000239133
0.803021 0.000373826 0.787826 0.000272355
0.802703 0.000389555 0.787645 0.000237592
0.802855 0.0003042 0.787774 0.000124837
0.802814 0.000422843 0.787718 0.000272953
0.802769 0.000267307 0.787697 0.000174913
0.802593 0.000359402 0.787512 0.000187101
0.802815 0.000469072 0.787607 0.00030347
0.802527 0.000374861 0.787452 0.000321636
0.80252 0.000451957 0.787431 0.000298579
0.802645 0.000479471 0.78743 0.000311442
0.802603 0.000361445 0.78738 0.000199414
0.80258 0.000296802 0.787427 0.000189282
0.802448 0.000308868 0.787265 0.000152822
0.802244 0.000419055 0.787138 0.000251274
0.802486 0.000406954 0.787211 0.000282063
0.802404 0.000463509 0.787164 0.000358994
0.802354 0.000348669 0.787142 0.000133714
0.802152 0.000317632 0.786984 0.000354354
0.801981 0.000322922 0.786756 0.000326705
0.802191 0.000271356 0.786814 0.000260311
0.802105 0.000365165 0.786843 0.00040095
0.802033 0.00029457 0.786776 0.000304037
0.801705 0.000450207 0.786187 0.00058154
0.802315 0.000394769 0.786729 0.000393886
0.802136 0.000213247 0.786641 0.000321115
0.802139 0.000172867 0.78649 0.000285775
0.801777 0.000357627 0.786214 0.000441294
0.801725 0.000357212 0.785891 0.000371931
0.801755 0.000416629 0.785912 0.000430691
0.801539 0.000354855 0.785507 0.00051182
0.801768 0.000472081 0.786106 0.000448016
0.801647 0.000403877 0.785589 0.000574703
0.801598 0.000552077 0.785632 0.000690971
0.801606 0.000466167 0.785489 0.000664374
0.801581 0.000714839 0.785593 0.000902954
0.801571 0.000304998 0.785391 0.00048899
0.801758 0.000503944 0.785469 0.000743054
0.801443 0.000498475 0.784962 0.0005833
0.8013 0.000382347 0.784853 0.00069933
0.801776 0.000359856 0.785569 0.000485851
0.801505 0.000444739 0.784951 0.000627511
0.801724 0.000450994 0.785167 0.000831906
0.801565 0.000591932 0.784641 0.00055934
0.801729 0.000518654 0.784922 0.000641883
0.801376 0.000499911 0.784478 0.000493551
0.801627 0.000410514 0.784681 0.000815987
0.801608 0.000511261 0.784688 0.000618859
0.801527 0.000815918 0.784301 0.0007176
0.801654 0.000387282 0.7846 0.000485273
