0.967543 0.000302492 0.957249 0.000207121
0.96745 0.000231699 0.957132 9.71669e-05
0.967772 0.000462263 0.957647 0.000472437
0.967533 0.000249187 0.957313 0.000309804
0.967424 0.000128084 0.9573 0.00016328
0.967402 0.000269984 0.957314 0.000308685
0.967499 0.000138228 0.957291 0.000195183
0.967456 0.000206353 0.957354 0.000228634
0.967632 0.000315022 0.957532 0.000203359
0.967605 0.000378875 0.957502 0.000329174
0.967511 0.000379004 0.957465 0.000316452
0.967567 0.000242772 0.957422 0.000252717
0.967563 0.000210793 0.957467 0.000268127
0.967495 0.000298024 0.957529 0.000331482
0.967536 0.000229916 0.957322 0.0002941
0.967418 0.000200657 0.957329 0.000247041
0.967489 0.00018275 0.957331 0.000148801
0.96751 0.00023851 0.957449 0.000427452
0.967527 0.00022965 0.957345 0.000177662
0.967772 0.000811573 0.957597 0.000888659
0.967525 0.000154748 0.957414 0.00026339
0.967429 0.000147158 0.957242 0.000277547
0.967583 0.000265762 0.957701 0.000312157
0.967356 0.000305195 0.957466 0.000447436
0.96734 0.000286458 0.957377 0.000323808
0.96751 0.000183745 0.957267 0.000298004
0.967462 0.000357537 0.957581 0.000403343
0.967251 0.000248382 0.957371 0.000292105
0.967579 0.000431849 0.957664 0.000421317
0.967438 0.000288701 0.957584 0.000374762
0.967359 0.000350264 0.957369 0.000386276
0.967558 0.000548342 0.95755 0.000515952
0.967604 0.000281869 0.957302 0.000372067
0.967547 0.000257906 0.957603 0.000546938
0.967556 0.000269608 0.957547 0.000359197
0.967477 0.000285524 0.957525 0.000436656
0.967628 0.000352218 0.95761 0.000396013
0.967331 0.000215556 0.957448 0.000362026
0.967669 0.000275675 0.957791 0.000762803
0.967678 0.000424325 0.957406 0.000471489
0.967494 0.000261773 0.957551 0.000685073
0.967789 0.000359951 0.957545 0.000612333
0.967428 0.000366899 0.957493 0.00043621
0.967661 0.000221491 0.957475 0.000350427
0.967665 0.000571546 0.957771 0.000608312
0.967547 0.000379264 0.957546 0.000536843
0.967483 0.000204384 0.957254 0.000302422
0.967407 0.000249177 0.957244 0.000263114
0.967699 0.000284835 0.957379 0.000538885
0.967624 0.000258704 0.957553 0.000621003
0.967588 0.000335747 0.957468 0.00035959
0.967638 0.000277203 0.957602 0.000513163
0.967849 0.000740139 0.957667 0.000898681
0.967335 0.000260313 0.957651 0.000390892
0.967387 0.000415288 0.957378 0.000548073
0.96755 0.000306791 0.957423 0.000620244
0.967609 0.00034327 0.957549 0.000618974
0.967614 0.000308865 0.957494 0.000389133
0.967622 0.000337942 0.957434 0.000323655
0.967505 0.00053383 0.957312 0.000457585
0.967739 0.000280692 0.957364 0.000511569
0.967663 0.000345968 0.957281 0.000435361
0.967598 0.000366852 0.957649 0.000580141
0.967652 0.000251645 0.957514 0.000878565
0.967752 0.00043382 0.957502 0.000405809
0.967698 0.000409171 0.957127 0.000422679
0.967761 0.000347857 0.957376 0.000609666
0.967819 0.000380075 0.957248 0.00043095
0.967618 0.000307802 0.957591 0.000545725
0.967546 0.000355666 0.957481 0.000693816
0.9677 0.000319836 0.957287 0.000501847
0.967761 0.000304312 0.957284 0.000405754
0.967681 0.000379892 0.957307 0.000570545
0.967786 0.000439507 0.957272 0.000397574
0.967665 0.000293508 0.957271 0.000637458
0.967666 0.000440051 0.957478 0.000431885
0.967779 0.000395351 0.957739 0.000452619
0.968021 0.000405588 0.957398 0.000713908
0.967953 0.000235051 0.957299 0.000641836
0.967798 0.000372256 0.957269 0.000493689
