0.796034 0.000233954 0.791239 0.000180574
0.796985 0.000550765 0.792052 0.000427746
0.797082 0.000379742 0.792512 0.000335211
0.797209 0.000534158 0.79235 0.000366119
0.797307 0.00040035 0.792641 0.000222263
0.797488 0.000450589 0.792715 0.000330949
0.797311 0.000376771 0.792994 0.000272506
0.797222 0.000331964 0.793044 0.000316063
0.797298 0.000638768 0.792903 0.000259198
0.797458 0.000550446 0.793144 0.000361476
0.797703 0.000578531 0.793179 0.000371599
0.797352 0.00059402 0.79349 0.00052568
0.79722 0.000557881 0.793243 0.000215178
0.797629 0.000635283 0.793484 0.000313101
0.797346 0.000558792 0.793425 0.000460265
0.797367 0.000533281 0.793639 0.000364895
0.797233 0.000570967 0.793507 0.000288243
0.797287 0.000771893 0.793585 0.00047704
0.797518 0.000457403 0.793806 0.000437371
0.797328 0.000491847 0.793939 0.000380514
0.79713 0.000318942 0.793872 0.00060758
0.797881 0.000564631 0.794075 0.000601809
0.797335 0.00045117 0.794177 0.000549081
0.797479 0.000455613 0.794167 0.000469408
0.797728 0.000466799 0.794408 0.000568047
0.79699 0.000666554 0.794218 0.000349637
0.797629 0.000518275 0.794262 0.000547533
0.797685 0.000555444 0.794283 0.000398492
0.797138 0.000370861 0.794397 0.000307006
0.797284 0.000413112 0.794829 0.000469989
0.797464 0.000579235 0.794333 0.000384024
0.797955 0.000685255 0.794377 0.000659279
0.797723 0.000800734 0.79456 0.000216262
0.797372 0.000592861 0.794729 0.000363893
0.79789 0.000746824 0.794587 0.000617081
0.797404 0.000786465 0.794628 0.000329767
0.797656 0.00058288 0.794787 0.00061775
0.797315 0.000462453 0.795025 0.00038344
0.797587 0.000677502 0.794862 0.000327131
0.797715 0.000611154 0.794757 0.000464792
0.797645 0.00055197 0.795266 0.000412491
0.79718 0.000646808 0.79503 0.000480857
0.797804 0.000639616 0.794823 0.000376452
0.797738 0.000563486 0.795045 0.000364921
0.797572 0.000510036 0.795381 0.000386752
0.798114 0.000738563 0.795141 0.000586163
0.797729 0.000637927 0.795112 0.000412625
0.79798 0.000913756 0.795089 0.000299725
0.798006 0.000794316 0.795386 0.000586597
0.798147 0.000792475 0.795048 0.000715617
0.79766 0.000549728 0.795297 0.000490707
0.797993 0.000862969 0.795565 0.000627892
0.79774 0.000695626 0.795344 0.0006773
0.797425 0.000568154 0.795436 0.000478469
0.797657 0.000802132 0.795589 0.000672702
0.797856 0.000647845 0.795454 0.000426455
0.798002 0.000819438 0.795585 0.000609687
0.798273 0.000508808 0.795683 0.000506125
0.798165 0.000502799 0.795757 0.000577803
0.797801 0.000721897 0.795725 0.00033909
0.797747 0.000799036 0.795719 0.000449406
0.798209 0.000684994 0.795973 0.000394887
0.79817 0.000972481 0.795905 0.000296357
0.798332 0.000805669 0.795821 0.000808026
0.798392 0.000554797 0.796045 0.000459985
0.798515 0.000336822 0.795844 0.000511558
0.798253 0.000792586 0.795864 0.000373743
0.798572 0.000492577 0.796184 0.000643373
0.798513 0.000754495 0.795833 0.000543735
0.798545 0.000594386 0.796077 0.000434507
0.798578 0.00074817 0.796396 0.00047455
0.798274 0.000695069 0.796381 0.000657275
0.798907 0.000689256 0.796389 0.000563169
0.798549 0.00114018 0.796218 0.000719629
0.799007 0.000943594 0.796158 0.000548188
0.798945 0.000953987 0.796654 0.000705402
0.798665 0.000880124 0.796348 0.000484421
0.798988 0.000924148 0.796327 0.000676822
0.799218 0.000800235 0.79628 0.000527714
0.79905 0.000893698 0.796643 0.000646604
0.79925 0.00115039 0.79671 0.000464925
0.798826 0.000808225 0.796677 0.000419957
0.799444 0.000862044 0.796417 0.000380054
0.79921 0.000796142 0.796695 0.000505278
0.799038 0.000881724 0.797026 0.00057728
0.798862 0.00101689 0.796987 0.000665762
0.799822 0.00063614 0.796728 0.00065195
0.799459 0.00125307 0.796892 0.000683849
0.799433 0.000833615 0.796795 0.00036548
0.799694 0.000955965 0.7972 0.000687731
0.798872 0.000626457 0.797442 0.000460356
0.799596 0.00091639 0.797393 0.00076459
0.799152 0.000749654 0.796778 0.00062172
0.799444 0.00127961 0.797276 0.000728748
0.799361 0.00100819 0.796989 0.000719025
0.799494 0.00134221 0.797895 0.000839667
0.799918 0.000896688 0.797635 0.000556406
0.800024 0.000677212 0.797691 0.00084266
0.800323 0.000623109 0.79765 0.000767308
0.800292 0.000973338 0.797893 0.000795111
