0.951813 0.001523 0.942538 0.00148696
0.942171 0.00654164 0.933218 0.00633522
0.935118 0.00844156 0.926455 0.0081856
0.93552 0.0104318 0.926791 0.0100408
0.930005 0.00487582 0.921514 0.0047245
0.927833 0.00188162 0.919401 0.00181523
0.92744 0.00228803 0.918997 0.00216392
0.925752 0.00115951 0.917407 0.00110041
0.92317 0.00224032 0.914915 0.00216391
0.916922 0.00511132 0.908862 0.00496514
0.908403 0.00891116 0.900679 0.00859758
0.905443 0.0144972 0.897769 0.0140275
0.897374 0.0175336 0.890024 0.0168375
0.882556 0.0183543 0.875749 0.0176717
0.881864 0.0219506 0.875213 0.0210917
0.866843 0.0176613 0.860858 0.0168828
0.866936 0.0210032 0.861059 0.0200427
0.8553 0.00815552 0.849881 0.00780193
0.848861 0.00104548 0.844 0.00100613
0.848204 0.000263143 0.843335 0.000335088
0.849204 0.00200813 0.844321 0.00182401
0.84834 0.000647377 0.843531 0.000639176
0.847819 0.000106902 0.843129 8.74335e-05
0.847967 0.000430485 0.843248 0.000346922
0.847802 0.000110637 0.843203 0.000183008
0.847736 7.24861e-05 0.843109 0.00012981
0.847741 6.80871e-05 0.843186 0.000129915
0.847726 6.33573e-05 0.843116 8.61981e-05
0.847743 5.32199e-05 0.843067 1.90696e-05
0.847733 3.5966e-05 0.843063 2.13144e-05
0.847755 4.40498e-05 0.843064 2.90408e-05
0.847739 5.2282e-05 0.843083 3.35199e-05
0.847736 4.18061e-05 0.843039 2.22402e-05
0.847735 3.0161e-05 0.84303 1.43763e-05
0.847768 3.39012e-05 0.843036 3.62048e-05
0.847751 1.39587e-05 0.843006 1.66197e-05
0.847757 2.1889e-05 0.842979 2.40261e-05
0.847763 2.4829e-05 0.842982 5.15933e-05
0.847743 1.93799e-05 0.842938 3.05738e-05
0.847745 3.56197e-05 0.842906 6.93105e-05
0.847703 3.16583e-05 0.84281 6.39757e-05
0.84767 2.51191e-05 0.842746 7.44304e-05
0.847648 2.35504e-05 0.842618 5.54606e-05
0.847567 5.69977e-05 0.842498 8.32776e-05
0.847541 8.62916e-05 0.842404 0.000150251
0.84751 8.77073e-05 0.842314 0.000108855
0.847364 0.000113408 0.842134 0.000149229
0.847143 0.000134003 0.841905 0.000129903
0.846885 0.000229396 0.841641 0.000204901
0.846618 0.000227962 0.841399 0.000182462
0.846308 0.000264998 0.841132 0.000235525
0.845571 0.000336159 0.840526 0.000296443
0.845418 0.000415105 0.840359 0.000375682
0.844686 0.000408052 0.839671 0.00042284
0.844269 0.000422083 0.839228 0.000439016
0.843331 0.000247707 0.838234 0.000281137
0.842808 0.000410581 0.837559 0.000526967
0.842312 0.000444534 0.836929 0.000560004
0.841795 0.000545302 0.836166 0.000746229
0.840917 0.000377255 0.834862 0.000532768
0.840283 0.000408746 0.833852 0.000636661
0.839595 0.000385965 0.832904 0.000591001
0.837536 0.000678515 0.829886 0.00098353
0.836825 0.000714067 0.828975 0.000937989
0.833846 0.00080194 0.825002 0.000971476
0.832139 0.00116069 0.822937 0.00159581
0.82997 0.00140807 0.820278 0.00168827
0.827803 0.000605706 0.817924 0.000886837
0.825688 0.000610845 0.815513 0.000853458
0.82457 0.000865624 0.814058 0.000994426
0.823219 0.000441912 0.812585 0.000401824
0.82254 0.000214693 0.811723 0.000268089
0.822136 0.000108385 0.811211 0.000152888
0.821738 0.000174081 0.810654 0.000211083
0.821521 0.000251532 0.810331 0.000369062
0.82098 0.000186988 0.809371 0.000273559
0.820651 0.000132118 0.808815 0.000229165
0.820359 0.00022045 0.808421 0.000329112
0.819393 0.000311011 0.807293 0.000388566
0.818526 0.000354906 0.806415 0.000359032
