0.803468 0.000302908 0.790533 0.000276233
0.802928 0.000583905 0.789997 0.000486269
0.80268 0.000572829 0.78972 0.000496121
0.802521 0.000469929 0.789502 0.000397983
0.802269 7.53518e-05 0.789245 8.07698e-05
0.802236 5.26932e-05 0.7892 8.02759e-05
0.802147 5.4052e-05 0.789058 7.84754e-05
0.802023 0.000144792 0.788875 0.000163445
0.801898 0.00016933 0.788763 0.000227586
0.801562 0.000399364 0.788289 0.000489714
0.801057 0.000288233 0.787741 0.000373791
0.801145 0.000483279 0.787812 0.000593822
0.800724 0.000244967 0.787234 0.00029993
0.800746 0.000265631 0.787249 0.000368906
0.800636 0.000175651 0.787041 0.000279122
0.800558 6.4235e-05 0.786898 0.000110595
0.800504 6.13915e-05 0.786881 9.65613e-05
0.800406 0.000100122 0.786703 0.000233803
0.800324 8.4593e-05 0.786591 0.000163692
0.800189 0.000160581 0.786279 0.000265604
0.79996 0.000267568 0.785883 0.000448903
0.799709 0.000282389 0.785492 0.000545068
0.799539 0.000280312 0.785128 0.000604417
0.79934 0.000151301 0.784753 0.000356663
0.799127 0.000125421 0.784025 0.000191873
0.799052 0.00012616 0.783956 0.000187063
0.798917 0.00012778 0.783748 0.000207059
0.798448 0.000137986 0.783132 0.000158642
0.798202 0.000372797 0.78291 0.000413049
0.797627 0.000385325 0.782333 0.000375364
0.796685 0.000674539 0.781447 0.00068029
0.795598 0.000649667 0.780475 0.00058683
0.794677 0.000927011 0.779644 0.000818214
0.793849 0.000745391 0.778944 0.000665981
0.792746 0.00099354 0.777991 0.000891503
0.790278 0.00119363 0.775842 0.0010829
0.789026 0.00207819 0.774632 0.00184931
0.786908 0.00180963 0.77281 0.00163432
0.78342 0.00283387 0.769669 0.00264423
0.781028 0.00271357 0.767467 0.00239775
0.777447 0.00192835 0.764396 0.00165411
0.774404 0.00242627 0.761594 0.00222823
0.770973 0.00401962 0.758447 0.0036285
0.764145 0.0028821 0.752279 0.00260635
0.757995 0.00438708 0.746383 0.00437215
0.752287 0.00343938 0.741234 0.0035934
0.745277 0.00409063 0.734656 0.00410105
0.738774 0.00368997 0.728195 0.00386895
0.737103 0.00258212 0.726421 0.00276161
0.731138 0.00297968 0.720367 0.00335702
0.723473 0.00255331 0.712072 0.00299726
0.721961 0.00290004 0.710205 0.00320326
0.718692 0.000958766 0.706516 0.00126653
0.717253 0.000889575 0.704428 0.00115444
0.716201 0.000122023 0.70283 0.000206962
0.716144 0.000161439 0.702652 0.000294166
0.71609 0.000185829 0.702483 0.000259944
0.715956 9.32333e-05 0.702221 0.000141915
0.715921 0.000134327 0.702138 0.000148812
0.715762 0.00014034 0.701952 0.000156525
0.715771 0.000152739 0.702006 0.000170501
0.715622 0.000165483 0.701756 0.000162163
0.715334 8.61986e-05 0.701532 0.000109901
0.715411 0.000208754 0.701522 0.000188945
0.715077 0.000193256 0.700985 0.000186479
0.714831 0.000196842 0.700565 0.000305391
0.714311 0.000407052 0.69965 0.000700453
0.713887 0.000399684 0.698916 0.000577818
0.712854 0.000386303 0.697762 0.00057953
0.711383 0.000597964 0.695999 0.000656168
0.709691 0.000566546 0.694152 0.000505137
0.707124 0.000779811 0.691622 0.000879348
0.703778 0.00096926 0.688498 0.00095034
0.700393 0.000586909 0.68531 0.000528888
0.699422 0.000656907 0.684482 0.000629125
0.698174 0.000320966 0.683204 0.000312484
0.698117 0.000734547 0.683066 0.000714266
0.698057 0.000795687 0.682962 0.000759212
0.697547 0.000770523 0.682441 0.000790826
0.696812 0.000962001 0.681819 0.000914626
