0.954835 0.000490846 0.945597 0.000620937
0.954329 0.000494639 0.945151 0.000484737
0.954156 0.000887533 0.944977 0.000926668
0.954086 0.00145835 0.944948 0.00146991
0.953172 0.00204485 0.944057 0.00200221
0.952469 0.00308252 0.943291 0.00297711
0.949202 0.00725323 0.94018 0.0069707
0.947907 0.00764096 0.938906 0.00739015
0.949049 0.00767381 0.939951 0.00752872
0.944466 0.00848183 0.935435 0.00832492
0.945091 0.0078663 0.936102 0.0076501
0.943804 0.007926 0.934776 0.00779329
0.939607 0.00633083 0.930529 0.00623797
0.941789 0.00716486 0.932881 0.00704322
0.943354 0.00716061 0.934372 0.00697354
0.941495 0.00876465 0.932421 0.00874433
0.940309 0.00694142 0.931201 0.00684539
0.937296 0.00453122 0.928233 0.00448835
0.940654 0.00630552 0.931654 0.00612365
0.936058 0.00540998 0.926863 0.00531387
0.941218 0.00716993 0.932038 0.007115
0.935268 0.00580552 0.926035 0.00588814
0.936249 0.00406481 0.926864 0.00410538
0.936598 0.00430331 0.927423 0.00419288
0.935718 0.00393363 0.92641 0.00397361
0.935146 0.00579128 0.925781 0.00581553
0.933286 0.00536802 0.923767 0.00545601
0.933824 0.00427804 0.924483 0.00425647
0.931831 0.00890968 0.922136 0.00927282
0.934119 0.00479528 0.924571 0.00486177
0.933321 0.00535114 0.923738 0.00548157
0.933018 0.00506735 0.923434 0.00512577
0.930592 0.00708645 0.920902 0.00748947
0.92738 0.0120794 0.917503 0.0128684
0.925104 0.0120945 0.915072 0.0129639
0.93137 0.00479269 0.921741 0.00483677
0.925007 0.0114579 0.914946 0.0121594
0.929432 0.00985465 0.91962 0.0103372
0.926848 0.0117796 0.916609 0.0126764
0.915817 0.0143952 0.905078 0.0153854
0.917069 0.0110632 0.906853 0.011787
0.918856 0.0116072 0.908753 0.011794
0.922736 0.0165065 0.912111 0.0176584
0.92198 0.0144194 0.911444 0.0153
0.912592 0.0155721 0.901161 0.017036
0.91314 0.0111203 0.902573 0.0117142
0.898195 0.0108704 0.885872 0.0117287
0.913123 0.0147458 0.901823 0.0156788
0.904681 0.0126369 0.892902 0.0139417
0.904855 0.0137959 0.893278 0.0146135
0.905463 0.0129129 0.893661 0.0135958
0.90052 0.0136737 0.888031 0.0144265
0.905951 0.0110611 0.893516 0.0119773
0.89835 0.0115023 0.886075 0.0123495
0.894085 0.00884751 0.881318 0.00991415
0.9008 0.00948151 0.887929 0.010293
0.898602 0.01108 0.885811 0.0117249
0.89922 0.0124895 0.88651 0.0126422
0.895512 0.00758189 0.881755 0.00733712
0.894522 0.0100824 0.881469 0.00963648
0.897749 0.00995462 0.884384 0.0100162
0.898729 0.00751983 0.884976 0.00805132
0.895283 0.00857527 0.881556 0.00825767
0.894635 0.004671 0.881119 0.00461413
0.890042 0.0106659 0.877245 0.0100016
0.888724 0.00757404 0.87548 0.0067696
0.891804 0.00838164 0.878348 0.00748641
0.893032 0.00889905 0.879238 0.00823623
0.887275 0.00933265 0.874349 0.00835654
0.887475 0.00908018 0.874338 0.00798795
0.887823 0.00989982 0.874762 0.00968599
0.88671 0.00740807 0.873224 0.00607109
0.88722 0.0107001 0.874376 0.00931453
0.880517 0.00872423 0.86851 0.00759624
0.881816 0.00953724 0.869284 0.00824036
0.882132 0.00819681 0.869404 0.00700124
0.877673 0.00518481 0.865684 0.00481735
0.881599 0.00726493 0.868687 0.00615444
0.88179 0.00467638 0.868945 0.0041568
0.880865 0.00578867 0.868465 0.00501436
