0.808538 0.000236108 0.793185 0.000193516
0.808419 0.000224864 0.79332 0.000232515
0.808536 0.00023941 0.793396 0.000315569
0.808497 0.000226737 0.793415 0.000332145
0.808544 0.000206809 0.793192 0.000298949
0.808611 0.000372076 0.793154 0.000209535
0.808423 0.000313442 0.793282 0.000263127
0.808581 0.000397764 0.793339 0.00036435
0.808585 0.000361993 0.793192 0.000233314
0.808389 0.000356908 0.793205 0.000371975
0.8085 0.000277034 0.793216 0.000222807
0.808655 0.000238936 0.793179 0.0002624
0.808624 0.000301548 0.793252 0.000394425
0.808599 0.000303611 0.793208 0.000345316
0.808259 0.00044478 0.793508 0.000429718
0.808548 0.000320156 0.793364 0.000310384
0.808457 0.00031321 0.793365 0.000415503
0.808332 0.000374296 0.793084 0.000290267
0.80861 0.000273046 0.793234 0.000248795
0.808387 0.000315364 0.793217 0.000350288
0.808509 0.000565842 0.793351 0.000351956
0.808614 0.000444028 0.793238 0.000237555
0.808641 0.0004332 0.793368 0.00042955
0.808564 0.000359773 0.793252 0.000278191
0.808627 0.000274045 0.792974 0.000305583
0.808558 0.000475142 0.793101 0.000390211
0.80856 0.000353216 0.792938 0.000290824
0.808361 0.000468771 0.793108 0.000298452
0.808457 0.000387225 0.793266 0.000319245
0.808625 0.000451114 0.79325 0.000346481
0.808429 0.000364207 0.792972 0.000459853
0.808398 0.000602428 0.793013 0.000407389
0.808558 0.000473682 0.793245 0.000230711
0.808508 0.000377617 0.793121 0.000252345
0.808186 0.000434753 0.793311 0.000481229
0.808526 0.000496287 0.793009 0.000485861
0.808542 0.000323031 0.792967 0.000292334
0.808675 0.000352477 0.792895 0.000401149
0.808547 0.000381607 0.793077 0.000472383
0.808572 0.000348654 0.792774 0.00029307
0.80835 0.000328047 0.792824 0.000221141
0.808294 0.000458008 0.792942 0.000440352
0.808557 0.000435668 0.792897 0.000379063
0.808407 0.000488436 0.793093 0.000530734
0.808563 0.000333026 0.792719 0.00043447
0.808694 0.000334859 0.792665 0.000328122
0.808569 0.000434653 0.79317 0.000367559
0.808405 0.000329813 0.792861 0.000512341
0.808451 0.000247614 0.792892 0.000265386
0.808488 0.00027703 0.792815 0.000373478
0.808399 0.000447476 0.793235 0.000549729
0.808488 0.00041224 0.792881 0.0003279
0.808087 0.00028345 0.79287 0.000353702
0.80855 0.000374121 0.792681 0.000143839
0.808507 0.000225454 0.792641 0.000459306
0.808211 0.000682997 0.792833 0.000475725
0.808319 0.00031792 0.792727 0.000235429
0.808367 0.000367201 0.792803 0.000348902
0.808316 0.000353194 0.792674 0.000264216
0.808414 0.000391459 0.792685 0.000302496
0.808644 0.000368949 0.792783 0.00042108
0.80851 0.000318505 0.792687 0.000293679
0.808507 0.000246745 0.792542 0.000348517
0.808483 0.000297216 0.792555 0.000273622
0.80839 0.000252143 0.792667 0.000365688
0.808611 0.000379733 0.792667 0.000397284
0.808607 0.000437142 0.792719 0.000305442
0.808483 0.000417073 0.792673 0.000227315
0.808365 0.000382166 0.792827 0.000428298
0.808431 0.000371056 0.792588 0.000357912
0.808281 0.000389864 0.792824 0.000361627
0.808186 0.00042153 0.792573 0.000251179
0.808544 0.000442744 0.79257 0.000531888
0.808558 0.000248519 0.792646 0.000443171
0.808491 0.000333576 0.792641 0.000459269
0.808256 0.000448783 0.792583 0.00029453
0.808271 0.000412329 0.7927 0.000346283
0.808218 0.000410892 0.792446 0.000315391
0.808363 0.000464202 0.792659 0.000335502
0.808324 0.000522142 0.792673 0.000354235
