0.967431 0.000360227 0.95728 0.000271495
0.967625 0.000493216 0.957331 0.000392563
0.96823 0.00151008 0.957996 0.00150299
0.968732 0.00187297 0.958653 0.00204398
0.967893 0.000740437 0.957634 0.000762255
0.967466 0.000374984 0.957245 0.000298719
0.967342 0.000168016 0.957184 0.000138881
0.968149 0.00127349 0.957959 0.00126284
0.967485 0.000421952 0.957316 0.000259569
0.967577 0.000466462 0.957505 0.000589939
0.967558 0.000267729 0.957363 0.000274472
0.967922 0.000659199 0.957782 0.000615287
0.967854 0.000779328 0.957663 0.000690495
0.967713 0.000429972 0.957512 0.000476189
0.967702 0.000319889 0.957562 0.000358963
0.967707 0.000399673 0.957472 0.000419145
0.967739 0.00027374 0.957624 0.000338792
0.967426 0.00019742 0.957465 0.000188541
0.967575 0.000605972 0.957513 0.000658994
0.967826 0.000634825 0.957703 0.000701589
0.967672 0.000645809 0.95767 0.000707661
0.967538 0.00032051 0.957313 0.000262825
0.967932 0.000719166 0.957677 0.000712092
0.967573 0.000364188 0.957569 0.000211873
0.967627 0.000424742 0.957564 0.000462209
0.968229 0.00156207 0.958199 0.00178372
0.967798 0.00072593 0.957491 0.000684525
0.967709 0.000476521 0.957634 0.000477804
0.967335 0.000151396 0.95743 0.000226682
0.967436 0.000160413 0.957391 0.000285585
0.967763 0.000614391 0.957393 0.000447245
0.967745 0.000590897 0.957673 0.000686667
0.967739 0.000646629 0.957858 0.00062943
0.967884 0.000686913 0.957634 0.000773869
0.96792 0.000655294 0.957919 0.000868199
0.967539 0.000165035 0.957304 0.000345486
0.967542 0.000320073 0.957582 0.000440107
0.967713 0.000337659 0.957368 0.0004647
0.967579 0.000314503 0.957509 0.000385626
0.967875 0.000852249 0.957887 0.000640236
0.967549 0.000225446 0.957496 0.000484519
0.967547 0.0003138 0.957637 0.000533055
0.96769 0.000529432 0.957671 0.000574212
0.967589 0.00024105 0.957343 0.000376647
0.967621 0.000357688 0.957778 0.000506514
0.967759 0.000366221 0.957553 0.00064114
0.967663 0.000401988 0.957543 0.00101855
0.967758 0.000293574 0.957695 0.000562483
0.967626 0.000288777 0.957467 0.000369233
0.967654 0.000278604 0.957621 0.000860764
0.967748 0.000232862 0.957599 0.000706436
0.967631 0.000249602 0.957518 0.000316876
0.967783 0.000313581 0.957296 0.000487677
0.96776 0.000526211 0.957451 0.000581588
0.967862 0.000762274 0.957601 0.000795658
0.967818 0.000463464 0.957546 0.00081903
0.967664 0.000333026 0.957723 0.000681755
0.967762 0.000330658 0.957711 0.000530016
0.967718 0.00040141 0.957792 0.000567649
0.967737 0.000355954 0.957369 0.000591562
0.967713 0.000402537 0.957641 0.000860265
0.967789 0.00038546 0.957787 0.000422079
0.967641 0.000347638 0.957783 0.000721444
0.968078 0.0010776 0.958075 0.00134557
0.967843 0.000344813 0.957522 0.00082448
0.968004 0.000387691 0.957622 0.00107499
0.96765 0.000420965 0.957542 0.0004288
0.96772 0.00033774 0.957761 0.000683461
0.967986 0.000622535 0.957985 0.000927025
0.967964 0.000260412 0.957338 0.000552634
0.967896 0.000369778 0.957473 0.000849942
0.96784 0.000343192 0.957455 0.000603386
0.968267 0.00045373 0.958027 0.000809621
0.967862 0.00041969 0.957524 0.000490134
0.967507 0.000308869 0.95737 0.000548474
0.967964 0.000398434 0.957611 0.000985103
0.96789 0.000263401 0.957793 0.000543015
0.967921 0.000361811 0.95743 0.00071982
0.967964 0.000451001 0.95731 0.000703716
0.967999 0.000557437 0.957836 0.000831512
