0.967908 0.000190711 0.957472 0.000222566
0.968131 0.000390024 0.957754 0.000372165
0.968026 0.000213796 0.957368 0.000179927
0.967959 0.000292534 0.95767 0.00038965
0.968045 0.00042472 0.957637 0.000502139
0.968133 0.000321678 0.957729 0.000621111
0.968 0.000191952 0.957785 0.000376836
0.967982 0.000304068 0.957613 0.000341371
0.968238 0.000557873 0.9582 0.000861791
0.968024 0.000345052 0.957578 0.000403217
0.968263 0.000782095 0.958135 0.00119381
0.968157 0.000408217 0.957801 0.000438572
0.967977 0.000203609 0.957805 0.000314056
0.968136 0.000207235 0.957739 0.000480071
0.968079 0.000278944 0.957701 0.000423864
0.96808 0.000305022 0.957662 0.000701501
0.968217 0.000691694 0.958032 0.0007013
0.968011 0.000303644 0.957601 0.000311794
0.968192 0.000237635 0.957761 0.000671657
0.967975 0.000148612 0.957727 0.000380638
0.967932 0.000305767 0.957715 0.000480423
0.968315 0.000794565 0.958083 0.0011519
0.968109 0.000281774 0.957892 0.000572952
0.967913 0.000202828 0.957641 0.000426396
0.968062 0.000288433 0.957858 0.000419237
0.968207 0.0004181 0.957936 0.000345794
0.967899 0.000219579 0.957762 0.000397366
0.968019 0.000381582 0.95794 0.000482997
0.967928 0.000380274 0.957665 0.000311476
0.96819 0.000490639 0.958016 0.000785148
0.967934 0.000230378 0.957765 0.000235453
0.968159 0.000464971 0.957949 0.000592407
0.967963 0.000308159 0.957775 0.00047695
0.968001 0.000618291 0.957852 0.000534854
0.967961 0.000479757 0.957848 0.000410354
0.968012 0.000329307 0.957846 0.000766659
0.967898 0.000324792 0.957442 0.000267207
0.968093 0.000279504 0.957939 0.000555945
0.967851 0.000224269 0.95801 0.000569173
0.968125 0.000381041 0.957939 0.00062914
0.968056 0.000322208 0.957771 0.00041845
0.968263 0.000694123 0.958381 0.000927441
0.967954 0.000242534 0.957549 0.000226423
0.967753 0.000202188 0.957862 0.000509156
0.968028 0.000246114 0.957664 0.000294155
0.967805 0.00038903 0.957807 0.000588839
0.967743 0.000399683 0.957852 0.000259311
0.967829 0.000172454 0.957844 0.000286388
0.967853 0.000393609 0.957956 0.000605845
0.968055 0.000308813 0.958004 0.000389674
0.968029 0.000286904 0.95764 0.000363034
0.967903 0.000362117 0.958179 0.000713272
0.967969 0.000299201 0.957655 0.000506803
0.968123 0.000414283 0.957763 0.000412897
0.967987 0.000420053 0.95798 0.000398874
0.968201 0.000330749 0.958272 0.000767719
0.967936 0.000461176 0.957799 0.00029071
0.967966 0.000306269 0.957846 0.000295559
0.968039 0.000183414 0.957905 0.000458245
0.96806 0.000318428 0.957803 0.000305524
0.967775 0.000584759 0.95787 0.000448587
0.967958 0.000294507 0.957884 0.000420098
0.967839 0.00042489 0.957743 0.000516811
0.967933 0.000351173 0.957916 0.000396979
0.967991 0.000553738 0.958099 0.000681115
0.967989 0.000195895 0.957788 0.000482942
0.967973 0.000447369 0.95796 0.000464685
0.967811 0.000586359 0.958046 0.00043571
0.967941 0.000338922 0.957674 0.000509381
0.967894 0.000354216 0.957684 0.000494476
0.967786 0.000457209 0.957694 0.000450857
0.967938 0.000233027 0.957814 0.000549232
0.968006 0.000495237 0.957885 0.000555316
0.96782 0.000405712 0.957751 0.000685566
0.968105 0.000445057 0.958187 0.000623547
0.967841 0.000686787 0.957857 0.000702524
0.96793 0.000505351 0.958063 0.000473839
0.968141 0.000405529 0.957945 0.000616333
0.968036 0.000450452 0.957696 0.000554219
0.967789 0.000603761 0.957947 0.000515224
