0.808535 0.000296295 0.793183 0.00017689
0.808721 0.000330482 0.793234 0.000495266
0.808703 0.000377237 0.793256 0.000334883
0.808645 0.000304227 0.793128 0.000271983
0.80885 0.000280296 0.793224 0.000234887
0.808593 0.000408489 0.793253 0.000354504
0.808613 0.000258571 0.793187 0.00037162
0.808614 0.000330917 0.793086 0.000298396
0.808579 0.000254472 0.793173 0.000249509
0.80868 0.000336113 0.79331 0.000216691
0.808517 0.000327161 0.793321 0.000261437
0.808687 0.000230713 0.793091 0.000267355
0.808618 0.000513513 0.793177 0.000295701
0.808767 0.000413719 0.793111 0.000272503
0.808814 0.000447994 0.793173 0.000376993
0.808755 0.000545464 0.793332 0.000461482
0.808558 0.000262324 0.793007 0.000251089
0.808884 0.000567985 0.793475 0.000632509
0.80881 0.000171554 0.793133 0.000306665
0.808912 0.000351961 0.793213 0.000270281
0.808663 0.000405645 0.793293 0.000248836
0.808556 0.000355033 0.793066 0.000426894
0.80844 0.000258868 0.792912 0.000411795
0.80875 0.000449583 0.793123 0.000345348
0.808917 0.0003064 0.793028 0.000269224
0.808607 0.000332964 0.793025 0.000317356
0.808617 0.000461741 0.793107 0.000388617
0.80854 0.000392467 0.792855 0.000327605
0.808653 0.000323662 0.793004 0.000432051
0.808504 0.000379659 0.793119 0.000359392
0.808613 0.000306499 0.792948 0.000302966
0.808803 0.000292686 0.792834 0.000345574
0.808519 0.0004078 0.793016 0.000465333
0.808743 0.000402537 0.793017 0.000322884
0.808723 0.00037684 0.79293 0.000442329
0.808728 0.000320022 0.792999 0.000302437
0.808938 0.000383305 0.792616 0.000307845
0.808934 0.000325046 0.792815 0.000235502
0.808689 0.000215686 0.792617 0.000231774
0.80861 0.000369456 0.793048 0.000554176
0.808689 0.000334609 0.793064 0.000465292
0.80871 0.000470866 0.792697 0.000348594
0.80908 0.000195974 0.792817 0.000445661
0.808675 0.00035734 0.792764 0.000359785
0.808671 0.000466896 0.792837 0.000274671
0.808504 0.000339866 0.792724 0.000322025
0.808687 0.000347381 0.79291 0.000404256
0.808843 0.000261505 0.79285 0.00041037
0.808963 0.000326194 0.792593 0.000251607
0.808921 0.000571126 0.792732 0.000281286
0.808718 0.000365952 0.792565 0.000319209
0.808754 0.000606812 0.792797 0.000468742
0.808867 0.000295887 0.7927 0.000362508
0.808665 0.000405721 0.792715 0.000247565
0.808798 0.00047301 0.792731 0.000293963
0.808711 0.000209182 0.792764 0.000361585
0.80885 0.000390146 0.792763 0.000473238
0.8087 0.000347035 0.79273 0.000473937
0.80881 0.000331897 0.792823 0.00047643
0.808839 0.000317663 0.792657 0.000290141
0.808671 0.000296835 0.79266 0.000263196
0.808672 0.000549839 0.792909 0.000549578
0.80883 0.000289075 0.792615 0.000391846
0.808726 0.000364384 0.792676 0.000507137
0.808638 0.000565659 0.7928 0.000451063
0.808799 0.000311146 0.792669 0.000401109
0.808751 0.000483627 0.792568 0.000290467
0.808531 0.000510463 0.79286 0.00053983
0.808724 0.000350107 0.792731 0.000434384
0.80851 0.000398008 0.792633 0.000206121
0.808706 0.00048037 0.792753 0.000379925
0.808741 0.000335005 0.792606 0.000362284
0.808614 0.000300567 0.792751 0.000517648
0.808612 0.00032733 0.792561 0.000339813
0.808518 0.000397184 0.792595 0.000260944
0.808493 0.000343847 0.792427 0.000387513
0.808606 0.000337814 0.792764 0.000348704
0.808443 0.000482129 0.792669 0.000367156
0.808385 0.000447707 0.792712 0.000340143
0.808571 0.000314078 0.792811 0.000377018
