0.958244 0.000255722 0.955373 0.000239575
0.959448 0.000541402 0.956188 0.000700902
0.960053 0.000533935 0.9568 0.000368436
0.959984 0.000497721 0.956716 0.000530636
0.959756 0.000931167 0.956721 0.000397129
0.959965 0.000500023 0.957066 0.000466844
0.960154 0.000434343 0.957206 0.000430889
0.959594 0.000600061 0.957091 0.000552573
0.96011 0.000661664 0.95719 0.000345796
0.960102 0.000551245 0.957416 0.000505048
0.960079 0.000661938 0.957399 0.000488354
0.959827 0.000980467 0.957329 0.000524192
0.960143 0.00056878 0.957278 0.000715702
0.960253 0.000847837 0.957243 0.000430709
0.959819 0.000699111 0.95771 0.000394406
0.960231 0.000560963 0.957452 0.000538791
0.960278 0.000507252 0.957424 0.000262945
0.960043 0.000649149 0.957623 0.000343147
0.959663 0.000628504 0.957863 0.000221054
0.959957 0.000626664 0.957561 0.000219842
0.960044 0.000653201 0.957688 0.00047228
0.959685 0.000581601 0.957806 0.000375792
0.960251 0.000802536 0.957727 0.000315306
0.960459 0.000869424 0.95771 0.000413213
0.959873 0.000618853 0.957972 0.000499134
0.960217 0.000710158 0.957816 0.00038707
0.959804 0.000747308 0.957793 0.000276787
0.959926 0.000779673 0.958048 0.000331745
0.960135 0.000801603 0.958002 0.00029985
0.959524 0.000714141 0.957768 0.000410321
0.959926 0.000749491 0.95799 0.000495432
0.959994 0.000722736 0.958058 0.000187956
0.960228 0.00066518 0.958009 0.000358374
0.95982 0.00065871 0.957855 0.000270157
0.959835 0.00114856 0.95809 0.000461409
0.959581 0.000650447 0.958152 0.000283184
0.959933 0.000675163 0.958193 0.000322199
0.9604 0.000578061 0.958031 0.00045291
0.959681 0.000506513 0.958094 0.000290075
0.95984 0.000501169 0.958174 0.000395845
0.959682 0.000637632 0.9582 0.00022815
0.960058 0.000729763 0.958078 0.000632083
0.96014 0.000743249 0.95808 0.000281969
0.959816 0.000704623 0.958152 0.000414859
0.960222 0.000904629 0.958094 0.000386944
0.959922 0.000531685 0.958082 0.000297959
0.959764 0.000742654 0.958042 0.000238028
0.960142 0.000754938 0.957926 0.00037553
0.959864 0.000736206 0.958349 0.000214231
0.959927 0.000544755 0.958357 0.000180326
0.959829 0.000559236 0.958117 0.000358949
0.959997 0.000825402 0.958156 0.000518094
0.960549 0.00095356 0.958213 0.000366415
0.960529 0.000749894 0.958197 0.000321615
0.960308 0.000880058 0.958198 0.000394073
0.960122 0.000409181 0.958181 0.00038205
0.960018 0.000506584 0.958408 0.000405981
0.959802 0.000651156 0.958535 0.000328488
0.960061 0.000595803 0.958305 0.00038618
0.960292 0.00078485 0.958238 0.000465719
0.96036 0.000919302 0.958158 0.000472727
0.960293 0.000828599 0.95834 0.000421987
0.960057 0.000770299 0.958448 0.000558761
0.960293 0.000565782 0.958354 0.000538854
0.959899 0.000565418 0.958564 0.000410896
0.959998 0.000548408 0.958485 0.000407566
0.959767 0.000719528 0.958369 0.000510048
0.960133 0.000595712 0.958638 0.000413186
0.959734 0.000900595 0.958391 0.000611341
0.960466 0.000717209 0.95855 0.000414233
0.960312 0.000515433 0.958562 0.000512954
0.959839 0.000678143 0.958565 0.000471044
0.960153 0.000795335 0.958279 0.000554949
0.960309 0.000625969 0.958405 0.000476644
0.959998 0.00113557 0.958541 0.000445859
0.960451 0.000703032 0.958521 0.000430391
0.960507 0.000786682 0.958571 0.000659383
0.960235 0.000800916 0.958558 0.000202865
0.960684 0.00054017 0.958587 0.000272502
0.960042 0.000476519 0.958874 0.000486805
0.960068 0.000824844 0.958798 0.000414958
0.960648 0.000658142 0.958566 0.000470205
0.960182 0.000877444 0.958584 0.000609284
0.959894 0.000857073 0.958643 0.000464994
0.960386 0.000850606 0.958724 0.00044125
0.960409 0.000696738 0.958461 0.000348227
0.959767 0.0007388 0.958655 0.000449669
0.960322 0.000782058 0.958879 0.000360734
0.960386 0.000679933 0.958902 0.000341325
0.960292 0.000417571 0.958854 0.000422867
0.960153 0.000422643 0.95883 0.000593868
0.960483 0.00092556 0.958613 0.000580207
0.960749 0.000841043 0.958605 0.000545221
0.960201 0.000827689 0.958917 0.00068075
0.960476 0.00103659 0.958863 0.000538041
0.960304 0.000726116 0.959032 0.00060614
0.960725 0.000750891 0.95864 0.000562309
0.960428 0.00130932 0.959073 0.000433944
0.960587 0.000808401 0.959079 0.000431596
0.960018 0.000925442 0.959151 0.000470446
