0.952927 0.00115789 0.943584 0.00111876
0.946562 0.00867598 0.93748 0.00835489
0.938884 0.0107226 0.930009 0.0103374
0.943184 0.010519 0.93419 0.0101831
0.934436 0.00765658 0.925651 0.00737964
0.931668 0.00506569 0.92301 0.00491722
0.931119 0.00473031 0.922361 0.0045941
0.930218 0.00399043 0.921514 0.00386689
0.929111 0.00334304 0.920469 0.00331796
0.926891 0.00217679 0.918291 0.00212773
0.92379 0.00367722 0.915278 0.00368976
0.924666 0.00533361 0.916068 0.00511251
0.915183 0.00843867 0.906658 0.00837504
0.912785 0.012307 0.904495 0.0119876
0.900164 0.0211701 0.89206 0.0207614
0.897699 0.0190006 0.889649 0.0186007
0.886082 0.0229259 0.877692 0.0228846
0.896752 0.0155598 0.888611 0.015389
0.882356 0.0221705 0.874228 0.021952
0.873616 0.0143372 0.86558 0.0140304
0.87143 0.0180328 0.863666 0.0181462
0.863238 0.0143705 0.855306 0.014211
0.860979 0.00627406 0.853079 0.00617382
0.855316 0.00265514 0.847577 0.00238145
0.855025 0.00144543 0.847305 0.00152245
0.854944 0.00251579 0.847189 0.00234214
0.854764 0.00102187 0.846998 0.000889531
0.854725 0.000843636 0.846871 0.000864589
0.854349 0.00108746 0.846658 0.000957913
0.854116 0.000734798 0.846259 0.00054099
0.853822 0.00068949 0.846108 0.000857058
0.853845 0.00108943 0.846142 0.000925263
0.85353 0.000608368 0.845871 0.000549561
0.853186 0.000558618 0.845565 0.00047231
0.852756 0.00047388 0.845256 0.000318989
0.852818 0.000455333 0.845343 0.000284752
0.852994 0.000711144 0.84541 0.000483295
0.852171 0.000805559 0.844967 0.000623555
0.852427 0.000975564 0.844989 0.000583994
0.851661 0.000887011 0.844555 0.000610729
0.851454 0.000605257 0.844385 0.000417595
0.850807 0.000685221 0.843983 0.000592891
0.851151 0.00065239 0.844155 0.000410382
0.850429 0.000935611 0.843671 0.000510865
0.849787 0.000867933 0.843365 0.000457402
0.849652 0.000454721 0.843295 0.000303613
0.849592 0.000819938 0.843275 0.000603114
0.849637 0.000544457 0.843257 0.000405194
0.848904 0.000441526 0.842711 0.00040267
0.849322 0.000435486 0.843061 0.000296494
0.848887 0.000409666 0.842619 0.00038435
0.848605 0.000319064 0.842216 0.000409858
0.848673 0.000580516 0.842378 0.000450386
0.848225 0.000220733 0.841972 0.000360361
0.848251 0.000272519 0.841914 0.000433453
0.848122 0.000287724 0.841479 0.000552868
0.84808 0.000427328 0.841394 0.000705952
0.848072 0.000473734 0.841049 0.000485694
0.847862 0.000205765 0.840897 0.000427252
0.847525 0.000579977 0.840464 0.000638897
0.847499 0.000655586 0.840275 0.00078031
0.846515 0.000562929 0.839596 0.000643743
0.846699 0.000679258 0.839514 0.000499223
0.84631 0.000693777 0.839071 0.000709554
0.845583 0.00087832 0.838461 0.00119581
0.844845 0.000902668 0.837543 0.000906068
0.844369 0.0010044 0.83708 0.00102225
0.84414 0.000863706 0.837261 0.000854927
0.843079 0.000823505 0.836044 0.000893857
0.842572 0.000767637 0.835321 0.000699882
0.842711 0.00131207 0.835142 0.00156864
0.841297 0.00139783 0.83384 0.00133902
0.840194 0.00120374 0.832451 0.00123742
0.840381 0.00106621 0.832801 0.0015142
0.839145 0.00193399 0.830879 0.00190662
0.838589 0.0021768 0.830994 0.0021869
0.836545 0.00144111 0.828342 0.00165416
0.836568 0.00335652 0.828205 0.00357652
0.834708 0.00174923 0.826284 0.00177236
0.833659 0.00190336 0.825096 0.00205402
