0.955275 0.00147061 0.946147 0.00164574
0.955627 0.00218152 0.946614 0.00239852
0.953927 0.00189696 0.944861 0.00187187
0.952396 0.0038985 0.943308 0.00368836
0.949059 0.00631443 0.940096 0.00601824
0.951101 0.00279524 0.941909 0.00280966
0.944039 0.0070378 0.934928 0.00691651
0.948927 0.00644411 0.939677 0.00641114
0.945399 0.0073899 0.9361 0.0073198
0.938529 0.00618911 0.929538 0.00613568
0.943708 0.00824958 0.934478 0.00819311
0.945721 0.00896364 0.936632 0.00878123
0.94259 0.00821463 0.933287 0.0081451
0.93925 0.00683797 0.92995 0.00684648
0.944718 0.00858122 0.935477 0.0085166
0.937406 0.00462144 0.928223 0.00442743
0.939457 0.00733643 0.930289 0.00713048
0.940429 0.00779261 0.931232 0.00770784
0.934401 0.00346728 0.925141 0.00344669
0.940863 0.00733251 0.931562 0.00729886
0.931673 0.00597555 0.922185 0.00620642
0.93457 0.00442882 0.925213 0.00449421
0.933574 0.0034919 0.924162 0.00356033
0.932326 0.0023916 0.922854 0.00245331
0.934323 0.00362404 0.925002 0.00362402
0.92997 0.0095913 0.920215 0.0100273
0.930809 0.00564301 0.921172 0.0058324
0.931993 0.00367958 0.922461 0.00371503
0.925899 0.0102853 0.915852 0.0109715
0.923317 0.0125467 0.913076 0.0134313
0.927029 0.0104916 0.916841 0.0111939
0.929155 0.00906984 0.919322 0.00914508
0.932238 0.00392464 0.922405 0.00393306
0.923242 0.0137066 0.912956 0.0143968
0.921664 0.0124144 0.911567 0.012901
0.923628 0.0134036 0.913619 0.0137935
0.916939 0.0142984 0.9062 0.0152134
0.914679 0.0156986 0.903985 0.0165236
0.916934 0.0172344 0.906345 0.0180134
0.905366 0.0138515 0.894042 0.0151237
0.908559 0.0128318 0.897598 0.0137349
0.916848 0.0138706 0.906347 0.0149363
0.910828 0.0165946 0.899862 0.017653
0.905487 0.0150154 0.89389 0.0160151
0.907106 0.0109534 0.895525 0.0112439
0.900021 0.0102217 0.887949 0.0107558
0.903292 0.010246 0.891166 0.0110318
0.905783 0.00901064 0.894063 0.00988849
0.902406 0.00960668 0.889889 0.0101691
0.89775 0.00898155 0.884887 0.00939555
0.898782 0.0115465 0.886053 0.0117926
0.900954 0.00909001 0.887849 0.00959083
0.903019 0.00715888 0.889562 0.00739636
0.892876 0.00771421 0.87942 0.00762035
0.894261 0.00766605 0.881264 0.00790305
0.890303 0.005943 0.876509 0.00551104
0.891987 0.00594112 0.87812 0.00531067
0.887664 0.0106573 0.874655 0.0100486
0.89021 0.00855621 0.87669 0.0078742
0.890149 0.00962471 0.876858 0.00857646
0.885719 0.00964294 0.872456 0.00831688
0.888614 0.00836162 0.875231 0.00744946
0.885535 0.0116079 0.872376 0.0104466
0.888212 0.00958353 0.874818 0.00876067
0.883579 0.00869418 0.870923 0.00753935
0.890734 0.00898006 0.877044 0.00815933
0.880796 0.00663785 0.868003 0.00584328
0.879978 0.00891563 0.867337 0.00780233
0.881451 0.00803964 0.868646 0.00662119
0.880251 0.00647175 0.867423 0.00546905
0.876972 0.00560801 0.864705 0.00481915
0.880009 0.00936303 0.866945 0.00777274
0.877786 0.0037569 0.865314 0.00303713
0.876015 0.00614964 0.863646 0.00494951
0.878544 0.00667405 0.866479 0.00484359
0.876288 0.00690161 0.864251 0.00600828
0.872853 0.0040726 0.861161 0.00348777
0.872956 0.00513698 0.861348 0.00426976
0.872504 0.00368248 0.860771 0.00304499
0.872305 0.00438998 0.860449 0.00365139
