0.795769 0.00067413 0.794025 0.000514988
0.795719 0.000751673 0.794098 0.00086994
0.795753 0.000677279 0.794268 0.000692142
0.795644 0.000421166 0.794183 0.000750319
0.796142 0.000536811 0.794845 0.000742819
0.795665 0.000755051 0.794186 0.000854196
0.796369 0.00117425 0.794745 0.00137516
0.796108 0.000892129 0.794399 0.000991703
0.804932 0.026158 0.8034 0.0258664
0.796457 0.000696567 0.794817 0.00106882
0.796828 0.000535508 0.795242 0.000720227
0.796211 0.00101919 0.794446 0.000947432
0.79679 0.000785514 0.794585 0.00104384
0.79715 0.000650345 0.795214 0.000857673
0.805323 0.0252079 0.8032 0.0232648
0.797239 0.000749419 0.795415 0.00110618
0.797217 0.00101848 0.795599 0.000781656
0.797056 0.000665482 0.795552 0.000785873
0.797992 0.00148599 0.796027 0.00139274
0.798004 0.000832944 0.796201 0.000797776
0.797575 0.00124584 0.795838 0.00129897
0.797684 0.000729435 0.796108 0.000718008
0.798114 0.00091385 0.796189 0.000873012
0.797748 0.000947916 0.796332 0.00119727
0.797876 0.00153024 0.796414 0.00125734
0.798363 0.000534847 0.796678 0.000922344
0.799166 0.00359551 0.797032 0.00264366
0.798152 0.00106064 0.796613 0.000813855
0.79856 0.000425753 0.796737 0.00106515
0.798236 0.000752108 0.796526 0.00110935
0.798762 0.00109826 0.797385 0.000694069
0.798698 0.000648409 0.796587 0.000907018
0.799558 0.00113623 0.798052 0.00121878
0.800558 0.00461136 0.798256 0.00361013
0.799576 0.00102853 0.797872 0.000711114
0.801127 0.00142033 0.798478 0.00166264
0.798585 0.000987915 0.796966 0.00120692
0.800713 0.0028569 0.799485 0.00234542
0.799278 0.00119453 0.797322 0.000849972
0.799646 0.00109668 0.798218 0.00112723
0.801271 0.00488617 0.799474 0.00430451
0.800893 0.00135186 0.799825 0.00100963
0.800916 0.00177579 0.799435 0.00147977
0.801641 0.00108682 0.79981 0.000995601
0.801853 0.00153773 0.799441 0.00103835
0.800639 0.00137104 0.799148 0.000921301
0.801864 0.0021821 0.799961 0.00133701
0.80258 0.00268979 0.799822 0.0015294
0.801358 0.00120139 0.79978 0.00120638
0.802179 0.00131733 0.799907 0.00122602
0.802613 0.00231637 0.800669 0.00216022
0.802278 0.00157212 0.801072 0.00080948
0.80253 0.0013095 0.800447 0.00166572
0.803967 0.000874058 0.800334 0.000999397
0.811374 0.0221098 0.808273 0.0213998
0.803824 0.00366499 0.80225 0.00338434
0.804843 0.0019583 0.80264 0.00208232
0.80731 0.00952432 0.804498 0.00819959
0.815689 0.0350083 0.812776 0.0330485
0.807333 0.00574761 0.804611 0.00564661
0.804325 0.00193666 0.802405 0.00150545
0.80683 0.00533785 0.804269 0.00485776
0.805673 0.0020513 0.803199 0.00148986
0.805438 0.00258938 0.803904 0.00198884
0.806525 0.00272464 0.804207 0.00236579
0.805982 0.00394437 0.803634 0.00287463
0.807469 0.00274314 0.805283 0.00341638
0.806665 0.00324194 0.804456 0.0014424
0.814376 0.0242914 0.812044 0.0207213
0.810468 0.00393705 0.807896 0.00519846
0.80729 0.00209956 0.805764 0.00173563
0.806744 0.00262472 0.805697 0.00110909
0.808446 0.00244853 0.805793 0.00228715
0.808696 0.00215818 0.806031 0.00107545
0.809359 0.00356223 0.807528 0.00358385
0.809182 0.00401629 0.806331 0.00174528
0.808803 0.00469168 0.807821 0.00444568
0.810473 0.00331431 0.808097 0.00395074
0.809465 0.00163808 0.807579 0.00189699
0.812486 0.0105593 0.810868 0.010951
0.810287 0.0026656 0.808447 0.00270319
0.811017 0.00316788 0.808026 0.00373731
0.809927 0.00198078 0.809211 0.00134224
0.814631 0.00987958 0.811357 0.00695887
0.811153 0.00234241 0.809405 0.00147004
0.818437 0.0187367 0.81339 0.0164436
0.813702 0.00492469 0.811206 0.00446835
0.811504 0.00333516 0.810692 0.00151517
0.821041 0.0222604 0.818009 0.0227156
0.811827 0.00182086 0.810615 0.0020396
0.816997 0.00689383 0.81424 0.00626826
0.813353 0.0030804 0.810733 0.00120676
0.812998 0.00286124 0.811847 0.00221977
0.820512 0.0127453 0.817089 0.0129633
0.819782 0.0144482 0.816452 0.0133704
0.814247 0.00185362 0.812421 0.00147086
0.815851 0.00338417 0.813336 0.00424685
0.815043 0.00217562 0.812225 0.00177302
0.815786 0.00229796 0.813468 0.00257507
0.817827 0.00536495 0.814899 0.00392921
