0.969191 0.000984102 0.958526 0.00139833
0.97004 0.00177737 0.959896 0.00262441
0.969313 0.000871307 0.958558 0.000999579
0.970156 0.00131411 0.959792 0.00178139
0.96957 0.00154665 0.959165 0.00214374
0.9688 0.000443278 0.957956 0.00058924
0.969133 0.000856751 0.958507 0.000937779
0.968993 0.000532586 0.958301 0.000592873
0.968868 0.00120098 0.958322 0.00174395
0.96964 0.00151021 0.959306 0.00229657
0.968984 0.00108355 0.95843 0.00148585
0.969063 0.000765817 0.958562 0.00103123
0.968983 0.000832886 0.958478 0.00122184
0.96943 0.000967267 0.958861 0.001183
0.968649 0.000417664 0.95786 0.000606847
0.969452 0.00149476 0.959138 0.00228583
0.968741 0.000719472 0.958236 0.00100217
0.969485 0.000980157 0.959192 0.001727
0.968951 0.000655775 0.958249 0.000763653
0.968719 0.000482681 0.958015 0.000590906
0.969615 0.00116898 0.95933 0.00141131
0.969391 0.00125337 0.958854 0.0016561
0.968857 0.000664909 0.958367 0.000811843
0.969448 0.00140681 0.959255 0.00206421
0.969017 0.000732178 0.958441 0.000943879
0.968368 0.000355489 0.95782 0.000437147
0.970007 0.00144483 0.959849 0.00184127
0.968895 0.00101259 0.958543 0.00133318
0.968703 0.000800805 0.958096 0.000764012
0.96896 0.000855574 0.958437 0.00140052
0.968697 0.000510517 0.958247 0.00086549
0.968882 0.000734347 0.958482 0.00107104
0.968829 0.000679065 0.958301 0.00109575
0.969461 0.000814015 0.959376 0.00132801
0.96866 0.000672029 0.958142 0.000725833
0.968863 0.000561544 0.958405 0.000672451
0.968977 0.000625831 0.958476 0.000946962
0.968573 0.000550587 0.958197 0.000765195
0.969268 0.000772512 0.959053 0.00122108
0.968865 0.000715099 0.95854 0.000961873
0.968701 0.000835407 0.958312 0.000915365
0.968968 0.000758295 0.958675 0.00108257
0.969271 0.00127287 0.959057 0.00177221
0.96855 0.000569154 0.958067 0.000617459
0.968813 0.000620801 0.958418 0.00102816
0.968651 0.000498695 0.958402 0.000716816
0.968748 0.000477207 0.958497 0.000843979
0.96924 0.000867462 0.959161 0.00129938
0.968846 0.000771278 0.958486 0.00117361
0.968678 0.00075939 0.958439 0.000910884
0.96878 0.000795117 0.958411 0.00105763
0.969195 0.000955188 0.959173 0.00151779
0.968918 0.00105269 0.958783 0.00104396
0.968725 0.000818631 0.958598 0.00141349
0.96865 0.000586982 0.958385 0.00112697
0.9687 0.00106305 0.958675 0.00152383
0.968607 0.000555416 0.958161 0.000573821
0.968733 0.000416963 0.958528 0.000503836
0.968976 0.000762314 0.958712 0.0010279
0.968985 0.000680384 0.959176 0.0013312
0.968666 0.000771894 0.958476 0.000556435
0.96875 0.000880452 0.958809 0.00149484
0.968625 0.000477873 0.958541 0.000854879
0.968773 0.000626489 0.958724 0.000895049
0.968781 0.00075105 0.958763 0.00137328
0.968797 0.000502441 0.958485 0.000796037
0.969089 0.000814397 0.958775 0.00111453
0.968617 0.00053649 0.958338 0.00049685
0.968515 0.000516895 0.958463 0.000696593
0.968818 0.000566759 0.959173 0.00122609
0.968624 0.000441685 0.958772 0.000908239
0.968777 0.000656568 0.958251 0.000757276
0.968893 0.00106656 0.959145 0.00172392
0.968702 0.000502726 0.958795 0.000923172
0.968711 0.000334949 0.958114 0.000412106
0.968981 0.000700894 0.95886 0.000958403
0.968599 0.000560959 0.958548 0.00112302
0.968855 0.000720208 0.958984 0.00134643
0.968434 0.00055114 0.958375 0.000873154
0.968631 0.00045424 0.95857 0.000705426
