0.951807 0.00216387 0.942398 0.00213982
0.945799 0.00931054 0.936594 0.00906924
0.936855 0.0106503 0.928053 0.0102942
0.93689 0.00969361 0.928157 0.00930879
0.931488 0.00808232 0.922853 0.00777667
0.930551 0.00429228 0.92199 0.00406647
0.92687 0.000660465 0.918466 0.00061847
0.925322 0.00181137 0.916908 0.0017435
0.923586 0.0016499 0.915357 0.0015578
0.915943 0.00541324 0.907904 0.00527268
0.911691 0.00933722 0.903847 0.0089352
0.897234 0.0134038 0.889899 0.0129073
0.880508 0.0149879 0.873685 0.0143985
0.875752 0.0187687 0.869283 0.0178644
0.87799 0.0211963 0.871497 0.0202759
0.868974 0.0170587 0.862801 0.0162905
0.858611 0.00950784 0.852983 0.00899645
0.853544 0.00744181 0.84826 0.00700145
0.851608 0.00480996 0.846687 0.00476951
0.848602 0.000686866 0.843744 0.000596896
0.849831 0.00331196 0.844816 0.00290082
0.848395 0.000899454 0.843649 0.000705772
0.84826 0.000742678 0.843583 0.000728969
0.847783 0.000160989 0.843167 0.000239024
0.847803 0.000110469 0.843219 0.000108015
0.847721 7.64959e-05 0.843129 7.32682e-05
0.847708 5.0303e-05 0.843111 8.52729e-05
0.847725 3.56316e-05 0.843077 5.5108e-05
0.847738 6.90306e-05 0.843089 4.35042e-05
0.847723 5.69263e-05 0.843086 3.78149e-05
0.847775 5.57581e-05 0.843059 2.03778e-05
0.847727 4.72655e-05 0.843048 2.72064e-05
0.847742 2.30766e-05 0.843058 3.04996e-05
0.847757 1.89367e-05 0.843032 1.56706e-05
0.847768 3.59569e-05 0.843031 2.8117e-05
0.84775 1.28302e-05 0.842995 2.73079e-05
0.847754 2.19412e-05 0.842987 2.74992e-05
0.847755 3.37154e-05 0.842967 3.2373e-05
0.847737 2.30456e-05 0.842923 2.92225e-05
0.847729 3.03033e-05 0.842888 6.13091e-05
0.847707 4.28013e-05 0.842812 5.86146e-05
0.84769 4.20568e-05 0.842755 6.54606e-05
0.847666 4.78937e-05 0.842648 8.10229e-05
0.847566 5.47153e-05 0.842455 6.3444e-05
0.847512 7.88901e-05 0.842349 0.000130506
0.847552 7.84558e-05 0.842371 9.2335e-05
0.847323 0.000118193 0.842089 0.00012879
0.847093 7.94129e-05 0.84184 7.45902e-05
0.846845 0.000179306 0.841647 0.000181758
0.846444 0.000222424 0.841265 0.000187406
0.846078 0.000323896 0.84098 0.00027327
0.845702 0.000472947 0.84061 0.000398781
0.845087 0.000352203 0.840044 0.000327245
0.844832 0.000432495 0.839797 0.000392159
0.843869 0.000414873 0.838815 0.000383659
0.843362 0.000435718 0.838268 0.000489777
0.842641 0.000330557 0.8374 0.000405741
0.842056 0.000285981 0.836579 0.000376541
0.841646 0.000452347 0.835949 0.000678066
0.841067 0.000282071 0.835124 0.000433548
0.839962 0.000408496 0.833418 0.000685094
0.839052 0.000807532 0.832023 0.00114445
0.837516 0.000840046 0.829888 0.00121921
0.836387 0.000931375 0.828313 0.0013238
0.833976 0.00105368 0.825195 0.00142832
0.832501 0.00152537 0.823525 0.00186096
0.8289 0.000633909 0.819141 0.000644956
0.826828 0.000887514 0.81678 0.00105521
0.825881 0.00102927 0.815549 0.00115527
0.824075 0.000483141 0.813372 0.000518699
0.823054 0.000260857 0.81247 0.00034267
0.822596 0.000302749 0.811763 0.000395736
0.822153 0.000137041 0.811261 0.000150201
0.821773 0.000167621 0.810713 0.000330222
0.8216 0.0001996 0.810355 0.000357653
0.821067 0.000226975 0.80953 0.000361489
0.820649 0.000255144 0.808772 0.000408329
0.820189 0.00033251 0.808179 0.000468738
0.819378 0.000350245 0.807224 0.000305739
0.818122 0.000342589 0.806032 0.000310537
