0.958276 0.000421847 0.955954 0.00070208
0.959317 0.000440322 0.956735 0.000579762
0.959195 0.000452967 0.957481 0.00075091
0.959523 0.000406722 0.957622 0.000367315
0.959351 0.000402261 0.957545 0.000356236
0.959643 0.000527266 0.957929 0.00070605
0.959345 0.00042033 0.957904 0.000524458
0.959392 0.000355526 0.958106 0.000413315
0.959363 0.000461442 0.958079 0.000464608
0.959053 0.000201528 0.958106 0.000441053
0.959631 0.000426267 0.958188 0.000524331
0.959121 0.000313665 0.958298 0.000445358
0.958978 0.000343286 0.958422 0.000240962
0.959382 0.000400551 0.958362 0.000375714
0.959066 0.000407056 0.958375 0.000437113
0.959189 0.00051221 0.958456 0.00037724
0.95925 0.00039031 0.958422 0.000382725
0.959189 0.000323556 0.958456 0.000243825
0.959396 0.000459625 0.958434 0.000503918
0.959265 0.000373289 0.958565 0.000311885
0.959177 0.000363308 0.958604 0.000362085
0.959292 0.000344011 0.958543 0.000282869
0.959047 0.000371414 0.958634 0.000155619
0.959395 0.000687334 0.958622 0.00036857
0.959272 0.000379849 0.958814 0.000322921
0.959185 0.00031676 0.958872 0.000228117
0.959053 0.00031051 0.958849 0.000183618
0.959185 0.000329517 0.958716 0.000369863
0.959073 0.000238705 0.958773 0.000382386
0.959121 0.000407099 0.958618 0.000368361
0.959159 0.000357054 0.958952 0.000235878
0.959077 0.00048971 0.958918 0.000270098
0.959294 0.00038165 0.958785 0.000254899
0.959239 0.000290221 0.958791 0.000242645
0.959205 0.000446891 0.958996 0.000205016
0.959237 0.000264634 0.958771 0.000457944
0.959441 0.000438957 0.958911 0.00021793
0.958899 0.000605539 0.958819 0.000362118
0.959307 0.000465076 0.959055 0.000289607
0.959224 0.000304302 0.958923 0.000118371
0.959253 0.000563054 0.958885 0.000351476
0.959459 0.000433371 0.958797 0.000191594
0.959238 0.000349112 0.958866 0.000294353
0.959091 0.000442478 0.958772 0.000443524
0.959439 0.000633873 0.958825 0.00024626
0.959251 0.000352517 0.958849 0.000299204
0.959404 0.000327904 0.95876 0.000258368
0.959292 0.00069364 0.958931 0.000322371
0.959314 0.00052759 0.958919 0.000297727
0.959229 0.000380847 0.958872 0.000334844
0.958975 0.000348 0.959014 0.000199306
0.959344 0.000537891 0.95888 0.000310782
0.959399 0.000491672 0.958922 0.000450543
0.959598 0.000455658 0.958834 0.000220597
0.959508 0.000487471 0.958911 0.000265928
0.959357 0.000371316 0.95912 0.000303987
0.959207 0.000264189 0.959111 0.000271296
0.959172 0.000416166 0.959149 0.000325206
0.959242 0.000438109 0.958963 0.00031104
0.959654 0.000409774 0.959217 0.000404277
0.959412 0.000338731 0.959081 0.000272969
0.959185 0.000395361 0.95903 0.000430176
0.959561 0.00053061 0.959149 0.000422614
0.959432 0.000476069 0.959087 0.000432716
0.959528 0.000405389 0.959313 0.000366286
0.959374 0.000342923 0.959009 0.00038685
0.959384 0.000373964 0.959011 0.000398053
0.959354 0.000465034 0.95921 0.000376718
0.959445 0.000290857 0.959193 0.000295794
0.959371 0.000495439 0.959354 0.000344537
0.959653 0.000528933 0.959182 0.00027552
0.959477 0.000237548 0.95925 0.000440843
0.959631 0.000538333 0.959146 0.000384082
0.959452 0.000538389 0.959298 0.000332778
0.959654 0.000420607 0.959173 0.000307672
0.959568 0.000741207 0.959267 0.000355572
0.959591 0.000470767 0.959265 0.000399326
0.959764 0.000501065 0.959578 0.000332665
0.95952 0.000442602 0.959418 0.000274082
0.959825 0.000580267 0.95958 0.000221216
0.959621 0.000515425 0.959399 0.000440934
0.959765 0.000530868 0.959499 0.000533514
0.959553 0.000559585 0.959389 0.00035118
0.959795 0.000599369 0.959525 0.000522851
0.959417 0.000297048 0.959322 0.000388553
0.960017 0.000846232 0.959292 0.000399996
0.959421 0.000777909 0.959484 0.000467223
0.959834 0.00059544 0.959561 0.000315765
0.959677 0.000595794 0.959509 0.000419396
0.959627 0.000609088 0.959659 0.000364533
0.959792 0.000576268 0.959509 0.000382606
0.959677 0.000463771 0.959732 0.000415543
0.959727 0.000637431 0.959681 0.000305301
0.960051 0.000649836 0.959474 0.000481107
0.959996 0.000663669 0.95988 0.0003997
0.959984 0.000725561 0.959711 0.00036006
0.95964 0.000517686 0.959854 0.000663668
0.959789 0.000533032 0.959398 0.000390917
0.960174 0.000608216 0.959353 0.000339325
0.960041 0.000941837 0.959596 0.000501819
