0.968945 0.00228753 0.959202 0.0032905
0.968603 0.00178355 0.958603 0.0023689
0.970136 0.00194682 0.96023 0.00265846
0.968143 0.00164842 0.958083 0.00203017
0.968256 0.00210959 0.958465 0.00297588
0.968605 0.0023145 0.958948 0.00332947
0.967717 0.000533197 0.957365 0.000391984
0.968044 0.00107225 0.957828 0.000930897
0.968176 0.00155289 0.958049 0.0020155
0.96864 0.00214743 0.958875 0.00294879
0.968985 0.00149327 0.958863 0.00167942
0.967574 0.000470872 0.957316 0.000366302
0.967898 0.000715409 0.957659 0.000531969
0.968784 0.00125879 0.958708 0.00149254
0.967719 0.00121198 0.957541 0.00122218
0.968906 0.00157555 0.958777 0.00192264
0.967955 0.00099687 0.957763 0.000854684
0.968719 0.00198111 0.958841 0.00262057
0.96758 0.000525373 0.957402 0.000438
0.968594 0.00196583 0.958789 0.00259021
0.968489 0.00135091 0.95831 0.00131829
0.967823 0.000578948 0.957518 0.000763261
0.968879 0.00179017 0.959005 0.00231495
0.967747 0.00117123 0.957572 0.00104554
0.96775 0.000751296 0.95745 0.000898552
0.967927 0.000911992 0.957888 0.000911852
0.967639 0.000576572 0.957553 0.000479367
0.968539 0.00165191 0.958797 0.00195962
0.967616 0.000425008 0.957692 0.000601018
0.96769 0.000550754 0.957733 0.00059271
0.96795 0.00139299 0.957943 0.00135738
0.967992 0.00147171 0.95778 0.00159269
0.968074 0.00098891 0.957713 0.00091022
0.968294 0.00160039 0.958233 0.00172996
0.968691 0.0018429 0.959029 0.00246072
0.968123 0.00144043 0.958058 0.00153959
0.968223 0.00110465 0.958233 0.00132217
0.967651 0.000768436 0.957525 0.000654796
0.968473 0.00131181 0.958218 0.00159717
0.967498 0.000304102 0.957589 0.000588926
0.967866 0.000874891 0.95771 0.000833767
0.968448 0.00110239 0.958502 0.00110293
0.968073 0.00180691 0.958064 0.00247184
0.967743 0.000441787 0.957621 0.000634749
0.967901 0.0007066 0.957771 0.000940819
0.96776 0.00094122 0.95788 0.000996424
0.968119 0.00158799 0.957916 0.00188128
0.968333 0.00136406 0.95854 0.00131311
0.968228 0.000775446 0.958084 0.000988649
0.968468 0.000893701 0.958397 0.00111363
0.967951 0.0006472 0.957728 0.000604332
0.967895 0.000726293 0.957797 0.00124693
0.967983 0.000604023 0.95794 0.000695346
0.967601 0.000394096 0.957581 0.00101035
0.968209 0.000482877 0.958126 0.00109217
0.968346 0.00170938 0.958268 0.00244624
0.967934 0.000673593 0.958045 0.00127546
0.968018 0.000833534 0.957969 0.00114324
0.967974 0.00043896 0.958164 0.000873194
0.967684 0.000466677 0.95752 0.000637662
0.967885 0.00044879 0.957916 0.000863299
0.968027 0.00113707 0.95822 0.00135976
0.968709 0.00145526 0.958266 0.00213436
0.967911 0.000374615 0.957896 0.00104794
0.96774 0.000399959 0.957989 0.0010079
0.968315 0.00169129 0.958207 0.00216985
0.967795 0.000667827 0.957731 0.000897723
0.967556 0.000365527 0.957579 0.000642947
0.968234 0.00093654 0.95812 0.00122196
0.968213 0.000649544 0.957858 0.00107961
0.96823 0.000833934 0.958308 0.00107343
0.967955 0.000623094 0.957664 0.000812954
0.967778 0.000557956 0.957961 0.00107729
0.968113 0.00078954 0.958212 0.00168298
0.96824 0.000603409 0.958024 0.00132819
0.968059 0.000490452 0.957945 0.00116423
0.967655 0.000445105 0.957711 0.000905289
0.968308 0.00046125 0.95867 0.0013265
0.968088 0.000495811 0.958348 0.000821855
0.967938 0.000245395 0.958203 0.00085308
