0.954558 0.000222362 0.945375 0.000275516
0.953918 0.000900577 0.944805 0.000861232
0.953748 0.00161365 0.944619 0.00158478
0.953464 0.00140742 0.944301 0.00135331
0.949084 0.00725718 0.939983 0.00711941
0.949899 0.00594781 0.940635 0.00586846
0.945688 0.0071168 0.936634 0.00686542
0.945338 0.00666328 0.936111 0.00657834
0.942029 0.00927884 0.933056 0.00905565
0.945478 0.00692826 0.936355 0.0067499
0.939559 0.00707283 0.93045 0.00686665
0.942526 0.00706155 0.93327 0.00685462
0.939357 0.006667 0.930064 0.00654298
0.936868 0.00412416 0.927765 0.00413316
0.943329 0.00838458 0.934086 0.00836284
0.938327 0.0086318 0.928957 0.00862575
0.939648 0.00701473 0.930296 0.00690874
0.935947 0.00498225 0.926544 0.00497236
0.934371 0.00518673 0.925022 0.00522417
0.934763 0.00230219 0.92535 0.00225817
0.933054 0.00765518 0.923602 0.00795772
0.929566 0.0071276 0.919867 0.00734269
0.934138 0.0023817 0.92464 0.00238278
0.933623 0.00340846 0.924146 0.00346518
0.927525 0.00949605 0.917728 0.00996243
0.924538 0.00943461 0.914494 0.010064
0.9282 0.0100995 0.918379 0.0107494
0.924574 0.0105008 0.914607 0.0109852
0.927316 0.0114423 0.917382 0.0118095
0.922203 0.0132299 0.912009 0.0138615
0.920687 0.00794854 0.910572 0.00838575
0.920135 0.0153644 0.909825 0.0161932
0.918487 0.015779 0.907907 0.0167476
0.924043 0.0121023 0.914004 0.0130761
0.919348 0.0121615 0.909178 0.0126689
0.916019 0.0160743 0.90544 0.017255
0.912332 0.0156927 0.901473 0.0166413
0.910301 0.0157913 0.89959 0.0171851
0.895207 0.0137785 0.883334 0.014791
0.908554 0.011931 0.897516 0.0127271
0.898948 0.011277 0.887 0.0119117
0.90044 0.0123344 0.888281 0.0133121
0.905225 0.0122107 0.893385 0.0129955
0.897003 0.0115414 0.884602 0.0123474
0.897039 0.0108191 0.884094 0.0111813
0.899645 0.00638227 0.887781 0.00707745
0.895103 0.00964844 0.881907 0.0100245
0.896489 0.0109667 0.883249 0.0116598
0.890155 0.00808021 0.876772 0.00784386
0.894387 0.0114303 0.881181 0.0109792
0.893179 0.0117597 0.879779 0.0114196
0.889651 0.00718435 0.876224 0.00699978
0.89036 0.00522577 0.876562 0.0044701
0.88999 0.00797127 0.876429 0.00760487
0.891767 0.00858529 0.878024 0.00823516
0.886206 0.0089691 0.872495 0.00810625
0.885102 0.0102519 0.871909 0.00883259
0.881373 0.00811437 0.868386 0.0068088
0.888099 0.00811701 0.874528 0.00718872
0.879035 0.0105995 0.8663 0.0087007
0.876234 0.00767731 0.863704 0.00636787
0.879736 0.00873081 0.867226 0.00729775
0.882781 0.0113519 0.869769 0.00991514
0.876537 0.00882762 0.864058 0.00760938
0.879034 0.00578754 0.866212 0.0046835
0.874006 0.00595451 0.86209 0.00519297
0.874317 0.00700653 0.86223 0.00583012
0.876861 0.00764526 0.864607 0.00640615
0.876136 0.00771019 0.863642 0.00639812
0.875348 0.00602095 0.863317 0.00514175
0.868475 0.00903179 0.857492 0.00766124
0.867936 0.00498316 0.857289 0.00469357
0.869326 0.00844837 0.857639 0.00765532
0.869289 0.00509924 0.858063 0.00427992
0.864841 0.00528965 0.854473 0.00505535
0.868068 0.00989435 0.856499 0.00817924
0.867204 0.0063896 0.85582 0.00537594
0.864887 0.00509755 0.853585 0.0044983
0.866263 0.00562493 0.854728 0.00492497
0.866538 0.00571504 0.855086 0.00474749
