0.804668 0.000620786 0.790313 0.000337397
0.805009 0.000540964 0.790417 0.000248856
0.804536 0.000396368 0.790129 0.000196723
0.80443 0.000162388 0.790059 7.07231e-05
0.804306 0.000129738 0.789914 0.000141274
0.804016 0.000353515 0.789587 0.000417216
0.804158 0.00024565 0.789729 0.000280631
0.804213 0.000233865 0.789742 0.000272224
0.80398 0.00037464 0.789433 0.000469694
0.804042 0.000221754 0.78955 0.000268675
0.804132 0.000169734 0.789586 0.000273468
0.804109 0.000214548 0.789567 0.000251622
0.804145 0.000162175 0.789579 0.000236945
0.804036 0.000328222 0.789356 0.000429472
0.804042 0.000197124 0.789433 0.00035991
0.804139 0.000103023 0.789544 0.000173344
0.804032 0.000161869 0.78936 0.000175353
0.804085 0.000132409 0.789407 0.000233959
0.803984 0.00015953 0.78927 0.00030162
0.803805 0.000282196 0.788867 0.000501656
0.803866 0.00021508 0.788821 0.000391698
0.80385 0.000220202 0.788962 0.000347329
0.804023 0.000139314 0.789173 0.000358633
0.803826 0.000279521 0.788849 0.000526872
0.80372 0.000308464 0.788593 0.00047667
0.803754 0.000350858 0.788654 0.000311138
0.803744 0.000403113 0.788644 0.000545389
0.803838 0.000299204 0.788618 0.000381832
0.803848 0.000160138 0.788673 0.000281043
0.803818 0.000315907 0.788497 0.000355677
0.803829 0.000322894 0.788596 0.000403203
0.803732 0.000333797 0.788514 0.000331328
0.803642 0.000309563 0.78839 0.000282037
0.803669 0.000278648 0.788352 0.000423503
0.803591 0.000357372 0.788296 0.000357712
0.803519 0.000282584 0.78803 0.00026099
0.803584 0.000322662 0.788105 0.000226163
0.803479 0.000354352 0.788015 0.000321532
0.803372 0.000388529 0.787867 0.000241173
0.803469 0.000428234 0.787994 0.000482202
0.803584 0.000406241 0.788129 0.000493333
0.803387 0.000207867 0.787841 0.000255998
0.803494 0.000322493 0.78796 0.000427793
0.803359 0.000527772 0.787794 0.00032725
0.803444 0.000540625 0.787875 0.000451928
0.803106 0.000373317 0.787556 0.000292159
0.803197 0.000402488 0.787675 0.000241372
0.803295 0.000427601 0.787717 0.000274537
0.803206 0.00047378 0.78759 0.00048688
0.803166 0.00016854 0.787596 0.000201813
0.803057 0.000356896 0.787436 0.000291596
0.803223 0.000438889 0.787474 0.000317623
0.803251 0.000445719 0.787476 0.000397229
0.803205 0.000238515 0.787363 0.000367077
0.803099 0.000246751 0.787304 0.000294053
0.803145 0.00034688 0.78727 0.000230535
0.803394 0.000290057 0.787538 0.000509468
0.803316 0.000399034 0.787303 0.000516909
0.803182 0.000347528 0.787176 0.000432776
0.803059 0.000322369 0.787196 0.000255112
0.803279 0.000449811 0.787271 0.000428527
0.803345 0.000304468 0.787128 0.000297072
0.803357 0.00044473 0.787193 0.000158125
0.803261 0.00051905 0.787222 0.000403843
0.803096 0.000330359 0.786947 0.000465638
0.803501 0.000364934 0.78725 0.000457715
0.803157 0.000481291 0.786813 0.000371429
0.803137 0.000312628 0.786644 0.000355935
0.803192 0.000358186 0.786905 0.000458083
0.803102 0.000279165 0.786635 0.00037969
0.803039 0.000375155 0.786494 0.000347701
0.803305 0.000443289 0.786937 0.000287511
0.803375 0.000257958 0.786805 0.000255241
0.803244 0.000376089 0.786772 0.000455086
0.803312 0.000510764 0.786783 0.000456622
0.803152 0.000345793 0.786479 0.000443772
0.803133 0.000403975 0.786659 0.000470826
0.803448 0.000305747 0.786695 0.000262137
0.803272 0.000422333 0.786739 0.000490501
0.803466 0.000480771 0.786682 0.000367148
