0.796335 0.000463381 0.79155 0.000381534
0.797241 0.000619996 0.791819 0.000310293
0.798075 0.00062317 0.791868 0.00035646
0.797549 0.000459722 0.792049 0.000379418
0.797702 0.000315344 0.792064 0.000231805
0.797925 0.000425631 0.792371 0.000196791
0.797495 0.000519681 0.792442 0.000211354
0.797617 0.000305689 0.792403 0.000307119
0.797915 0.000475375 0.792632 0.000358695
0.7982 0.000393737 0.792511 0.000292806
0.7977 0.000636718 0.792615 0.000308135
0.798161 0.000823173 0.79265 0.000321932
0.798284 0.00056121 0.792763 0.000317496
0.797816 0.000550572 0.792567 0.000200295
0.798054 0.000528194 0.79288 0.000293826
0.797264 0.000571962 0.792815 0.000383716
0.798263 0.000653801 0.792976 0.000298917
0.798065 0.000433612 0.792915 0.000423551
0.79795 0.000945436 0.793057 0.000298233
0.798408 0.000623777 0.792939 0.000244829
0.797724 0.000853682 0.793032 0.000416144
0.798146 0.000984215 0.79302 0.000462418
0.797799 0.00052644 0.79317 0.000453505
0.797954 0.000451989 0.793453 0.000329242
0.797858 0.00100278 0.793454 0.000419606
0.79828 0.000920088 0.793252 0.000485674
0.797998 0.000875673 0.793359 0.000445041
0.798297 0.000755439 0.79338 0.000481494
0.797661 0.000494941 0.793388 0.000458833
0.798094 0.000807655 0.793478 0.000615313
0.79768 0.00101067 0.793651 0.000357936
0.797539 0.000868933 0.793338 0.000314667
0.797611 0.000617952 0.794042 0.000564628
0.797965 0.000589908 0.79391 0.000306503
0.797977 0.000598378 0.794001 0.000511313
0.798028 0.000845608 0.793705 0.000388533
0.79799 0.000813681 0.794011 0.000434202
0.79767 0.000770194 0.7941 0.000494886
0.797799 0.000606017 0.794063 0.00035568
0.798137 0.00117284 0.793941 0.000446832
0.798179 0.000892628 0.793996 0.000414491
0.797707 0.000552793 0.794394 0.000635276
0.797561 0.000882961 0.794136 0.000367217
0.797737 0.00121128 0.794238 0.000466985
0.79767 0.000744285 0.793957 0.000458119
0.798036 0.00107607 0.794199 0.000507175
0.797851 0.000613057 0.794398 0.000273578
0.798169 0.000809976 0.794144 0.000438353
0.798296 0.000551966 0.794497 0.000393133
0.798174 0.000515137 0.794324 0.000464528
0.797723 0.000700418 0.794086 0.000405275
0.798011 0.000490834 0.794446 0.000338164
0.797942 0.000566236 0.794326 0.000510388
0.798315 0.000355487 0.794269 0.000383774
0.797858 0.000739227 0.794573 0.000557316
0.798223 0.000864751 0.794675 0.00041638
0.797719 0.000625314 0.794538 0.000412705
0.79796 0.000573549 0.794879 0.000579397
0.797915 0.000876828 0.794681 0.000519503
0.797604 0.00130644 0.794645 0.000397235
0.798368 0.000491291 0.794724 0.00031376
0.797883 0.000286601 0.794805 0.000429656
0.798254 0.00102037 0.794582 0.000319094
0.798434 0.000936558 0.794969 0.00062997
0.798583 0.000466208 0.794387 0.00051207
0.798446 0.000842296 0.794757 0.000482841
0.797809 0.000716737 0.795055 0.000414606
0.79816 0.000714677 0.794858 0.000401029
0.797936 0.000681107 0.794866 0.000596397
0.798104 0.000507342 0.795138 0.000487818
0.798189 0.000532168 0.795162 0.000617146
0.798171 0.000563177 0.794929 0.000360489
0.797866 0.000830416 0.795201 0.000524347
0.798717 0.000943759 0.794937 0.000597247
0.797961 0.000603774 0.794665 0.000797858
0.798172 0.000434572 0.795151 0.000446534
0.798234 0.0013833 0.795048 0.000478756
0.79856 0.000764734 0.794938 0.000587341
0.798352 0.000714225 0.795186 0.000577043
0.798133 0.000683096 0.795023 0.000708496
0.798459 0.000984498 0.795254 0.000559182
0.798467 0.000561409 0.795332 0.000626172
0.798744 0.000858735 0.795211 0.000414992
0.798651 0.000744371 0.795131 0.000461462
0.798694 0.000704595 0.795188 0.000556809
0.798952 0.000683097 0.79536 0.000411078
0.798828 0.00114515 0.795456 0.000396887
0.798881 0.000667529 0.795612 0.000378733
0.798584 0.000600162 0.79549 0.000403195
0.798627 0.000830806 0.795254 0.000574421
0.798552 0.00120481 0.795491 0.000531477
0.798587 0.000603738 0.795566 0.000512722
0.798747 0.00140449 0.795675 0.000634745
0.798431 0.000870477 0.795889 0.000368635
0.798837 0.00089323 0.795551 0.000568918
0.798568 0.000712124 0.795773 0.000495997
0.798747 0.00111272 0.795752 0.000558557
0.79874 0.00096381 0.795965 0.00045159
0.798932 0.000852804 0.79587 0.000549711
0.798726 0.000915285 0.795978 0.000602567
