0.967101 0.000219543 0.95715 0.000153799
0.967065 0.000260043 0.957272 0.000150387
0.967064 0.000195881 0.957268 0.000179615
0.966932 0.000289885 0.957313 0.00017333
0.967157 0.000368392 0.957282 0.000211058
0.967411 0.000555145 0.957437 0.000243529
0.967308 0.000229254 0.957413 0.000309498
0.966919 0.000252221 0.957387 0.000191487
0.967596 0.000832528 0.957673 0.000552426
0.967011 0.000315057 0.957469 0.000216658
0.967245 0.000162117 0.957277 0.000199504
0.96733 0.000755309 0.957453 0.000493295
0.967368 0.000527077 0.957592 0.000373044
0.96731 0.000187736 0.957282 0.000331387
0.967155 0.000137315 0.957199 0.000263892
0.967223 0.000251702 0.957441 0.000294022
0.967294 0.000482484 0.957315 0.000211708
0.967237 0.0003132 0.957387 0.000260435
0.967216 0.000203359 0.957301 0.000297271
0.967295 0.000482771 0.957457 0.000367492
0.967334 0.000323232 0.957374 0.000263434
0.967245 0.000621448 0.957565 0.00060174
0.967131 0.000390314 0.957474 0.000300128
0.967182 0.000285132 0.95731 0.00031765
0.967648 0.000925808 0.957734 0.00067389
0.967108 0.00030161 0.957334 0.00028464
0.967241 0.000194242 0.957465 0.000514482
0.967204 0.000213858 0.957221 0.000365428
0.967263 0.000128127 0.957344 0.000411634
0.967315 0.000319172 0.957565 0.000500807
0.967234 0.000194126 0.957466 0.000389533
0.967179 0.000235732 0.957177 0.000311572
0.967242 0.000307968 0.957297 0.000443342
0.96738 0.000160361 0.957111 0.00039686
0.967283 0.000333074 0.957355 0.000352684
0.967305 0.000329452 0.957291 0.000458726
0.967209 0.000219923 0.957108 0.000278981
0.967538 0.000408632 0.957481 0.000554791
0.967381 0.000332606 0.957362 0.000619802
0.967296 0.000303779 0.957457 0.000324581
0.967343 0.000317511 0.957276 0.000467915
0.967324 0.000325769 0.95715 0.000545029
0.967356 0.000446635 0.957339 0.00059815
0.967285 0.000186756 0.957315 0.000462634
0.967249 0.000266634 0.95718 0.000451793
0.96738 0.000260888 0.957356 0.000601088
0.96745 0.000307839 0.957481 0.000606097
0.967534 0.000365772 0.957406 0.000524138
0.967526 0.000435396 0.957459 0.000471552
0.9674 0.000152822 0.957076 0.000352463
0.967495 0.000246622 0.957199 0.000611673
0.967286 0.000355616 0.957165 0.000503942
0.967413 0.000270638 0.957095 0.00053729
0.96738 0.000380909 0.957383 0.000602544
0.967626 0.000374609 0.957366 0.000768206
0.967537 0.000242651 0.957165 0.000811833
0.967558 0.000265349 0.956981 0.000572045
0.967507 0.000393041 0.957078 0.00042887
0.967432 0.000404066 0.957267 0.00059284
0.96751 0.000356268 0.957053 0.00035637
0.967595 0.000235387 0.957295 0.000439684
0.967796 0.00015759 0.957097 0.000442877
0.967463 0.000275312 0.956969 0.000596184
0.967505 0.000342981 0.957048 0.000574818
0.967654 0.000257473 0.956884 0.000746243
0.96744 0.000194109 0.95694 0.000486656
0.967481 0.00036301 0.957217 0.000768171
0.967791 0.000204595 0.956994 0.000699743
0.96761 0.000370304 0.957243 0.000479117
0.967605 0.000193634 0.957078 0.000559531
0.967558 0.000294804 0.956851 0.000928516
0.967419 0.00035608 0.956918 0.000567146
0.967627 0.00027064 0.957089 0.000609092
0.967776 0.000371513 0.957266 0.00062505
0.967772 0.000407498 0.957052 0.000723752
0.967681 0.000257806 0.95683 0.00105928
0.967796 0.000381739 0.956651 0.000573575
0.967841 0.000435201 0.95675 0.000503828
0.96754 0.000351099 0.956865 0.000522926
0.967633 0.000370749 0.956989 0.000815151
