0.958185 0.000390895 0.955631 0.000650411
0.959444 0.000689871 0.956718 0.000495333
0.959763 0.000593847 0.957189 0.00062464
0.959586 0.000949175 0.956966 0.000468702
0.959518 0.000658986 0.957342 0.000303846
0.959576 0.000578565 0.957234 0.000709127
0.959216 0.000704568 0.957961 0.000392331
0.960267 0.000722078 0.95747 0.000312268
0.959781 0.000517273 0.957762 0.000352843
0.960171 0.000672713 0.957517 0.000619996
0.959789 0.000797326 0.957971 0.000426741
0.959744 0.00065094 0.957672 0.000449811
0.959625 0.000362034 0.958138 0.000438576
0.960005 0.000881097 0.9578 0.000381497
0.959438 0.000574201 0.958004 0.000183827
0.959462 0.000717155 0.957997 0.000264332
0.959408 0.000341161 0.957957 0.000354918
0.959322 0.000525422 0.958303 0.000373711
0.959723 0.000581036 0.957868 0.000616147
0.959479 0.000581668 0.958065 0.000365819
0.959506 0.000516106 0.958022 0.000347107
0.959683 0.000498158 0.958006 0.00041645
0.959585 0.000559012 0.958188 0.000210633
0.959645 0.000538195 0.958283 0.000386404
0.959649 0.00050223 0.958309 0.000192807
0.959231 0.000252467 0.958234 0.000354239
0.959688 0.000500275 0.958373 0.000420427
0.959944 0.000813784 0.958175 0.000569928
0.959849 0.000761692 0.958247 0.000426021
0.959575 0.000697183 0.958323 0.000334995
0.959376 0.000598325 0.958418 0.000228654
0.95941 0.000553715 0.958503 0.00038742
0.959526 0.000457358 0.958478 0.00042181
0.959376 0.000767476 0.958331 0.000324745
0.959564 0.000800532 0.958328 0.000362244
0.959655 0.000726764 0.958224 0.000428268
0.959777 0.000645665 0.958379 0.000280079
0.959517 0.000609501 0.958519 0.000338779
0.959573 0.000667154 0.958531 0.000282118
0.959576 0.000747539 0.958487 0.000249452
0.959747 0.000666873 0.95842 0.000247345
0.959366 0.000371848 0.958587 0.000309283
0.959769 0.000660503 0.958419 0.000301014
0.959562 0.000368797 0.958324 0.000365354
0.959652 0.000371817 0.958414 0.000428982
0.959465 0.000736717 0.958375 0.000382618
0.959708 0.000563126 0.958458 0.00031888
0.959467 0.000442045 0.95836 0.000157052
0.959638 0.000627705 0.958509 0.000331582
0.95954 0.00070367 0.958555 0.000352541
0.959292 0.000669659 0.9586 0.000263065
0.95985 0.00056931 0.958568 0.00047807
0.96009 0.000868153 0.958571 0.00047453
0.959708 0.000647972 0.95867 0.000390129
0.959966 0.000860535 0.958332 0.000428338
0.959526 0.000461897 0.95874 0.000373632
0.959646 0.000574772 0.958488 0.000248351
0.959414 0.000520364 0.958815 0.000293275
0.959634 0.000315684 0.95887 0.000415632
0.959412 0.000501702 0.958955 0.000315135
0.959821 0.000568823 0.958671 0.000457348
0.960181 0.000554712 0.95855 0.000319713
0.959755 0.000560129 0.95862 0.000360599
0.959766 0.000678195 0.958586 0.00040244
0.959265 0.000439063 0.958755 0.000242673
0.959424 0.000646479 0.958725 0.000252015
0.959584 0.000520523 0.958824 0.000332127
0.959995 0.000549575 0.958773 0.000272076
0.959708 0.000773514 0.958642 0.000296034
0.959695 0.000476705 0.958737 0.00052419
0.959951 0.000664875 0.958681 0.000457644
0.959839 0.00068646 0.958728 0.000349888
0.959704 0.00049978 0.958608 0.000339388
0.960032 0.000551642 0.958733 0.000357701
0.959979 0.000576675 0.958763 0.000440872
0.959708 0.000530124 0.958825 0.000389782
0.959754 0.000964714 0.958923 0.000525012
0.959569 0.000407153 0.958804 0.000329524
0.960016 0.000870416 0.958742 0.000378712
0.95978 0.000550881 0.958932 0.000383038
0.959816 0.000434412 0.959004 0.000413839
0.959935 0.000657809 0.958959 0.000322725
0.959715 0.000456556 0.958728 0.000418157
0.960088 0.00063954 0.959096 0.00026651
0.960018 0.000983403 0.9589 0.000437325
0.960389 0.000880357 0.958751 0.000426119
0.959671 0.000838711 0.959056 0.000531288
0.960087 0.000670896 0.959004 0.000497905
0.959792 0.000605486 0.959044 0.000266598
0.959896 0.000737458 0.95896 0.000462673
0.959695 0.000409962 0.959239 0.000425956
0.959849 0.000514655 0.958972 0.000354697
0.960002 0.000494444 0.959303 0.000425625
0.960101 0.000726784 0.95899 0.000205268
0.959698 0.000797936 0.959335 0.000443105
0.960216 0.000753538 0.959294 0.000389483
0.959958 0.000662084 0.959035 0.000433481
0.960633 0.000883764 0.9589 0.000531608
0.959661 0.000755108 0.959069 0.000551035
0.959696 0.000783582 0.958856 0.000463505
