0.808636 0.000349091 0.792895 0.000276023
0.808383 0.000391172 0.793021 0.000297941
0.808488 0.00022335 0.792933 0.000376857
0.80835 0.000374601 0.793062 0.000261888
0.808373 0.000227595 0.792924 0.000278057
0.808401 0.000330809 0.793175 0.000293567
0.808449 0.000293873 0.792919 0.000198668
0.808226 0.000403481 0.79295 0.000331456
0.808432 0.000323569 0.792955 0.000284783
0.808281 0.000401592 0.792855 0.000307067
0.808413 0.000291362 0.793006 0.000271205
0.808302 0.000377636 0.793072 0.000421905
0.808423 0.000453378 0.792965 0.000228784
0.808652 0.000353031 0.792864 0.000272439
0.808359 0.000274396 0.792862 0.000323387
0.808466 0.000260997 0.792904 0.000187752
0.808165 0.000369061 0.792768 0.000300974
0.808421 0.000564185 0.792897 0.000316844
0.808313 0.000277586 0.792978 0.000180832
0.808313 0.000491465 0.792901 0.000408532
0.808515 0.000211789 0.79291 0.000332754
0.808291 0.000418565 0.79294 0.000202385
0.808355 0.000344478 0.792685 0.000309851
0.808105 0.000401174 0.792687 0.000313239
0.808292 0.000334085 0.792801 0.000383216
0.808539 0.00017332 0.792701 0.000337118
0.808299 0.000303655 0.792645 0.000209552
0.808319 0.000426656 0.79264 0.000257514
0.808461 0.000352652 0.792554 0.000293014
0.808193 0.000257626 0.792579 0.000356038
0.80832 0.000355246 0.792542 0.000298192
0.808445 0.000190452 0.792401 0.000350199
0.808308 0.000385482 0.792653 0.000292809
0.808525 0.000223229 0.792549 0.000196924
0.808305 0.00027355 0.792592 0.000329501
0.808507 0.000349314 0.792733 0.000248328
0.808165 0.000574365 0.792373 0.000304861
0.808512 0.000380701 0.792441 0.000267031
0.808233 0.000308188 0.792417 0.000267773
0.808295 0.000365133 0.792655 0.000293337
0.808096 0.000413136 0.792506 0.000377629
0.808214 0.000264468 0.792315 0.000358
0.80827 0.000435493 0.792745 0.000369342
0.808342 0.000339759 0.792468 0.000212605
0.808214 0.000271722 0.792596 0.000291601
0.808287 0.000289461 0.792317 0.000267492
0.808362 0.000328969 0.792269 0.0002072
0.808431 0.000299505 0.792366 0.00022627
0.808145 0.000571795 0.792564 0.000242762
0.808209 0.000273553 0.792327 0.000222951
0.808415 0.000258021 0.792068 0.000164851
0.808292 0.00037164 0.792661 0.000366742
0.808255 0.000251684 0.792277 0.000281439
0.808242 0.000358261 0.792447 0.000221736
0.808236 0.000279259 0.792428 0.000302586
0.808292 0.00028279 0.792322 0.000314634
0.808183 0.000434502 0.792385 0.000324582
0.808134 0.000262961 0.792215 0.000250655
0.808114 0.000336402 0.792381 0.000264068
0.808229 0.00040526 0.792408 0.000331997
0.808105 0.000312642 0.792351 0.000447093
0.808165 0.000339139 0.79224 0.000260358
0.808323 0.000208696 0.792313 0.000219716
0.807973 0.000377313 0.792588 0.000394474
0.808102 0.000346718 0.792313 0.000209958
0.807882 0.000485813 0.792169 0.000458001
0.808146 0.000273264 0.792467 0.000244979
0.808062 0.000555658 0.792443 0.000329827
0.808034 0.000167621 0.792175 0.000370544
0.80813 0.000225414 0.792117 0.000332389
0.808283 0.000333822 0.792272 0.000311008
0.807847 0.000290497 0.792269 0.000319022
0.808093 0.00024664 0.792381 0.000313538
0.808238 0.000308804 0.792072 0.000283484
0.808036 0.000366931 0.792282 0.000333938
0.808032 0.000418921 0.792155 0.000276557
0.808149 0.00026748 0.792212 0.000368838
0.80826 0.000462877 0.792323 0.000370273
0.808087 0.000247008 0.79195 0.000345542
0.808042 0.0002974 0.792165 0.000364237
