0.958478 0.000454016 0.956012 0.000824469
0.959088 0.000558454 0.956568 0.000454216
0.959384 0.000442561 0.957144 0.000800782
0.95958 0.000470041 0.957331 0.000591871
0.959969 0.000655014 0.957386 0.000392484
0.959642 0.000339594 0.957575 0.000251052
0.959479 0.000460304 0.957689 0.000470952
0.959457 0.000474049 0.957674 0.000617932
0.959828 0.000781649 0.957761 0.00048491
0.959734 0.000425137 0.957905 0.000250832
0.959951 0.000553934 0.957801 0.000440974
0.95933 0.000515071 0.957976 0.000268886
0.959404 0.000278912 0.958103 0.000299498
0.959131 0.000523972 0.958089 0.000365999
0.9593 0.0005258 0.958315 0.000250682
0.959389 0.000433774 0.958149 0.000607262
0.959637 0.000572945 0.958185 0.000316862
0.959613 0.000572988 0.958281 0.000247742
0.959297 0.000643866 0.958249 0.000268828
0.959523 0.000765894 0.958352 0.000380963
0.959505 0.000609429 0.958267 0.000276353
0.959441 0.000494975 0.958325 0.000272259
0.959271 0.000356649 0.958506 0.000304389
0.959476 0.000511158 0.958447 0.000289324
0.959345 0.00043217 0.958559 0.000286462
0.959379 0.000417568 0.958461 0.00030518
0.959743 0.000568077 0.958455 0.000361458
0.959207 0.000327595 0.9584 0.000435142
0.959476 0.000399825 0.958425 0.000330752
0.959539 0.00040527 0.958467 0.000369467
0.959483 0.000478224 0.958592 0.00034874
0.959386 0.000471366 0.958586 0.000295979
0.959522 0.000565121 0.958533 0.000437116
0.959239 0.000530001 0.958726 0.000246221
0.959509 0.000480462 0.958418 0.000357638
0.959244 0.000452077 0.958753 0.000391461
0.959536 0.00048616 0.958511 0.00026043
0.959471 0.000654828 0.9585 0.000289922
0.959642 0.000488136 0.958693 0.000218408
0.959477 0.000468307 0.958549 0.000325378
0.959476 0.00059317 0.958512 0.000241627
0.959467 0.000529561 0.95864 0.000236947
0.959506 0.000421052 0.958771 0.00021048
0.959546 0.000523394 0.958879 0.000326467
0.959389 0.000900448 0.958928 0.000220135
0.959283 0.000279321 0.958692 0.000177685
0.9594 0.000343874 0.958833 0.000267068
0.959406 0.000477007 0.958842 0.000292121
0.959279 0.000387449 0.958852 0.000402936
0.959637 0.000484616 0.958817 0.000163913
0.959391 0.00044388 0.958832 0.000509058
0.959936 0.000621866 0.958896 0.000318413
0.9594 0.00035366 0.95887 0.000393053
0.959847 0.000652249 0.958925 0.000288289
0.959468 0.000612674 0.958793 0.000302376
0.959496 0.000566571 0.958875 0.000266335
0.959726 0.000681955 0.958902 0.000417483
0.959675 0.000324216 0.958912 0.00039108
0.959545 0.000480206 0.958905 0.000253981
0.959298 0.000346161 0.959209 0.000446051
0.959461 0.000634224 0.958849 0.000363017
0.9595 0.000301128 0.959153 0.000439046
0.95939 0.000355851 0.959033 0.000275094
0.959645 0.000604535 0.959206 0.000224345
0.959732 0.00048643 0.958928 0.000359878
0.959939 0.000670997 0.959219 0.000310427
0.959429 0.00075991 0.958984 0.000418895
0.95929 0.000388023 0.959123 0.000342606
0.959329 0.000475307 0.958897 0.000275616
0.959751 0.000666626 0.958953 0.000353339
0.959531 0.000453533 0.959026 0.000340472
0.959695 0.000720421 0.95923 0.000258252
0.959062 0.000703386 0.959036 0.000297923
0.959958 0.000475121 0.959123 0.000263272
0.959807 0.000226254 0.959289 0.000252588
0.959927 0.000565519 0.959059 0.000193357
0.960004 0.000711242 0.959276 0.000412104
0.959771 0.000342675 0.959245 0.000324231
0.959789 0.000749339 0.959254 0.000618126
0.959687 0.000589233 0.959316 0.000475205
0.959973 0.000769794 0.959362 0.000565002
0.959464 0.000752173 0.95935 0.000337082
0.959727 0.000714046 0.959254 0.000351728
0.959631 0.000608145 0.959389 0.000389362
0.959651 0.000499758 0.959399 0.000424185
0.95969 0.000587218 0.959497 0.000407773
0.959901 0.000641918 0.959484 0.000465086
0.959827 0.000583892 0.959576 0.000445685
0.959929 0.000399735 0.959353 0.00048627
0.960101 0.000623279 0.959209 0.000593292
0.960298 0.00103916 0.959318 0.000524244
0.960092 0.000641465 0.959535 0.000276708
0.959927 0.000526838 0.959494 0.000397931
0.960461 0.000908495 0.959156 0.00051605
0.959927 0.00067729 0.95952 0.00034275
0.960132 0.000532969 0.95959 0.000425539
0.959993 0.000781615 0.959632 0.000377667
0.960165 0.000719608 0.959422 0.000378759
0.959577 0.000575087 0.959473 0.00048551
0.960204 0.000771063 0.959573 0.000240988
