0.809099 0.00050827 0.793802 0.000574863
0.8089 0.000306796 0.793508 0.000226553
0.809059 0.000260019 0.793606 0.000347761
0.8088 0.000212777 0.793382 0.000353804
0.80883 0.000248567 0.793665 0.000511878
0.80899 0.000413383 0.793568 0.000302923
0.809196 0.000530182 0.793814 0.000662349
0.808956 0.000292791 0.793717 0.000270027
0.809179 0.000506859 0.793826 0.00046538
0.809015 0.000225617 0.793663 0.000376993
0.809212 0.00027518 0.793573 0.000381766
0.809054 0.00054222 0.793709 0.000719594
0.809101 0.000263728 0.793486 0.000337922
0.809216 0.000383421 0.793798 0.000570544
0.808939 0.000258326 0.793473 0.000304422
0.809173 0.000253849 0.793744 0.000362556
0.809159 0.000341127 0.79362 0.000261329
0.80894 0.000222943 0.793566 0.000329009
0.808954 0.000340046 0.79351 0.000320722
0.809005 0.000346645 0.793932 0.000258073
0.809146 0.000264569 0.793776 0.000375055
0.809115 0.00038565 0.793591 0.000253779
0.808897 0.000273258 0.793559 0.00029164
0.808869 0.000327087 0.793652 0.000370774
0.809133 0.000523584 0.793919 0.000580346
0.808974 0.000354016 0.79377 0.000464767
0.809146 0.000490252 0.793788 0.000520073
0.809268 0.000352347 0.793737 0.000409196
0.808821 0.000474708 0.793639 0.000328753
0.809213 0.000397467 0.793673 0.000421818
0.809058 0.000490214 0.793657 0.000337026
0.809016 0.00059116 0.793784 0.00046477
0.809064 0.000563155 0.793711 0.000662105
0.809057 0.000370669 0.793577 0.000439284
0.809114 0.000293583 0.793628 0.000484484
0.80896 0.000333641 0.793586 0.000594981
0.808881 0.000292855 0.793901 0.000465705
0.80916 0.000442397 0.793803 0.000477496
0.809169 0.000346788 0.793217 0.000275727
0.809028 0.000385285 0.793633 0.000240409
0.809152 0.000581726 0.793338 0.000568034
0.809064 0.000482927 0.793501 0.000465206
0.80904 0.000386065 0.793542 0.000474015
0.809135 0.000257182 0.793414 0.000255443
0.809021 0.000445653 0.793539 0.000444244
0.809044 0.000413707 0.793527 0.000487852
0.808957 0.000559939 0.793733 0.000428481
0.809096 0.000278148 0.793374 0.000575216
0.809221 0.000298205 0.79351 0.000618151
0.808936 0.000230318 0.793532 0.000304444
0.8089 0.000397934 0.793773 0.000576938
0.809035 0.000490557 0.793445 0.000711289
0.809035 0.000406699 0.79351 0.000517168
0.808908 0.000443215 0.7933 0.000400356
0.809306 0.000543228 0.79353 0.000626515
0.809247 0.000548575 0.793445 0.000550317
0.809104 0.000540547 0.793439 0.000535899
0.808803 0.000527607 0.793659 0.000399503
0.809038 0.000547242 0.793453 0.000428314
0.809168 0.000331811 0.793229 0.000455318
0.809155 0.000299654 0.793394 0.000546542
0.809061 0.000399679 0.793382 0.000555436
0.809045 0.000463091 0.793557 0.00062014
0.80899 0.000476604 0.793157 0.000432901
0.809009 0.000501861 0.793456 0.000632338
0.808891 0.000375996 0.793218 0.000437089
0.809232 0.000318327 0.793286 0.000467797
0.80907 0.000416351 0.793275 0.000416117
0.809101 0.000286118 0.793197 0.000209584
0.808932 0.000379415 0.793295 0.000557043
0.809084 0.000345015 0.793252 0.000584135
0.809062 0.000279588 0.79316 0.00042755
0.809397 0.000430021 0.793323 0.000305519
0.808827 0.000302977 0.793279 0.000627057
0.809049 0.000584943 0.793228 0.000594448
0.809024 0.000237868 0.793547 0.000552782
0.808905 0.000301172 0.793396 0.00060724
0.809047 0.000409916 0.793151 0.000299042
0.809224 0.000421037 0.793268 0.000562575
0.808925 0.000309601 0.793363 0.000414292
