0.958206 0.000264953 0.955441 0.00021139
0.959256 0.000984986 0.956073 0.000533425
0.959441 0.000346923 0.956758 0.000587516
0.959817 0.00049776 0.956944 0.000435137
0.959435 0.000428054 0.956961 0.000518674
0.959739 0.000564524 0.956972 0.00047423
0.959773 0.000373014 0.957397 0.000494189
0.959925 0.000763166 0.957697 0.000381912
0.960062 0.000761676 0.957385 0.000586126
0.959983 0.000765713 0.95742 0.000764256
0.959911 0.000443263 0.957453 0.000467328
0.959654 0.000679599 0.957567 0.000334938
0.959657 0.000573993 0.957994 0.000406228
0.959746 0.000581606 0.957878 0.000366211
0.959938 0.000643944 0.95784 0.000446898
0.95971 0.000617618 0.957821 0.000252432
0.959992 0.000847113 0.957765 0.000459722
0.960133 0.000620799 0.957711 0.000323589
0.960035 0.000644521 0.957961 0.000324968
0.959474 0.000530476 0.958044 0.000296508
0.959509 0.000733861 0.958048 0.000275812
0.95962 0.000759061 0.95799 0.000194997
0.959739 0.000548476 0.958069 0.000224771
0.959413 0.000589552 0.957818 0.000521443
0.959803 0.000364052 0.958034 0.000486092
0.959528 0.000860397 0.957952 0.00032271
0.959479 0.000537132 0.957936 0.000378292
0.959642 0.000748615 0.95794 0.000370648
0.959636 0.000601929 0.957983 0.000310664
0.959968 0.000826347 0.958059 0.000296281
0.9601 0.000583943 0.958168 0.000318474
0.959533 0.000889487 0.958023 0.000452217
0.95924 0.000592819 0.958346 0.000352526
0.960129 0.000634994 0.958165 0.000392352
0.959569 0.000438772 0.958279 0.000282949
0.959987 0.000817155 0.958132 0.00054257
0.959864 0.000663168 0.958165 0.000398885
0.959508 0.000385662 0.958162 0.000413509
0.959781 0.000828839 0.958335 0.000504132
0.959785 0.000680509 0.958202 0.00030188
0.96018 0.000783687 0.958171 0.000433749
0.959956 0.00076518 0.958338 0.000387091
0.959758 0.000695586 0.958449 0.00035941
0.959569 0.000516962 0.95839 0.000222999
0.959604 0.00063354 0.958353 0.000393199
0.959998 0.000713184 0.958424 0.000433876
0.960239 0.000773011 0.95836 0.000441416
0.959986 0.000876956 0.958225 0.000417505
0.959885 0.000832887 0.958338 0.0004726
0.95963 0.000724609 0.958418 0.000480338
0.96015 0.000816692 0.958656 0.000411419
0.959726 0.000613814 0.958256 0.000225271
0.959783 0.000366535 0.958498 0.00022087
0.960545 0.00118025 0.958232 0.000385848
0.959516 0.000816177 0.958518 0.000312376
0.959739 0.000387585 0.958727 0.000316122
0.959892 0.000656087 0.95839 0.000406935
0.959822 0.000729575 0.958395 0.000305406
0.959807 0.000529686 0.958435 0.000333568
0.959379 0.000536057 0.958636 0.000337665
0.960026 0.000540543 0.958408 0.00036828
0.95951 0.000348197 0.958838 0.000263915
0.959803 0.000837857 0.958744 0.000364235
0.95964 0.000432962 0.958526 0.000284425
0.960253 0.000578844 0.958551 0.000229177
0.959653 0.000861508 0.958615 0.000366364
0.959896 0.000680802 0.958512 0.000409853
0.960082 0.00064105 0.958868 0.000319851
0.959956 0.000555136 0.958383 0.000496648
0.960055 0.000715037 0.958762 0.00035383
0.959915 0.000798214 0.958696 0.000632879
0.960446 0.000805683 0.958657 0.000518361
0.959915 0.00078219 0.958694 0.000535569
0.959774 0.00085799 0.958805 0.000326876
0.960199 0.00056385 0.95866 0.000560112
0.959825 0.000574551 0.958598 0.000477717
0.959953 0.000778029 0.958768 0.000436731
0.959876 0.000460403 0.958775 0.000275635
0.960104 0.00061141 0.958842 0.000298828
0.96007 0.000753945 0.958864 0.000477174
0.959972 0.000759939 0.958855 0.000489518
0.960146 0.000794872 0.958735 0.0004624
0.959876 0.000564867 0.958842 0.000479592
0.959861 0.000754292 0.958921 0.000650389
0.960098 0.000720982 0.958976 0.000475697
0.960151 0.00123877 0.959128 0.000328792
0.960268 0.000902495 0.95876 0.000547054
0.960141 0.000757113 0.959056 0.000474941
0.960565 0.000647614 0.958945 0.000389016
0.960124 0.000368926 0.959259 0.000452434
0.960237 0.000789362 0.958966 0.000624612
0.960346 0.000874636 0.959036 0.00032652
0.96059 0.000621972 0.959021 0.000329581
0.960425 0.000868861 0.958929 0.000551069
0.960176 0.000856537 0.959143 0.000630225
0.960365 0.000755152 0.958986 0.000543079
0.960169 0.000777574 0.959247 0.000453839
0.959986 0.000848651 0.959161 0.000628339
0.960351 0.00108997 0.959316 0.000498399
0.960638 0.000515943 0.959052 0.000334362
