0.966783 0.000485752 0.956957 0.000204237
0.96678 0.000182911 0.95693 0.000148335
0.966788 0.000150228 0.956965 0.000190921
0.966692 0.00012622 0.957144 0.000137352
0.967242 0.0014702 0.957375 0.00121775
0.966792 0.000194387 0.957191 0.000149427
0.966924 0.000301135 0.957005 0.000140728
0.966866 0.000290882 0.957105 0.000234027
0.966878 0.000258947 0.957071 0.000328782
0.966766 0.000172205 0.956956 0.000231927
0.966881 0.00017614 0.95706 0.000276293
0.967081 0.000389045 0.956868 0.000220161
0.966903 0.000363704 0.957046 0.000389337
0.966886 0.000236429 0.957096 0.000258346
0.966879 0.000140188 0.957045 0.00026397
0.966882 0.000162519 0.957006 0.000325448
0.967041 0.000267483 0.956933 0.000236763
0.967026 0.000181598 0.956944 0.000431918
0.966853 0.000295624 0.957073 0.000241061
0.967071 0.000251203 0.957016 0.00046122
0.966918 0.000327335 0.956945 0.000419
0.96689 0.000236046 0.957058 0.000334897
0.967 0.000175266 0.95718 0.000403633
0.966987 0.000252723 0.956947 0.000397232
0.967094 0.000319894 0.956935 0.000487153
0.967131 0.000356611 0.956963 0.000231719
0.966919 0.0003155 0.956983 0.000353365
0.96707 0.000194163 0.957117 0.000427004
0.96698 0.000144024 0.957002 0.000358851
0.966922 0.000283824 0.957253 0.000569854
0.967029 0.000209102 0.956928 0.000471387
0.967265 0.000511382 0.957059 0.000685961
0.967038 0.000216408 0.956968 0.000519576
0.966952 0.000217138 0.957019 0.000275817
0.967057 0.000243616 0.957041 0.000606998
0.967038 0.000256144 0.957008 0.000350239
0.967029 0.000195216 0.957013 0.000362609
0.966981 0.000337695 0.957304 0.000465913
0.967104 0.000143328 0.956905 0.000377643
0.966938 0.000311406 0.95734 0.000554785
0.967068 0.000185444 0.95703 0.000605195
0.967039 0.000181066 0.957078 0.000547157
0.967052 0.000137293 0.957089 0.000594373
0.967051 0.000305775 0.957202 0.000586799
0.966969 0.000212329 0.957001 0.000765718
0.967021 0.000151059 0.957272 0.00063986
0.966983 0.000194977 0.957101 0.00065149
0.967103 0.000189312 0.957138 0.000773373
0.96713 0.000203583 0.957125 0.000839508
0.967013 0.000212453 0.956644 0.000673417
0.967052 0.000269732 0.957271 0.000784006
0.967074 0.000241119 0.957024 0.000791927
0.967036 0.000439922 0.956858 0.000938077
0.967083 0.000237526 0.956439 0.000671649
0.967071 0.000244492 0.956643 0.000642122
0.967202 0.000142943 0.95671 0.00062546
0.966992 0.000366394 0.956763 0.000994392
0.967086 0.000340636 0.956658 0.00079175
0.967186 0.000206496 0.957382 0.000929373
0.967281 0.00036194 0.956661 0.000790891
0.967021 0.000320182 0.956637 0.00146071
0.967143 0.000254144 0.95668 0.000776325
0.967115 0.000289256 0.957102 0.00126313
0.967071 0.000295806 0.956491 0.000651317
0.966988 0.000314022 0.95671 0.00128233
0.967203 0.000414621 0.956677 0.00124786
0.966842 0.000540719 0.956449 0.0013167
0.967004 0.000351135 0.956278 0.000749665
0.967009 0.00036747 0.956228 0.000768191
0.967377 0.000380681 0.957299 0.00116286
0.967278 0.0003634 0.956862 0.00112789
0.96726 0.000289088 0.95709 0.00102055
0.967074 0.000812624 0.956803 0.00110812
0.967109 0.000289649 0.95669 0.00113562
0.967188 0.000490512 0.956843 0.00119583
0.967246 0.000374923 0.956519 0.000986191
0.966894 0.000701671 0.955742 0.00109167
0.966981 0.000630607 0.956064 0.000992988
0.96694 0.000619429 0.955985 0.0010918
0.966672 0.000651927 0.956426 0.00156519
