0.914906 0.000819996 0.90777 0.0015661
0.915344 0.000991915 0.908419 0.00149749
0.915577 0.000963252 0.908658 0.00156345
0.915462 0.00113717 0.908693 0.0012359
0.915803 0.00103826 0.908595 0.00116663
0.915284 0.0012622 0.908469 0.00139593
0.916245 0.000779232 0.909316 0.000861528
0.915472 0.00125942 0.908617 0.00115983
0.916234 0.00103235 0.909506 0.000955514
0.915465 0.00107459 0.908456 0.00139984
0.916031 0.000980056 0.909261 0.00113188
0.9161 0.00110936 0.909321 0.00102853
0.916209 0.000868613 0.909214 0.00116697
0.916276 0.00141027 0.909328 0.00145232
0.916233 0.000880405 0.90942 0.00104443
0.915788 0.00123964 0.908789 0.001398
0.91608 0.001159 0.908824 0.00135961
0.915808 0.00108469 0.908661 0.00146589
0.916204 0.000909524 0.909321 0.000752751
0.915638 0.00122753 0.908565 0.0014285
0.917093 0.000495769 0.910076 0.000556172
0.916256 0.00119937 0.909216 0.00109923
0.916501 0.00107526 0.909627 0.000957969
0.916122 0.00134746 0.908609 0.00138299
0.916161 0.00140328 0.909155 0.00123478
0.917007 0.000517173 0.909908 0.000600829
0.916116 0.0010948 0.908902 0.000930869
0.916532 0.000653535 0.909625 0.000845902
0.917146 0.000525356 0.910289 0.000537118
0.917089 0.000846924 0.909944 0.000777549
0.916339 0.000816257 0.909622 0.000591972
0.916913 0.000605085 0.909966 0.000720527
0.917062 0.00118372 0.910061 0.0011876
0.916605 0.00110942 0.909344 0.00137581
0.916996 0.00120705 0.909976 0.00117955
0.917274 0.000841313 0.910072 0.000370023
0.916892 0.00066016 0.909875 0.000786307
0.917111 0.000627829 0.910084 0.000512738
0.91679 0.000930834 0.910026 0.000608299
0.916743 0.000743009 0.909551 0.0011894
0.916955 0.00110324 0.909676 0.000772013
0.916986 0.000740588 0.9101 0.0010764
0.916864 0.00118409 0.909694 0.0013185
0.916777 0.00132022 0.909968 0.00121668
0.917116 0.00135937 0.910137 0.00108148
0.916541 0.000995379 0.909622 0.00139428
0.917348 0.00101754 0.910479 0.00105377
0.916814 0.00108042 0.910325 0.000832276
0.917711 0.00058094 0.91082 0.000752954
0.917134 0.000808673 0.91024 0.000532894
0.917817 0.000737531 0.910728 0.000651907
0.917684 0.000406292 0.910462 0.000388891
0.917692 0.00113491 0.910466 0.00121635
0.917646 0.000811061 0.910951 0.000695846
0.917131 0.00117862 0.910475 0.00123452
0.917892 0.000990158 0.910979 0.000727861
0.917306 0.000913801 0.91064 0.00101433
0.917922 0.00105938 0.910777 0.000832974
0.91783 0.000691882 0.91075 0.000963396
0.917258 0.00125911 0.910455 0.00133792
0.917639 0.000927397 0.910774 0.00113175
0.918027 0.00110163 0.910728 0.0010785
0.918471 0.00155608 0.910809 0.000832312
0.918081 0.0011774 0.910967 0.000735432
0.917433 0.00117317 0.91042 0.00133614
0.917893 0.00098542 0.911039 0.00105805
0.918221 0.00175556 0.911745 0.000814128
0.917872 0.000824509 0.91088 0.000947992
0.9184 0.000909207 0.911453 0.000580823
0.918172 0.001581 0.91155 0.00150725
0.918739 0.00141124 0.911238 0.000684935
0.918926 0.0015919 0.911395 0.00135692
0.918389 0.00132419 0.911313 0.000985765
0.917932 0.000749047 0.911617 0.000831543
0.919053 0.00114985 0.911974 0.000893666
0.918727 0.00129496 0.911655 0.000993847
0.917983 0.000668766 0.912247 0.00109234
0.918553 0.000816616 0.911838 0.00092379
0.918955 0.00110559 0.911839 0.000885651
0.918642 0.000935373 0.911921 0.000471995
0.918416 0.00107609 0.911479 0.000930241
0.919024 0.000902246 0.911596 0.00121071
0.918951 0.000969248 0.912024 0.000794913
0.919729 0.00132166 0.912584 0.00125247
0.919245 0.000740328 0.912655 0.000822361
0.918665 0.00116419 0.911802 0.00101182
0.91959 0.00131842 0.912689 0.000490683
0.919735 0.0014971 0.912363 0.00116212
0.919285 0.00136463 0.912644 0.000724911
0.919576 0.00152656 0.912531 0.00135895
0.919561 0.00157384 0.912972 0.00139184
0.918935 0.0012125 0.912343 0.000800998
0.919732 0.00111222 0.913536 0.000885552
0.919558 0.00127526 0.912948 0.000824836
0.919797 0.00137772 0.913215 0.0014864
0.920019 0.0010499 0.913391 0.000940133
0.919662 0.00126769 0.913175 0.000989099
0.919951 0.000995339 0.913104 0.000816827
0.920152 0.00134938 0.912816 0.000890051
0.920879 0.00124822 0.913466 0.000945608
