0.967054 0.00018624 0.957178 0.000192874
0.967076 0.000427315 0.957229 0.000208447
0.967139 0.000502147 0.957205 0.000227221
0.967072 0.0005075 0.95739 0.000308208
0.967124 0.000219709 0.957137 0.000100479
0.967093 0.000377837 0.95731 0.000160098
0.967098 0.000236741 0.957234 0.000207442
0.967237 0.00028954 0.957282 0.000297899
0.966917 0.000241687 0.957317 0.000261064
0.967073 0.000191354 0.957177 0.000195169
0.967207 0.000215782 0.957354 0.000188265
0.967133 0.0002415 0.957298 0.000345031
0.967039 0.00043396 0.957313 0.000252094
0.967175 0.000173783 0.957247 0.000203779
0.967148 0.000168802 0.957271 0.000224221
0.96702 0.000279697 0.957188 0.000170581
0.967115 0.00033673 0.957234 0.00040015
0.96711 0.000337125 0.957165 0.000392628
0.967191 0.000264028 0.957256 0.000284175
0.967108 0.000244133 0.957242 0.000235796
0.967183 0.000260567 0.957145 0.000293195
0.967032 0.000171911 0.957261 0.000475671
0.967241 0.000263656 0.957235 0.000334834
0.96725 0.000260534 0.957259 0.000261718
0.967173 0.000220577 0.957093 0.00029849
0.967045 0.000321863 0.957119 0.000494045
0.967137 0.00018728 0.956873 0.00045035
0.966985 0.000181509 0.957014 0.000336723
0.967304 0.000277979 0.95709 0.000392582
0.967172 0.000165712 0.956972 0.00033235
0.9672 0.000403173 0.957428 0.000416638
0.967328 0.000475262 0.957422 0.000380687
0.967222 0.000209505 0.957043 0.000272881
0.96727 0.000200974 0.957208 0.000554388
0.967356 0.000259972 0.957101 0.000484284
0.967221 0.000312101 0.956932 0.000536277
0.967277 0.000200299 0.957093 0.000309328
0.967319 0.000223617 0.956983 0.000523748
0.967243 0.000219834 0.957297 0.000298263
0.967405 0.000169518 0.957191 0.000388799
0.96729 0.000208504 0.957042 0.000391299
0.967389 0.000202472 0.956968 0.000615707
0.96732 0.000212419 0.957204 0.000415893
0.967345 0.0002826 0.956869 0.000527779
0.967276 0.000196704 0.95715 0.00042791
0.967447 0.000446755 0.957304 0.000706143
0.967379 0.000351142 0.957041 0.000634393
0.967328 0.000184989 0.956779 0.00051393
0.967519 0.000229598 0.957152 0.000506236
0.967309 0.000243634 0.957212 0.000339301
0.967541 0.000213604 0.95726 0.000799068
0.967497 0.000237901 0.956914 0.000456088
0.967321 0.000278218 0.956852 0.000480782
0.967455 0.000156862 0.956996 0.000741011
0.967542 0.000261061 0.956798 0.000365502
0.96722 0.000361652 0.956964 0.000597051
0.967517 0.000202039 0.956841 0.000648581
0.967606 0.000300524 0.957121 0.000687698
0.96759 0.000310531 0.956617 0.000627744
0.967508 0.000343468 0.956833 0.000591066
0.967535 0.000220718 0.956599 0.000432181
0.967382 0.000209723 0.957264 0.000629353
0.96736 0.000220466 0.956868 0.00061957
0.967348 0.000211768 0.956901 0.000376869
0.967702 0.000429104 0.95711 0.000760412
0.967545 0.000272211 0.956948 0.000643275
0.967493 0.000226853 0.956768 0.000868995
0.967496 0.000236644 0.956911 0.000644746
0.967385 0.000313997 0.95662 0.000695902
0.967585 0.000313452 0.956823 0.00056218
0.967453 0.000317901 0.956767 0.000655893
0.967622 0.000396831 0.957053 0.000691246
0.967309 0.000308139 0.956688 0.000814208
0.967595 0.00029394 0.957189 0.000892485
0.967469 0.000389393 0.956617 0.000639042
0.967552 0.000460832 0.957134 0.00113423
0.967632 0.000241799 0.956667 0.000797248
0.967443 0.000371113 0.957068 0.00061563
0.967632 0.000311158 0.956447 0.000456161
0.967425 0.000337737 0.957263 0.000935001
