0.96819 0.00078881 0.957656 0.000799207
0.968786 0.000877183 0.958177 0.00105258
0.96821 0.000458604 0.957662 0.000446998
0.968497 0.00116294 0.958041 0.00136002
0.968503 0.000793512 0.957944 0.000728758
0.969083 0.00107935 0.958654 0.00124499
0.968472 0.00151305 0.958125 0.0019552
0.968908 0.00175898 0.95876 0.00256237
0.968608 0.000724074 0.958119 0.00081844
0.968273 0.000655459 0.957724 0.000675668
0.96876 0.0013563 0.958494 0.00177094
0.969011 0.00132033 0.958855 0.00199367
0.968961 0.00136874 0.958591 0.00161627
0.968372 0.000614049 0.957867 0.000648083
0.968415 0.000713638 0.958004 0.000799709
0.968265 0.000554582 0.957854 0.000693427
0.968361 0.000399242 0.957917 0.000459884
0.968166 0.000422277 0.957695 0.000400088
0.968065 0.000323787 0.957596 0.000333493
0.968271 0.000686105 0.957867 0.000866872
0.968019 0.000261351 0.957453 0.000364113
0.969041 0.00134974 0.958694 0.00148659
0.968155 0.000353932 0.957657 0.000416337
0.968275 0.000845311 0.957922 0.000849213
0.968967 0.00170864 0.958687 0.00214292
0.968407 0.000669828 0.958226 0.00085562
0.968378 0.00088683 0.958105 0.000917606
0.968476 0.00130637 0.958196 0.0016017
0.968622 0.000998555 0.958251 0.0012065
0.968027 0.000339918 0.957671 0.000413904
0.968689 0.00100821 0.958447 0.00135682
0.96842 0.000964381 0.958161 0.00146661
0.96884 0.000969982 0.958944 0.00130821
0.968771 0.00109887 0.958702 0.00119445
0.96794 0.000688211 0.95783 0.000803854
0.968719 0.00118779 0.958607 0.00141427
0.968416 0.00110554 0.958295 0.00141439
0.968272 0.000982877 0.958079 0.00146755
0.96826 0.00118353 0.958119 0.00167196
0.968185 0.000452847 0.958023 0.000550006
0.968055 0.000383963 0.957885 0.000474639
0.968353 0.000733496 0.958269 0.000962365
0.968436 0.000841639 0.958276 0.00115237
0.968273 0.000795205 0.957875 0.000637504
0.968304 0.000603947 0.958209 0.000879672
0.968545 0.000747404 0.958497 0.00127593
0.968247 0.000233493 0.957747 0.000464978
0.968452 0.000852513 0.958375 0.00154747
0.968354 0.000613571 0.958475 0.000622957
0.968129 0.000394291 0.958025 0.000692138
0.968126 0.000967821 0.958345 0.00138419
0.968118 0.00037873 0.957853 0.000577302
0.968707 0.0017048 0.958681 0.00196129
0.968288 0.000407065 0.957997 0.000636021
0.96846 0.000669121 0.958435 0.00068007
0.968081 0.000316644 0.957593 0.000350494
0.968014 0.00053125 0.957738 0.000650748
0.968311 0.000566839 0.958178 0.000453698
0.968337 0.000533701 0.957949 0.000655133
0.968253 0.000587509 0.958172 0.000940217
0.967811 0.000302797 0.957718 0.000542082
0.968291 0.000618357 0.958171 0.000970409
0.968067 0.000424818 0.958133 0.00080115
0.968093 0.000399185 0.958283 0.000603995
0.968071 0.000524434 0.958158 0.000889174
0.968246 0.000546938 0.95851 0.000938004
0.9684 0.000742165 0.958259 0.000622906
0.968361 0.000898936 0.95829 0.00132116
0.968284 0.000552768 0.958331 0.0010674
0.968202 0.000484674 0.958292 0.000994928
0.968144 0.00071189 0.958516 0.000844406
0.968799 0.00118928 0.958391 0.00170882
0.968144 0.000442411 0.958107 0.000778584
0.968171 0.000527163 0.957854 0.000670113
0.968353 0.000456672 0.958442 0.000533073
0.968048 0.000563041 0.958075 0.000681183
0.968205 0.00047832 0.958457 0.00112714
0.968435 0.000365644 0.958067 0.000702502
0.968608 0.000616074 0.958167 0.0010403
0.968388 0.000650806 0.958026 0.000911138
