0.810232 0.000432508 0.795421 0.000562115
0.809787 0.000300938 0.795196 0.000409291
0.810015 0.000457005 0.795437 0.000482697
0.809862 0.000204476 0.795002 0.000593327
0.809762 0.000308643 0.795323 0.000699322
0.81006 0.000624563 0.795434 0.000675938
0.809967 0.000302718 0.795359 0.000310982
0.809993 0.000567404 0.795144 0.00028764
0.810168 0.000644188 0.795583 0.000634964
0.809939 0.000357693 0.795526 0.000744885
0.810189 0.000435364 0.795175 0.000446061
0.809826 0.000382197 0.795071 0.000391878
0.809929 0.00039256 0.795514 0.000506764
0.810197 0.000599646 0.795404 0.000739829
0.809852 0.000376557 0.795285 0.0003433
0.810061 0.000596205 0.795534 0.00079156
0.810227 0.000791236 0.795642 0.0010301
0.810278 0.000451847 0.795226 0.000498294
0.81005 0.000645877 0.795916 0.000647392
0.810064 0.000459274 0.795345 0.000631217
0.810144 0.000386173 0.795657 0.000455055
0.81035 0.000475893 0.795358 0.000444739
0.810127 0.000379985 0.795204 0.000287225
0.810338 0.000399233 0.795834 0.000650635
0.810241 0.000592549 0.795514 0.000608749
0.810334 0.000468645 0.795611 0.000488752
0.810317 0.000558546 0.795715 0.000559146
0.810191 0.000426886 0.795344 0.00037116
0.810217 0.000449187 0.79541 0.000649703
0.810162 0.00049119 0.795491 0.000598456
0.810501 0.000604518 0.795586 0.000847368
0.810261 0.000725997 0.795861 0.000469718
0.810349 0.000529446 0.795366 0.000278228
0.810263 0.000482443 0.79571 0.000440679
0.810412 0.000627911 0.795555 0.000439466
0.810077 0.000632384 0.795639 0.000468975
0.810602 0.000402554 0.795553 0.000402402
0.810392 0.000349872 0.795979 0.000988018
0.810617 0.000578405 0.795585 0.000738886
0.810547 0.000423932 0.795918 0.00135584
0.81014 0.000471003 0.795386 0.000522169
0.810297 0.000609737 0.79559 0.000544915
0.810466 0.000600043 0.795983 0.00112402
0.810388 0.000588618 0.795467 0.00042444
0.810656 0.000268826 0.795367 0.000554819
0.810389 0.000654468 0.79582 0.000889375
0.810823 0.000549986 0.795614 0.000939697
0.810631 0.000423221 0.795959 0.000689856
0.81004 0.000547875 0.795261 0.000557948
0.810523 0.000532383 0.795459 0.000768479
0.810274 0.000565794 0.795726 0.0005298
0.81042 0.000378007 0.79589 0.00056018
0.810525 0.000556115 0.795734 0.000661804
0.810483 0.000522666 0.795558 0.000509863
0.810693 0.00053791 0.795964 0.000799401
0.810565 0.000796884 0.796101 0.000711486
0.81072 0.000474497 0.795694 0.000667161
0.81066 0.000620745 0.796613 0.000833905
0.810642 0.000561898 0.795808 0.00047388
0.810603 0.000303198 0.795576 0.000483617
0.810595 0.00055486 0.795437 0.000798134
0.810937 0.000913055 0.79603 0.000603587
0.810244 0.000610339 0.795953 0.000938327
0.810812 0.000693297 0.795765 0.000583759
0.810386 0.00073442 0.795842 0.000556843
0.810658 0.000537457 0.796098 0.000805843
0.810596 0.000654063 0.796094 0.000629251
0.810377 0.000931232 0.795879 0.000923062
0.810402 0.000382826 0.795417 0.000891749
0.810637 0.000663031 0.796271 0.000703621
0.810135 0.000624575 0.795462 0.000725762
0.810995 0.000523004 0.795972 0.000525503
0.810727 0.000641815 0.795868 0.000794969
0.81013 0.000456444 0.795713 0.000527644
0.810525 0.000545231 0.796302 0.000751724
0.810885 0.000549459 0.79584 0.00049357
0.810481 0.00107636 0.796111 0.000850314
0.8105 0.00107083 0.796354 0.000848257
0.81089 0.000739078 0.795721 0.00103316
0.810329 0.000460125 0.795684 0.00108852
