0.96746 0.00020987 0.957439 0.000291345
0.96735 0.000265274 0.957271 0.000227185
0.967261 0.0001415 0.957134 0.000200787
0.967509 0.000369834 0.957447 0.000329423
0.967387 0.000135694 0.957331 0.000204661
0.967268 0.000339414 0.957404 0.000252275
0.967521 0.000250968 0.957339 0.000278468
0.967327 0.000266792 0.957296 0.000278578
0.967338 0.000177505 0.957359 0.00016041
0.967351 0.000172477 0.957292 0.00032368
0.967408 0.000328863 0.957315 0.000356273
0.967562 0.000556592 0.957351 0.000540879
0.967299 0.00018487 0.957289 0.000296043
0.967483 0.000472826 0.95733 0.00044455
0.96741 0.000172417 0.957381 0.000249273
0.967571 0.000494656 0.957504 0.000551393
0.967549 0.000739501 0.957464 0.000842158
0.967341 0.000187071 0.957497 0.000268544
0.967279 0.000218842 0.957324 0.000306239
0.967369 8.07911e-05 0.957386 0.0002815
0.967284 0.000309304 0.957516 0.000384722
0.967322 0.000202607 0.957586 0.000351674
0.967731 0.000600171 0.957792 0.000780602
0.96737 0.000173238 0.957331 0.000301513
0.967182 0.000229179 0.957387 0.000313932
0.967464 0.0001503 0.9573 0.000318138
0.967317 0.000217833 0.957347 0.000254769
0.967256 0.000326395 0.957517 0.000621804
0.967299 0.000248726 0.957215 0.000270525
0.967376 0.000284133 0.957206 0.000282328
0.967275 0.000275243 0.957434 0.000369889
0.967383 0.000275624 0.957279 0.000391463
0.967228 0.000276327 0.957379 0.000316352
0.967473 0.000237784 0.957345 0.000450978
0.967496 0.00026767 0.957406 0.000409696
0.967566 0.000224604 0.95739 0.000476372
0.967364 0.000439452 0.957565 0.000645782
0.967387 0.000446969 0.957398 0.000371988
0.967196 0.000314778 0.957458 0.000410431
0.967508 0.000276453 0.95728 0.000586153
0.967465 0.000297228 0.957381 0.000490095
0.967528 0.000261562 0.957383 0.000448448
0.967417 0.000372132 0.957394 0.00028552
0.967411 0.000326178 0.95715 0.000405155
0.967412 0.000187603 0.957275 0.000178539
0.967571 0.000246754 0.95755 0.000537785
0.967468 0.000307436 0.957364 0.000457195
0.967561 0.000401732 0.957586 0.000530483
0.967627 0.000422876 0.957513 0.000687382
0.967565 0.000243863 0.957509 0.000435397
0.967551 0.000375673 0.957306 0.000449595
0.96735 0.000342819 0.957283 0.00057013
0.967518 0.000434642 0.957311 0.000561809
0.967707 0.000304627 0.957341 0.000380933
0.967484 0.00048667 0.957291 0.000593167
0.967592 0.000444871 0.957381 0.000469353
0.967477 0.00027767 0.957134 0.00033286
0.967626 0.000305754 0.957738 0.000769279
0.967765 0.000363852 0.957223 0.000479418
0.967481 0.000334257 0.95718 0.000351859
0.967748 0.000253323 0.957396 0.000554919
0.967638 0.000265865 0.957404 0.000660636
0.96764 0.000524423 0.957584 0.000545384
0.967672 0.000385976 0.956986 0.000389964
0.967687 0.000275596 0.957044 0.000322351
0.967666 0.000316445 0.956941 0.000529577
0.967554 0.000419703 0.957256 0.000514137
0.967602 0.000295616 0.957428 0.000519647
0.967575 0.000513479 0.957409 0.000582938
0.96784 0.000263256 0.957167 0.00044334
0.967781 0.000238174 0.957209 0.00043347
0.967855 0.000213623 0.956867 0.000223097
0.967834 0.000246039 0.957055 0.000525603
0.967852 0.000357022 0.957121 0.000657455
0.967793 0.000286172 0.95726 0.000395869
0.967823 0.000428307 0.957304 0.000490096
0.967927 0.000355168 0.957018 0.000568637
0.96785 0.000237906 0.95703 0.000340217
0.96775 0.000381544 0.956931 0.000399638
0.967585 0.00043277 0.957134 0.000470322
