0.967743 0.000575758 0.957508 0.00047382
0.967651 0.000747322 0.957566 0.000810154
0.967656 0.000481254 0.957553 0.000410558
0.968295 0.00163317 0.958224 0.00187082
0.967341 0.000425988 0.957247 0.000340063
0.967682 0.00136095 0.957773 0.00144263
0.967766 0.000544153 0.957546 0.000448608
0.967472 0.000393674 0.957421 0.000306138
0.968153 0.00119972 0.957955 0.00116047
0.967499 0.000510861 0.957353 0.000265728
0.967389 0.000381345 0.957408 0.00041024
0.967431 0.000316704 0.957397 0.00020947
0.967407 0.00032525 0.957367 0.00044278
0.967546 0.000589564 0.957463 0.000587992
0.967487 0.00038073 0.957432 0.000416948
0.967302 0.000335989 0.957343 0.000390428
0.967505 0.000521698 0.95746 0.000329988
0.967324 0.000365959 0.957418 0.000361585
0.96723 0.000276606 0.957336 0.00029402
0.967395 0.00017394 0.957378 0.000267778
0.967411 0.000222515 0.957409 0.000354391
0.967447 0.000393275 0.957259 0.000324674
0.96755 0.00060086 0.957493 0.000494783
0.967495 0.00041699 0.957628 0.00049914
0.967738 0.000315251 0.957616 0.000271846
0.967398 0.000166001 0.957271 0.000286968
0.967385 0.000235854 0.957375 0.000397213
0.967868 0.00166579 0.957957 0.00202992
0.96729 0.000209476 0.957145 0.000246756
0.968045 0.00102409 0.957959 0.000928317
0.967434 0.000362379 0.957434 0.000427369
0.967385 0.000229213 0.957231 0.000433899
0.967329 0.000252552 0.957583 0.000258619
0.967647 0.000614288 0.957497 0.000605575
0.967535 0.000185696 0.957611 0.000516985
0.967529 0.000361214 0.957549 0.000540363
0.967554 0.000354397 0.957557 0.000624461
0.967642 0.000362283 0.957769 0.000474414
0.967459 0.000342182 0.957556 0.000588626
0.967518 0.000218858 0.957538 0.000629738
0.967631 0.000404765 0.957521 0.000601864
0.967352 0.000225946 0.957277 0.000457386
0.967466 0.000421136 0.9576 0.000535561
0.967491 0.000257089 0.957479 0.000456368
0.967607 0.000440502 0.95741 0.000862598
0.967696 0.000449372 0.957963 0.00071535
0.967764 0.000552823 0.958062 0.00070473
0.967531 0.000178077 0.95707 0.000242415
0.967494 0.000283045 0.957205 0.000556045
0.967813 0.000681048 0.957654 0.000776449
0.967564 0.000229526 0.957417 0.000497154
0.967625 0.000384531 0.957416 0.000570664
0.967646 0.000282587 0.957654 0.000467905
0.967881 0.000364163 0.957775 0.000820609
0.967751 0.000469942 0.957887 0.000659553
0.967608 0.000152736 0.957535 0.000464304
0.967766 0.000306091 0.957462 0.000705666
0.967488 0.000473141 0.957531 0.000557066
0.967572 0.000243319 0.957401 0.000655862
0.967513 0.000251247 0.957415 0.000747486
0.967762 0.00034153 0.957769 0.000583936
0.967663 0.000319027 0.957017 0.000241668
0.967843 0.000433215 0.957916 0.000499388
0.967722 0.00033895 0.957506 0.000605592
0.967828 0.000265582 0.957427 0.000358309
0.967567 0.000444437 0.957251 0.000662484
0.967611 0.00025373 0.957939 0.00086476
0.96776 0.000502236 0.957386 0.000667717
0.967847 0.000428716 0.957452 0.000737412
0.967748 0.000436673 0.957647 0.00103377
0.96769 0.000327469 0.957614 0.000968757
0.967799 0.000307274 0.957511 0.000941644
0.967961 0.00047271 0.957434 0.000950136
0.967611 0.000323942 0.957532 0.000879765
0.967718 0.000354271 0.957233 0.000352434
0.967829 0.000385898 0.957457 0.000599423
0.967622 0.000403177 0.957344 0.000670527
0.967885 0.000299157 0.957359 0.000712859
0.967651 0.000376534 0.957408 0.000608165
0.967932 0.000432249 0.957324 0.00074636
