0.803659 6.37559e-05 0.790124 6.98979e-05
0.803311 0.000493495 0.789683 0.000438317
0.802759 0.000556117 0.789201 0.00047538
0.802791 0.000519254 0.789223 0.000432972
0.802518 0.000416906 0.788999 0.000329859
0.802392 0.000380657 0.788897 0.000303181
0.802423 0.000202851 0.788884 0.000139822
0.802298 0.000114804 0.788789 7.60788e-05
0.802267 8.5531e-05 0.788747 6.49733e-05
0.802213 8.93391e-05 0.788666 9.1422e-05
0.80203 0.000199291 0.788482 0.000208389
0.801944 0.000266125 0.788402 0.000263125
0.801763 0.000353032 0.78821 0.000374291
0.801428 0.000409356 0.787784 0.000472787
0.801222 0.000424205 0.78755 0.000484189
0.801046 0.000394743 0.787289 0.000486755
0.800952 0.000396538 0.787192 0.000475282
0.801049 0.000519323 0.787297 0.000605053
0.800693 0.000149689 0.786801 0.000214825
0.800816 0.000363378 0.786981 0.000441975
0.800606 6.73018e-05 0.786649 0.000129572
0.800561 8.38358e-05 0.786601 0.000141456
0.800436 0.000133472 0.78633 0.000197006
0.80038 0.00015353 0.786269 0.000271621
0.800261 0.000176212 0.786097 0.000333678
0.800124 0.000231037 0.785864 0.00038587
0.799987 0.000253433 0.785652 0.000436984
0.799693 0.000298284 0.78516 0.000533087
0.799624 0.0003108 0.784883 0.000564922
0.79943 0.000266642 0.784628 0.000572141
0.79925 0.000197277 0.78427 0.000461172
0.799128 0.000214598 0.783933 0.00039629
0.798838 0.000132895 0.78343 0.000348683
0.798785 0.000181391 0.78325 0.000318199
0.798483 0.000279145 0.782899 0.000362091
0.798297 0.000416683 0.782543 0.000417636
0.797736 0.000674731 0.781854 0.000710781
0.797254 0.00071267 0.78132 0.000742469
0.797404 0.000650733 0.78162 0.000733273
0.795602 0.000930416 0.779677 0.00102651
0.793746 0.0012189 0.778014 0.000878261
0.793329 0.00094921 0.777527 0.000645015
0.794319 0.00115165 0.77832 0.00107469
0.791699 0.00218899 0.775923 0.00165636
0.791875 0.00179422 0.775634 0.0015834
0.789391 0.00244082 0.773406 0.00215981
0.786259 0.00265296 0.770679 0.00229445
0.784329 0.00225193 0.769058 0.00205024
0.782797 0.00300314 0.767325 0.00274233
0.777549 0.00370871 0.762632 0.00317147
0.777775 0.00347954 0.762829 0.00295001
0.770231 0.00255335 0.755548 0.00182164
0.769198 0.0044843 0.754863 0.00413306
0.764503 0.00308624 0.749883 0.00300068
0.757943 0.00502994 0.743933 0.00509833
0.755196 0.00478559 0.741013 0.00486716
0.74723 0.0026466 0.733614 0.0026995
0.747729 0.00289655 0.734006 0.00304708
0.740519 0.00409399 0.727336 0.00413516
0.735564 0.00312911 0.721385 0.00314345
0.731684 0.00305444 0.717124 0.00327595
0.729494 0.00296342 0.714726 0.00347558
0.725553 0.00164881 0.710457 0.00218338
0.723487 0.000701388 0.708163 0.000937349
0.723066 0.000934058 0.707127 0.000773726
0.722808 0.00101249 0.707076 0.00115036
0.721694 0.000528289 0.705785 0.000571522
0.721609 0.000533383 0.705406 0.000514659
0.720891 0.000664598 0.704934 0.000489808
0.720949 0.000805624 0.704883 0.000538844
0.720515 0.000661317 0.704574 0.000460657
0.719781 0.000671853 0.703965 0.000588595
0.719039 0.000749328 0.703405 0.000581679
0.719002 0.000582572 0.703158 0.000560994
0.718879 0.000816423 0.702918 0.000758564
0.717505 0.00105267 0.701726 0.000973334
0.717188 0.00133894 0.701131 0.000906061
0.716312 0.00095508 0.700301 0.000943897
0.714917 0.00200989 0.69862 0.00164756
0.713374 0.00144659 0.697245 0.00134772
