0.96385 0.000248934 0.955285 0.000228801
0.963616 0.000160067 0.955144 0.000126623
0.963525 4.99752e-05 0.95509 6.61594e-05
0.963495 8.99778e-05 0.955047 4.22418e-05
0.963591 0.000344004 0.955151 0.000300155
0.963542 0.000142701 0.955071 0.000118479
0.963525 0.000173694 0.955036 9.80684e-05
0.963442 0.000161747 0.954985 0.000110907
0.963699 0.000467192 0.955194 0.000492036
0.963554 0.000367464 0.955084 0.000356767
0.963442 0.000107647 0.954936 8.09882e-05
0.963453 0.00030235 0.955002 0.000276873
0.963426 0.000170443 0.954903 0.000147915
0.963441 0.000176007 0.95489 0.000154643
0.963262 0.000186195 0.954717 0.000166133
0.963503 0.00025154 0.954921 0.000159248
0.963343 0.000270635 0.954749 0.000258957
0.963317 0.000243478 0.954751 0.000260581
0.963256 0.000199571 0.954609 0.00023295
0.963338 0.00021213 0.954712 0.000229731
0.963138 0.000362238 0.954504 0.000351944
0.963247 0.000324436 0.954684 0.000290113
0.963056 0.000214762 0.954373 0.000255548
0.963202 0.000307905 0.954519 0.000327744
0.963243 0.000261629 0.95453 0.000335128
0.963157 0.000245402 0.954412 0.000360296
0.96317 0.000263685 0.954443 0.000297281
0.962913 0.000194734 0.95414 0.000276739
0.963041 0.000240901 0.954246 0.000363296
0.963071 0.000501719 0.954228 0.000503124
0.963029 0.000299135 0.954214 0.000353504
0.962941 0.000290118 0.954087 0.000433983
0.963229 0.000342208 0.954354 0.000431482
0.962941 0.000215204 0.953958 0.00027971
0.96302 0.000535993 0.954091 0.000535683
0.962874 0.000260814 0.954022 0.000288675
0.962864 0.00014286 0.953857 0.000269018
0.962973 0.000360564 0.954045 0.00049466
0.963009 0.000265727 0.954141 0.000302715
0.962943 0.000345975 0.953938 0.000348421
0.962814 0.000251069 0.953845 0.000353259
0.962881 0.00031321 0.95396 0.000354887
0.962843 0.000386274 0.953814 0.000453342
0.962179 0.000985804 0.952994 0.0011455
0.961844 0.00120347 0.952777 0.00142216
0.962242 0.000854491 0.953173 0.000902663
0.962194 0.0011915 0.953163 0.00132495
0.962481 0.000580708 0.953349 0.000731577
0.961656 0.00150714 0.952603 0.00145957
0.961244 0.00202766 0.952136 0.00207791
0.961931 0.00125525 0.952832 0.00131685
0.961678 0.0019249 0.952685 0.00195068
0.961858 0.0015448 0.952902 0.00151151
0.960787 0.00207601 0.951528 0.00229452
0.961428 0.00163645 0.952387 0.00166281
0.959978 0.00169485 0.950419 0.00177063
0.96101 0.00180165 0.951899 0.00182883
0.95996 0.00243937 0.950556 0.00274282
0.960212 0.00214862 0.951054 0.00227563
0.960229 0.00226135 0.951117 0.00242464
0.959982 0.00212328 0.950613 0.0024049
0.95911 0.00141178 0.949699 0.00144428
0.958832 0.00152636 0.949238 0.00160719
0.959822 0.0013356 0.950469 0.001294
0.959048 0.0015983 0.949611 0.00157245
0.958737 0.00179506 0.949392 0.00190655
0.958534 0.00174917 0.949032 0.00189825
0.959428 0.00172536 0.949977 0.00204446
0.958224 0.00127478 0.948781 0.00170211
0.95865 0.00143419 0.949213 0.00189206
0.957993 0.00167598 0.948454 0.0016057
0.95827 0.000648959 0.948819 0.000710078
0.957852 0.000973324 0.948335 0.00158089
0.957777 0.00119285 0.947942 0.00161956
0.9581 0.00105182 0.948541 0.00137123
0.958064 0.000953173 0.948546 0.000962659
0.957196 0.00123016 0.947299 0.0018208
0.957967 0.00128839 0.948264 0.00166962
0.958289 0.00159419 0.948781 0.00200226
0.957827 0.00159874 0.948205 0.00205458
