0.967744 0.000228397 0.957516 0.000374764
0.967764 0.000462183 0.957484 0.000519811
0.967774 0.000293404 0.957485 0.000297662
0.967674 0.000292876 0.957218 0.000243983
0.967842 0.000228487 0.95752 0.000249006
0.967632 0.000299361 0.957324 0.000365878
0.967775 0.000339424 0.957501 0.000337772
0.967705 0.000321234 0.957432 0.000297069
0.967837 0.000335932 0.957543 0.000375964
0.967622 0.000223001 0.957434 0.000215323
0.967834 0.000302113 0.957538 0.000365592
0.967717 0.000148915 0.957444 0.000170587
0.967965 0.000563953 0.957717 0.000588728
0.967609 0.000225241 0.957436 0.000254544
0.967598 0.000190093 0.957423 0.000390421
0.967645 0.000358999 0.957574 0.000326129
0.967731 0.000174484 0.95744 0.000207249
0.967523 0.000214746 0.957356 0.000304154
0.967605 0.000132181 0.957318 0.0002896
0.967739 0.000400481 0.957686 0.000491414
0.96754 0.000113187 0.957329 0.000216866
0.967729 0.000253627 0.957433 0.000287909
0.967781 0.000342875 0.957661 0.000321673
0.967814 0.000266853 0.957654 0.000357324
0.967851 0.000358022 0.957859 0.000360692
0.967733 0.000296703 0.957556 0.00038935
0.967825 0.000480426 0.957574 0.000573166
0.967723 0.000293551 0.957662 0.000363381
0.967882 0.000366588 0.957869 0.000287934
0.967621 0.000342729 0.95767 0.000370562
0.967602 0.000207881 0.957559 0.000376589
0.967549 0.00031446 0.9575 0.000305529
0.967942 0.000700441 0.958197 0.000776937
0.967639 0.000414486 0.957542 0.000247377
0.96768 0.00019897 0.957622 0.0003768
0.967585 0.000176585 0.957305 0.000296596
0.967727 0.00041902 0.957688 0.000492909
0.967782 0.000306459 0.957555 0.000221937
0.967486 0.000388735 0.957663 0.000365897
0.96758 0.000280172 0.95762 0.000335154
0.967686 0.000331232 0.957426 0.000256728
0.96768 0.000388466 0.9575 0.000769353
0.967726 0.000235289 0.957654 0.000399272
0.967592 0.00052549 0.957803 0.000419711
0.96788 0.000413009 0.95786 0.000468953
0.967741 0.000220721 0.957636 0.000439685
0.96769 0.000426118 0.957888 0.000504677
0.967661 0.000260357 0.957811 0.000253305
0.967625 0.00044934 0.957732 0.000729167
0.968017 0.000375542 0.957404 0.00053615
0.96774 0.000582977 0.957894 0.00081378
0.967838 0.000319661 0.957585 0.00040782
0.96767 0.000171721 0.957349 0.000405216
0.967794 0.000280551 0.957762 0.000438462
0.967902 0.000387544 0.957543 0.000703458
0.967609 0.000331138 0.957552 0.000533697
0.967786 0.000307216 0.957775 0.000669216
0.96754 0.000296754 0.957486 0.00054391
0.967768 0.000324107 0.957821 0.000584554
0.967743 0.000386432 0.957662 0.000454565
0.967854 0.000363845 0.957424 0.000320783
0.96749 0.000281312 0.957589 0.000257211
0.967974 0.000380163 0.957981 0.00063863
0.967718 0.000347418 0.957715 0.000664591
0.967631 0.000203326 0.957736 0.000382693
0.967712 0.000472576 0.957829 0.000429326
0.967967 0.00045303 0.957701 0.000687946
0.96803 0.000497906 0.957737 0.000767341
0.967825 0.000304881 0.957426 0.00033374
0.967899 0.000367597 0.957411 0.000569349
0.967963 0.000302797 0.957651 0.000884514
0.967806 0.000485188 0.95761 0.000371005
0.96776 0.000367519 0.957907 0.000681754
0.96758 0.000533686 0.957693 0.000450565
0.967718 0.000474946 0.95761 0.000541923
0.967671 0.000339402 0.957195 0.000534301
0.96795 0.000387412 0.957376 0.000755187
0.968011 0.000401881 0.957782 0.000662804
0.967957 0.000280024 0.957666 0.000670578
0.967955 0.000366297 0.957252 0.000769926
