0.809019 0.000472366 0.793326 0.000517607
0.80903 0.000559711 0.793569 0.000837487
0.809017 0.000604005 0.793545 0.00105397
0.808906 0.000558207 0.793338 0.000551089
0.808583 0.00028479 0.79328 0.000385336
0.808647 0.000397385 0.793103 0.000369462
0.809036 0.000572004 0.793686 0.000773187
0.808977 0.000475085 0.793323 0.000915565
0.809171 0.000488871 0.793468 0.000544482
0.808788 0.000348123 0.793311 0.000970324
0.808864 0.000439825 0.793102 0.000394321
0.808837 0.000598607 0.793345 0.000671834
0.809031 0.000560559 0.793042 0.000406678
0.808849 0.00056668 0.793359 0.000526575
0.808876 0.00052043 0.79319 0.000644211
0.809008 0.000427562 0.793091 0.000420345
0.808665 0.000519977 0.792965 0.000425458
0.808952 0.000302166 0.793036 0.000558828
0.809047 0.000516102 0.793297 0.000752889
0.808746 0.000383472 0.793087 0.000241031
0.808904 0.000581446 0.793109 0.000756441
0.808718 0.000279647 0.792948 0.000357448
0.808875 0.000261367 0.792908 0.000286998
0.808698 0.000306534 0.792907 0.000313448
0.808786 0.00034584 0.79279 0.000389669
0.808766 0.000419235 0.793045 0.000462091
0.808832 0.000423463 0.792987 0.000313768
0.80878 0.00025121 0.792765 0.000508269
0.808942 0.000325284 0.792854 0.000318235
0.808989 0.000413734 0.793025 0.000401894
0.80914 0.000490319 0.792911 0.000437579
0.808849 0.000218672 0.792803 0.000172269
0.80886 0.000257272 0.792715 0.000298268
0.809011 0.000363181 0.792941 0.000453972
0.808538 0.000482428 0.792838 0.000394466
0.808674 0.000434257 0.792684 0.000353965
0.808786 0.00045079 0.792837 0.000386966
0.808988 0.000319111 0.792801 0.000339687
0.808816 0.000415792 0.792906 0.000483878
0.809084 0.000318922 0.792832 0.000228914
0.808707 0.000259133 0.792841 0.000361642
0.808957 0.000376406 0.792833 0.0003399
0.808613 0.000318694 0.792813 0.000494308
0.808657 0.000461895 0.792732 0.000241571
0.808713 0.000358593 0.792549 0.000158186
0.808681 0.000541563 0.79289 0.000302242
0.808842 0.000314694 0.792649 0.000319773
0.809061 0.000549522 0.792867 0.000701023
0.808888 0.000329833 0.792526 0.000142946
0.808739 0.000281492 0.792527 0.000211449
0.808823 0.000365343 0.792555 0.000256849
0.808748 0.000268171 0.792485 0.000370199
0.808695 0.000246252 0.792442 0.000211016
0.808805 0.00034302 0.792514 0.000355806
0.808833 0.00043799 0.792697 0.00028896
0.808615 0.000375019 0.792465 0.000277554
0.808696 0.000190038 0.792485 0.000321751
0.808662 0.000268126 0.792561 0.000272751
0.80881 0.000295903 0.792545 0.000322246
0.808689 0.000228773 0.792659 0.00028862
0.808793 0.000311544 0.79271 0.000416998
0.808896 0.000422731 0.792575 0.000298619
0.808676 0.000471914 0.792597 0.000560746
0.808523 0.000234498 0.792639 0.000376444
0.808807 0.000307903 0.792437 0.000301438
0.808791 0.00039406 0.792717 0.000439804
0.808629 0.000382855 0.792393 0.000409984
0.808592 0.000355134 0.792488 0.000322908
0.808636 0.000322559 0.792488 0.000340872
0.808622 0.000276911 0.792435 0.000253579
0.808779 0.000394986 0.792434 0.000290511
0.808738 0.00039511 0.792554 0.000274936
0.808533 0.000276595 0.792663 0.000279474
0.808766 0.000298912 0.792467 0.000188807
0.808642 0.000363749 0.792419 0.000366689
0.808739 0.000319502 0.792381 0.000274695
0.808593 0.000251762 0.792422 0.000223169
0.808596 0.000591926 0.792818 0.000547168
0.808714 0.000446038 0.792604 0.000278671
0.808589 0.000526649 0.792583 0.00050015
