0.950089 0.00249907 0.940582 0.0024156
0.944559 0.00845749 0.935366 0.00801927
0.933977 0.00795683 0.925159 0.00767266
0.935415 0.00970947 0.926532 0.00929956
0.931036 0.00709679 0.922344 0.00674957
0.928044 0.00232363 0.919589 0.00241298
0.928615 0.00540846 0.919985 0.00513224
0.925615 0.00145239 0.917149 0.00140509
0.921725 0.00364995 0.913503 0.00348844
0.918699 0.00409957 0.9105 0.00394336
0.915522 0.00867949 0.907413 0.00827971
0.902643 0.0173512 0.895139 0.0167163
0.889345 0.0151627 0.882342 0.0145312
0.883863 0.02153 0.877183 0.0204873
0.873836 0.0204941 0.867607 0.0195934
0.868721 0.019981 0.862517 0.0190447
0.856499 0.0104901 0.85101 0.00998456
0.856067 0.0100892 0.85075 0.00955569
0.854504 0.00803088 0.849131 0.00744402
0.84933 0.00241716 0.844407 0.00217724
0.848144 0.000409956 0.843419 0.000320736
0.84785 0.000109526 0.843256 0.000168813
0.847858 0.000191239 0.843147 0.00012583
0.847833 0.000198362 0.84319 0.000141237
0.847775 9.60276e-05 0.843124 0.000106861
0.847769 7.24184e-05 0.843134 0.000107915
0.847785 0.000156277 0.843115 7.11448e-05
0.847737 5.75579e-05 0.843123 0.000101753
0.847753 6.59505e-05 0.843073 1.82817e-05
0.847746 2.62253e-05 0.843075 4.62685e-05
0.847734 2.68723e-05 0.843044 2.23623e-05
0.84773 2.38881e-05 0.843045 2.16896e-05
0.847742 3.47719e-05 0.843042 2.54842e-05
0.84776 1.68713e-05 0.843057 2.99299e-05
0.847755 2.79858e-05 0.843013 1.95143e-05
0.847757 1.86784e-05 0.84302 2.7541e-05
0.847759 2.19377e-05 0.842991 3.0828e-05
0.847764 1.78976e-05 0.842972 4.48369e-05
0.847742 3.11948e-05 0.842908 4.21515e-05
0.84772 3.6527e-05 0.842857 5.29821e-05
0.8477 3.17163e-05 0.842779 4.56503e-05
0.847675 3.90612e-05 0.842714 8.91107e-05
0.847642 6.71963e-05 0.842611 9.32911e-05
0.847583 5.60758e-05 0.84245 7.55815e-05
0.847449 7.13869e-05 0.842287 9.96194e-05
0.847487 7.95369e-05 0.842253 0.000100087
0.847275 0.000221813 0.842025 0.000224862
0.847136 0.000183738 0.841878 0.000187006
0.846766 0.00022205 0.841568 0.000205325
0.846441 0.000256245 0.84129 0.000223842
0.845894 0.000226901 0.840808 0.000211408
0.845404 0.000372634 0.840361 0.00032519
0.844939 0.000374316 0.839912 0.000338739
0.844411 0.000376411 0.839386 0.000334992
0.843669 0.000416127 0.838575 0.000427912
0.84302 0.000134988 0.837855 0.000158653
0.842636 0.000398807 0.837367 0.000482914
0.841922 0.00051926 0.836382 0.000670919
0.841486 0.000352712 0.835666 0.00042416
0.840663 0.000607805 0.834416 0.000865519
0.840152 0.000537535 0.833645 0.000811759
0.839018 0.000611187 0.831928 0.000938073
0.837461 0.000843658 0.829754 0.00110636
0.835429 0.00107172 0.827077 0.00146552
0.833871 0.00136003 0.825146 0.00184493
0.831282 0.00127939 0.822029 0.00154641
0.828826 0.00110395 0.819065 0.00117055
0.826857 0.000972241 0.816971 0.00124054
0.825115 0.000698022 0.814704 0.000618309
0.823669 0.000439908 0.813035 0.00048675
0.822782 0.000283088 0.812042 0.000256654
0.822389 0.000278581 0.811616 0.000378785
0.821957 0.000159049 0.81098 0.0001475
0.821696 0.00027627 0.810575 0.000346824
0.821354 0.000337237 0.809904 0.000405847
0.820868 0.000156248 0.809206 0.00029795
0.820623 0.000313777 0.808745 0.000347394
0.819899 0.000329279 0.807803 0.000346162
0.819004 0.00051027 0.806876 0.000483345
0.818185 0.000616474 0.806205 0.000515535
