0.808242 0.000246333 0.7934 0.000399603
0.808055 0.000194874 0.793438 0.000254569
0.808043 0.000367778 0.79347 0.000306909
0.80807 0.000263549 0.793508 0.000301117
0.808039 0.000330173 0.793442 0.00042153
0.808267 0.000260963 0.793508 0.000257753
0.808162 0.000277363 0.793378 0.000269989
0.808232 0.000199064 0.793349 0.000239174
0.807916 0.000278328 0.793465 0.000295565
0.808144 0.000317724 0.793255 0.000328641
0.808212 0.000268758 0.793288 0.000276913
0.808062 0.000376435 0.79348 0.000350611
0.808043 0.000359812 0.793468 0.000342479
0.808307 0.00020997 0.793431 0.000327487
0.808179 0.00031614 0.793176 0.000313278
0.808038 0.000323634 0.793504 0.000372507
0.808103 0.000417037 0.793425 0.000358317
0.808059 0.00033942 0.793379 0.000554699
0.808037 0.000442812 0.793467 0.000389551
0.808243 0.000319071 0.793171 0.000271862
0.807869 0.000288053 0.79351 0.000294515
0.808086 0.000284537 0.793358 0.000370074
0.808224 0.000449635 0.793578 0.000198758
0.808139 0.000406746 0.793378 0.000446739
0.808056 0.00040389 0.793144 0.000227621
0.808075 0.000415467 0.793353 0.000301255
0.808323 0.000344229 0.793045 0.00036083
0.808428 0.000407261 0.793183 0.000408218
0.808254 0.000368837 0.79316 0.000420249
0.808117 0.000339437 0.793204 0.000408272
0.807909 0.000514973 0.793482 0.000407766
0.808141 0.00027791 0.793089 0.000285245
0.80819 0.000228535 0.793312 0.000333664
0.807958 0.000575167 0.793315 0.000378354
0.808157 0.000290792 0.793168 0.000371828
0.808162 0.000382136 0.793219 0.000385827
0.807921 0.000604846 0.793358 0.000354011
0.808285 0.000520596 0.793152 0.000321905
0.808037 0.000341843 0.792986 0.000402557
0.808058 0.000415512 0.793116 0.000458302
0.807842 0.000294385 0.793333 0.000439617
0.808166 0.0002665 0.793238 0.000287875
0.808166 0.000291285 0.793115 0.000442905
0.80813 0.000271629 0.793213 0.000273665
0.808034 0.000434377 0.793067 0.000442808
0.808071 0.0003174 0.793366 0.000430837
0.80805 0.000419379 0.793045 0.00041071
0.808029 0.000338202 0.793081 0.000394905
0.807878 0.000269055 0.793138 0.000282844
0.808222 0.000364059 0.793213 0.000264608
0.8082 0.00033413 0.79303 0.000324375
0.808192 0.000247772 0.792997 0.000427315
0.808095 0.000412793 0.793098 0.000294522
0.808027 0.000394636 0.793125 0.000286769
0.808373 0.000318865 0.792878 0.00021092
0.808106 0.000203901 0.793016 0.000664174
0.808119 0.000291882 0.79299 0.000337966
0.808063 0.000356523 0.792619 0.000223658
0.807931 0.000327306 0.792892 0.000345996
0.808129 0.000332709 0.792784 0.000188872
0.807999 0.000460893 0.792941 0.000383829
0.8079 0.00023546 0.792933 0.000431096
0.808057 0.00024072 0.793029 0.000484617
0.808066 0.000266822 0.792855 0.000372273
0.808123 0.000315673 0.792767 0.000492563
0.807794 0.000312132 0.793094 0.000517874
0.808074 0.000312695 0.792929 0.000443711
0.808057 0.00029025 0.792787 0.000364822
0.807937 0.000423332 0.792917 0.000362422
0.808043 0.000567629 0.792998 0.000454071
0.808003 0.000374243 0.79275 0.000306593
0.807959 0.000296469 0.7928 0.000281269
0.807933 0.000208653 0.792755 0.000493939
0.807941 0.000335816 0.792712 0.000425174
0.808111 0.000238663 0.792681 0.000261931
0.807636 0.000221683 0.792975 0.000402828
0.808092 0.000458275 0.792801 0.000284719
0.807903 0.00031034 0.79258 0.000209639
0.807916 0.000375055 0.792941 0.000708591
0.808103 0.000330994 0.792828 0.000492296
