0.958511 0.000532864 0.956117 0.000960428
0.959599 0.000430333 0.956698 0.000556485
0.959729 0.000727683 0.956884 0.000514187
0.959826 0.000688302 0.957171 0.000847816
0.960042 0.000467059 0.957353 0.000555495
0.959713 0.000501727 0.957437 0.000521306
0.959688 0.000333788 0.957668 0.000481316
0.959535 0.000241063 0.957748 0.000668689
0.959893 0.000865292 0.957616 0.000439489
0.959454 0.000580752 0.957719 0.000372028
0.959515 0.000376718 0.957841 0.000427984
0.959711 0.000781435 0.957617 0.000436821
0.959706 0.000566173 0.957801 0.000353331
0.959372 0.000408152 0.958009 0.000279361
0.96002 0.00063192 0.957903 0.000492128
0.959672 0.000757597 0.957994 0.000508102
0.959542 0.000303653 0.958014 0.000540658
0.959448 0.000519619 0.957976 0.000265689
0.959418 0.000681079 0.958102 0.000284439
0.959569 0.000534897 0.95813 0.000319641
0.959696 0.000626723 0.958103 0.000284534
0.959595 0.000551687 0.958143 0.00040962
0.959419 0.000482762 0.958077 0.000214989
0.959305 0.00047464 0.958282 0.000317538
0.95916 0.000715938 0.958249 0.000411459
0.959451 0.000475185 0.958287 0.000158412
0.959661 0.000652206 0.958017 0.000426158
0.959464 0.000532291 0.958126 0.000342446
0.959933 0.000599452 0.958231 0.000449072
0.959675 0.00054918 0.958131 0.000343915
0.959451 0.00062977 0.958325 0.000284866
0.959518 0.000646784 0.958529 0.000223977
0.960005 0.000561082 0.958298 0.000440821
0.959379 0.000574287 0.958401 0.000365555
0.95948 0.000580657 0.958476 0.000387443
0.959912 0.00066295 0.958363 0.000399432
0.95931 0.000511245 0.958346 0.000299961
0.959839 0.000650008 0.958359 0.00038421
0.959597 0.00053302 0.95846 0.000329948
0.959585 0.000710443 0.958558 0.000428102
0.959714 0.000611544 0.958483 0.000346478
0.959357 0.000448389 0.958523 0.000367141
0.960011 0.000593877 0.958449 0.000461591
0.959209 0.000640763 0.958561 0.000396835
0.959498 0.00074114 0.958536 0.000309638
0.959533 0.000567406 0.958723 0.000378646
0.959237 0.000691553 0.95872 0.000302352
0.959601 0.000596718 0.958656 0.000352209
0.959692 0.000482147 0.958579 0.000354764
0.959605 0.000782451 0.958694 0.000259974
0.959924 0.000638581 0.958531 0.000354429
0.959676 0.000735817 0.958557 0.000361807
0.959748 0.000447126 0.958734 0.000262491
0.959688 0.000399479 0.958718 0.000444184
0.959824 0.000637339 0.958623 0.000395532
0.959564 0.000638656 0.95874 0.00011972
0.959637 0.000656005 0.958711 0.000387982
0.959889 0.000703213 0.958674 0.000281828
0.960165 0.000716435 0.958452 0.000325397
0.959962 0.000641819 0.958833 0.000411202
0.959549 0.000321126 0.958904 0.000263061
0.959701 0.000353198 0.958606 0.000314853
0.959732 0.000667469 0.958681 0.000294653
0.959918 0.000792074 0.958636 0.000318798
0.959984 0.000606948 0.958895 0.000341557
0.960079 0.000564729 0.958752 0.000326127
0.959533 0.000725732 0.95893 0.000385163
0.959695 0.000731457 0.958732 0.000379999
0.959742 0.000834815 0.95836 0.000266161
0.960044 0.000667413 0.958646 0.000556967
0.959958 0.000674917 0.958821 0.000424825
0.96 0.000557482 0.958928 0.000211263
0.959967 0.000550756 0.958696 0.000484459
0.959783 0.000682368 0.958867 0.00053972
0.959673 0.000686412 0.958932 0.000358746
0.960187 0.00107035 0.958972 0.000382046
0.960153 0.000512312 0.958549 0.00041979
0.960061 0.00084463 0.958847 0.000395064
0.959797 0.000444162 0.958934 0.00045614
0.959657 0.00058577 0.958931 0.000369477
0.959831 0.000629099 0.959157 0.00023659
0.960073 0.00101741 0.958876 0.000426719
0.960011 0.00066395 0.958908 0.000390035
0.960005 0.00082595 0.958944 0.000482293
0.959789 0.000613005 0.9591 0.000375944
0.959854 0.00076723 0.959412 0.00051025
0.960069 0.000835324 0.958926 0.000235392
0.960162 0.000647882 0.958921 0.000353971
0.96048 0.000579815 0.959089 0.000454213
0.959838 0.000647637 0.959154 0.000371842
0.96035 0.000580477 0.95902 0.000355687
0.959992 0.000567336 0.959331 0.00049439
0.959781 0.000480648 0.959279 0.000400234
0.959991 0.000702168 0.959251 0.000467215
0.959948 0.000604884 0.95915 0.000458855
0.960158 0.000604503 0.95917 0.000372985
0.9602 0.000532269 0.959238 0.000434439
0.96017 0.000730515 0.95927 0.00036413
0.960335 0.000673667 0.959315 0.000448848
0.960386 0.000885326 0.959411 0.000401932
