0.968262 0.000734428 0.957845 0.000950972
0.96831 0.000506734 0.957882 0.000511509
0.968126 0.000698004 0.957681 0.000723894
0.96809 0.000582412 0.957638 0.000637476
0.968499 0.000833443 0.958229 0.00101306
0.968407 0.00082627 0.958053 0.00114073
0.967833 0.000309778 0.957596 0.000364121
0.967933 0.00042748 0.957527 0.000365794
0.968121 0.000555557 0.957748 0.000766841
0.968033 0.000446613 0.957583 0.000498468
0.968404 0.000800199 0.957962 0.00077514
0.967929 0.000389084 0.957564 0.000315156
0.968157 0.000417033 0.957816 0.000621205
0.968034 0.000439907 0.957769 0.000718707
0.968211 0.00061318 0.958015 0.000783962
0.96802 0.000404985 0.957687 0.00045235
0.968055 0.000271918 0.957787 0.000425184
0.967886 0.000285684 0.957497 0.000314257
0.967909 0.00034896 0.957665 0.000437666
0.967885 0.000375369 0.957621 0.000377996
0.96785 0.000310085 0.957744 0.000515901
0.968018 0.000477034 0.957849 0.000570658
0.967823 0.000301331 0.957766 0.000328562
0.967933 0.000314344 0.957754 0.000520758
0.967912 0.000354025 0.957728 0.000371329
0.967844 0.000248889 0.957451 0.000271462
0.967929 0.000292539 0.957792 0.000560494
0.968076 0.000399174 0.957998 0.000683285
0.967771 0.000261276 0.957682 0.000371934
0.968082 0.000575152 0.957726 0.000882234
0.968156 0.000663184 0.958054 0.000842961
0.967826 0.000327612 0.957656 0.000348743
0.967824 0.000244335 0.95746 0.000346764
0.967848 0.000515167 0.957767 0.000707813
0.967952 0.000288193 0.957791 0.000424857
0.968079 0.00029651 0.957911 0.000476199
0.967624 0.000293344 0.957565 0.000285715
0.967921 0.00039289 0.957848 0.0006394
0.967995 0.000481195 0.957889 0.000623561
0.968037 0.000476594 0.958206 0.000642981
0.9676 0.00017536 0.957588 0.000354812
0.968008 0.000867612 0.958116 0.00124932
0.967902 0.000259477 0.957703 0.00035292
0.967706 0.000441811 0.957881 0.000554
0.967731 0.000270123 0.957615 0.000291
0.967891 0.000296519 0.957602 0.000411633
0.967761 0.00043078 0.958117 0.000469012
0.967819 0.00026086 0.957784 0.000306703
0.967937 0.000254147 0.957815 0.000473865
0.967795 0.00035169 0.95795 0.000393517
0.96778 0.000334918 0.958007 0.000605406
0.967971 0.000362843 0.957815 0.000402826
0.967763 0.000485595 0.957837 0.00032893
0.967987 0.000384156 0.958049 0.000620946
0.967889 0.000339649 0.957782 0.00052257
0.96802 0.000480698 0.957746 0.000656254
0.967943 0.000313104 0.957624 0.000347754
0.967939 0.000591161 0.957902 0.000626238
0.967841 0.000573642 0.957942 0.000621015
0.96789 0.000294092 0.957838 0.000469332
0.967883 0.000370135 0.957795 0.000579855
0.967873 0.00034703 0.957685 0.000495454
0.967656 0.000556343 0.957887 0.000363646
0.967754 0.000416284 0.957879 0.000628955
0.967845 0.000255583 0.957563 0.000595685
0.967774 0.000323484 0.957827 0.000712901
0.967886 0.000383453 0.957477 0.000319847
0.968027 0.000462003 0.95812 0.000886708
0.967993 0.000374654 0.957913 0.00040146
0.967845 0.000340582 0.957797 0.000759269
0.967839 0.00041454 0.957674 0.000650291
0.968111 0.000296829 0.957699 0.000524368
0.967825 0.00044846 0.957724 0.000368752
0.967793 0.000504591 0.957739 0.000480136
0.967762 0.000479132 0.957759 0.000638098
0.967802 0.000274761 0.957725 0.000441701
0.967861 0.000430868 0.957732 0.000650285
0.967961 0.000224195 0.957576 0.000645277
0.968208 0.000267096 0.957687 0.000761066
0.967828 0.000397954 0.957715 0.000434692
