0.966957 0.000223215 0.956726 0.000438275
0.967045 0.000295478 0.956855 0.00042423
0.966954 0.000250973 0.956699 0.000307929
0.966905 0.0002609 0.956874 0.00034169
0.966811 0.000343681 0.956762 0.000387344
0.966857 0.000171806 0.956926 0.000399479
0.96693 0.000233338 0.956819 0.000486781
0.967008 0.000219963 0.956849 0.000520294
0.966968 0.000209118 0.956683 0.000511239
0.966793 0.000182909 0.956866 0.000411673
0.966891 0.000272213 0.956664 0.000365527
0.966809 0.000137799 0.956905 0.000371557
0.966829 0.000155024 0.956717 0.000389459
0.966907 0.00032039 0.956977 0.000412876
0.966938 0.000426109 0.956769 0.000496901
0.966821 0.000258253 0.956714 0.000475456
0.966997 0.000348237 0.95653 0.000295186
0.966901 0.000247085 0.956657 0.000293057
0.966747 0.000290447 0.956896 0.000451772
0.966968 0.000349907 0.956674 0.000522201
0.967019 0.00027667 0.956758 0.000506237
0.966956 0.000387962 0.95624 0.000512726
0.966908 0.000382994 0.956374 0.000376956
0.966892 0.000293516 0.95621 0.000378359
0.966888 0.000320222 0.956452 0.000481451
0.966758 0.000218691 0.956734 0.000539116
0.966951 0.000356538 0.956788 0.000592762
0.966991 0.000343159 0.956778 0.000606163
0.966976 0.000281235 0.956853 0.000542793
0.966766 0.000281909 0.956514 0.000322582
0.96681 0.000285418 0.956434 0.000764685
0.96687 0.000446642 0.956253 0.000649965
0.966757 0.000397855 0.9563 0.000640883
0.966853 0.000303162 0.956413 0.000406834
0.966973 0.000327986 0.956299 0.000490896
0.966842 0.000314877 0.956289 0.000555683
0.9667 0.000372393 0.955893 0.000475568
0.96691 0.000508869 0.956049 0.000561909
0.966536 0.000432697 0.956098 0.00063583
0.966699 0.000430483 0.956119 0.00076899
0.966831 0.000481743 0.956335 0.000646931
0.966568 0.000384452 0.956367 0.000678419
0.966877 0.000263066 0.956251 0.000754931
0.966809 0.000393365 0.956171 0.000506772
0.966898 0.000492065 0.955965 0.000598225
0.966874 0.000363524 0.956137 0.000958766
0.966589 0.000460529 0.955683 0.000864071
0.966884 0.000589365 0.955975 0.000775283
0.966824 0.000397763 0.956043 0.000499856
0.96678 0.000414731 0.956099 0.000532118
0.966668 0.000327568 0.955946 0.000568274
0.966687 0.000594852 0.956209 0.00063049
0.966933 0.000410155 0.956222 0.000631276
0.966581 0.000444064 0.95559 0.000646489
0.966871 0.000522961 0.955983 0.000846432
0.966756 0.00050591 0.956224 0.000862057
0.966336 0.000398372 0.955534 0.00088976
0.966794 0.00048688 0.955925 0.000572238
0.96642 0.000482101 0.95539 0.000620467
0.966529 0.000583088 0.955506 0.000446782
0.966483 0.000459097 0.955593 0.000662849
0.966539 0.000744332 0.956002 0.000702684
0.966321 0.000472064 0.95568 0.0010115
0.966371 0.000330253 0.9557 0.00100669
0.966795 0.000520592 0.956305 0.000668195
0.966583 0.000499134 0.956011 0.00067475
0.966182 0.0004212 0.955394 0.000811567
0.96635 0.000415016 0.955535 0.000830968
0.966673 0.0006927 0.955468 0.000980119
0.966579 0.000767574 0.955654 0.00105177
0.966458 0.000702001 0.955777 0.000925335
0.966347 0.000519319 0.955113 0.000581173
0.966555 0.000469566 0.955839 0.00100779
0.966171 0.00039132 0.9552 0.000885913
0.966287 0.000542633 0.955392 0.000715694
0.966474 0.000796191 0.955696 0.00108369
0.966296 0.000588467 0.955315 0.000827717
0.966202 0.000550015 0.95549 0.000722391
0.966272 0.000623768 0.955391 0.000937338
0.966537 0.000659239 0.955517 0.0010028
