0.967206 0.000388271 0.95707 0.000376679
0.967264 0.000299317 0.957093 0.000312312
0.967183 0.000179591 0.956981 0.000241946
0.967191 0.000360977 0.957239 0.000318934
0.967082 0.000279672 0.957044 0.000211707
0.967199 0.00028764 0.957193 0.000195313
0.967284 0.000267714 0.957037 0.000208296
0.967084 0.000395168 0.957075 0.000289875
0.96731 0.000174637 0.957038 0.000281206
0.967251 0.000301026 0.956962 0.000308961
0.967249 0.000316714 0.957022 0.000166087
0.967206 0.000350805 0.957031 0.000315419
0.967426 0.000221035 0.95667 0.000338936
0.967324 0.000296166 0.956835 0.000451731
0.967249 0.000250613 0.957052 0.000199566
0.967249 0.000253087 0.956929 0.000391387
0.967134 0.00037027 0.957094 0.000175961
0.967227 0.000384295 0.956949 0.000337817
0.967185 0.000437281 0.95709 0.000341055
0.967217 0.000347349 0.957028 0.000340526
0.96725 0.000505625 0.95702 0.000391859
0.967381 0.000289002 0.956873 0.000430807
0.967332 0.000344553 0.956909 0.000302594
0.967511 0.000309939 0.956784 0.000442106
0.967572 0.000166725 0.95669 0.000411068
0.967513 0.000285962 0.956736 0.000321827
0.967266 0.000374227 0.956978 0.000417945
0.967326 0.00039634 0.957073 0.000304288
0.967449 0.000362002 0.956765 0.000492481
0.96726 0.000320096 0.956916 0.000428143
0.967144 0.000401704 0.956918 0.000333215
0.96728 0.000391821 0.956903 0.000360631
0.967462 0.000328744 0.956661 0.000292147
0.967272 0.000394515 0.956987 0.000636636
0.967265 0.000277834 0.956964 0.000362893
0.96729 0.000418124 0.956782 0.000230306
0.967301 0.00041664 0.95675 0.000346759
0.967245 0.000472313 0.956985 0.00030483
0.967547 0.000261587 0.95665 0.000244768
0.967376 0.000332651 0.956803 0.000480068
0.96754 0.000333611 0.956502 0.000305893
0.967435 0.00037605 0.956687 0.000407157
0.967386 0.000381045 0.956627 0.000543743
0.967542 0.000315501 0.956394 0.000269785
0.967381 0.000434665 0.956596 0.000493859
0.967524 0.000407265 0.956715 0.000416259
0.96745 0.000535767 0.956684 0.00031883
0.967443 0.000398035 0.956842 0.000434283
0.96748 0.000443656 0.956595 0.000610714
0.967649 0.00018276 0.956681 0.000692803
0.967483 0.000407538 0.956597 0.000471317
0.967653 0.000292143 0.956496 0.000444456
0.967505 0.000414574 0.956591 0.000469624
0.9676 0.000278702 0.95649 0.000219012
0.967554 0.000334855 0.956481 0.00053328
0.967278 0.000395225 0.956724 0.000521041
0.967608 0.000288414 0.956392 0.000441896
0.967605 0.000399247 0.956624 0.000441258
0.967483 0.000421776 0.95636 0.000298026
0.967336 0.000256834 0.956764 0.00053324
0.96754 0.000459595 0.956598 0.000264931
0.967588 0.000332819 0.956383 0.000444966
0.967376 0.000415353 0.956631 0.000379077
0.967408 0.000268479 0.956571 0.000381339
0.967264 0.000471307 0.956501 0.000348672
0.967625 0.000386091 0.956678 0.000672929
0.967344 0.000347025 0.956512 0.000391629
0.967517 0.000283695 0.956427 0.000568383
0.96726 0.000509361 0.956523 0.000444299
0.967532 0.000301064 0.956406 0.000520749
0.967193 0.000428109 0.956375 0.000264271
0.967195 0.000394985 0.956466 0.00046013
0.967113 0.000631714 0.956465 0.000595536
0.967139 0.000461704 0.956376 0.000595643
0.967424 0.000583168 0.956451 0.000504352
0.967453 0.000470233 0.956666 0.000510702
0.967104 0.000753187 0.956684 0.000511718
0.967345 0.000356521 0.956527 0.000263099
0.966784 0.000751931 0.956113 0.000410448
0.966864 0.000729495 0.956264 0.000837499
