0.807649 0.000210438 0.791921 0.000139899
0.807679 0.000136617 0.792007 0.000149882
0.807658 0.000161552 0.791851 0.00013017
0.807665 0.000247301 0.79205 0.000126776
0.807701 0.000147941 0.79188 0.000119068
0.807572 0.000143836 0.791904 0.00017245
0.807653 0.000233041 0.791855 0.00020273
0.807698 0.000184645 0.791893 0.000159119
0.807534 0.000175927 0.791755 0.000236216
0.807537 0.000209456 0.791889 0.000135423
0.807539 0.000132809 0.791732 0.000170901
0.807636 0.000228915 0.791802 8.92828e-05
0.807512 0.000193233 0.791656 0.000217708
0.807575 0.000232927 0.791753 0.000243235
0.807621 0.000148247 0.791758 0.000388135
0.807631 0.000233765 0.791711 0.000243799
0.807576 0.000211995 0.791617 0.000183002
0.80769 0.000184015 0.791517 0.000194273
0.807499 0.000155645 0.791675 0.000361785
0.807613 0.000187445 0.791585 0.000237429
0.807452 0.000161294 0.791491 0.000268898
0.807304 0.000161368 0.791384 0.000251175
0.807422 0.000187875 0.791491 0.00027121
0.807441 0.000207438 0.79146 0.000236313
0.807544 0.000241978 0.791464 0.000310963
0.807338 0.000173022 0.791496 0.000304843
0.807444 0.000236965 0.791415 0.000273766
0.80742 0.000167742 0.791558 0.000184504
0.80743 0.000262165 0.79137 0.000262822
0.807478 0.000263864 0.791481 0.000198108
0.80759 0.000222652 0.791499 0.000171612
0.807274 0.000220254 0.79139 0.000223456
0.8074 0.000227581 0.791358 0.000295146
0.807446 0.000201852 0.791313 0.000327444
0.807432 0.000315994 0.791209 0.000259581
0.807389 0.000329146 0.791292 0.000300789
0.807419 0.000232905 0.791161 0.000169574
0.807376 0.000203951 0.791262 0.000284771
0.807408 0.000351483 0.79118 0.000259027
0.807374 0.000356809 0.79122 0.000228325
0.807456 0.000186209 0.791135 0.000201898
0.807468 0.000229409 0.791377 0.000398376
0.807424 0.000272382 0.791169 0.000251042
0.807365 0.000259507 0.791181 0.00016181
0.807346 0.000287665 0.791229 0.000231262
0.807215 0.000281019 0.791221 0.000437871
0.807356 0.000316714 0.791024 0.000332404
0.807337 0.000309511 0.791203 0.000287293
0.807387 0.00029327 0.791168 0.000422612
0.807239 0.000276093 0.790985 0.000202853
0.807245 0.000384615 0.791021 0.000310539
0.807313 0.000276915 0.790913 0.00026036
0.807177 0.000243041 0.791031 0.000296965
0.807167 0.000150737 0.790985 0.000324754
0.807254 0.000208965 0.79087 0.000210681
0.807286 0.000280106 0.791089 0.000287975
0.807128 0.000298906 0.79087 0.000256102
0.807033 0.000333957 0.790833 0.000129442
0.807185 0.000219226 0.790901 0.000218875
0.807184 0.000186258 0.790825 0.000274709
0.807386 0.000142307 0.790785 0.000240876
0.807227 0.000257939 0.790823 0.000303514
0.807239 0.000211149 0.790819 0.000315405
0.807225 0.000325439 0.790805 0.000329003
0.807199 0.000241756 0.790774 0.000182525
0.807348 0.000256032 0.790725 0.000240342
0.807308 0.000271856 0.79084 0.00033564
0.807178 0.000209949 0.790641 0.000192253
0.807214 0.000200726 0.790812 0.00026611
0.807037 0.000299516 0.790695 0.000149439
0.80717 0.000359991 0.790835 0.000192873
0.807247 0.000240301 0.790702 0.000127765
0.807112 0.000295454 0.790642 0.000251095
0.807058 0.000267377 0.790564 0.000157349
0.807217 0.000172662 0.790571 0.000183536
0.807002 0.000226009 0.790594 0.00016677
0.807066 0.000376455 0.790632 0.000178161
0.806877 0.000369858 0.79058 0.000301709
0.80683 0.000465334 0.790516 0.000305679
0.806792 0.000623398 0.790528 0.000391463
