0.804094 0.000272465 0.790202 0.000100824
0.803919 8.09073e-05 0.790088 7.8473e-05
0.803921 0.000210858 0.790043 0.000168564
0.803604 0.000361644 0.78974 0.000358298
0.803495 0.000476906 0.789613 0.000455336
0.803483 0.000458205 0.789533 0.000464098
0.803123 0.000433833 0.789194 0.000433993
0.803304 0.000571509 0.789318 0.000584106
0.803042 0.000483571 0.789033 0.000491485
0.802996 0.000491924 0.788983 0.000495398
0.802763 0.000228086 0.788652 0.000216681
0.803046 0.000376991 0.788954 0.000385638
0.803182 0.000446067 0.789031 0.000497305
0.802954 0.00037566 0.788712 0.000384503
0.802696 0.000107507 0.788484 0.000157372
0.802727 0.000130888 0.788425 0.000135238
0.802851 0.000236095 0.788502 0.000230817
0.802825 0.000207443 0.788416 0.000224972
0.802649 0.000147673 0.788211 0.000157797
0.80272 9.19415e-05 0.7882 0.000137715
0.802623 0.000224362 0.788082 0.000189221
0.802723 9.46921e-05 0.788118 0.000107696
0.802739 8.95199e-05 0.788122 9.8884e-05
0.802676 0.00015284 0.788033 0.000155979
0.802623 0.00021684 0.787961 0.000222639
0.802591 0.000230258 0.787921 0.000166201
0.802529 0.000362026 0.787851 0.000262415
0.802615 0.000408118 0.787859 0.000273788
0.802551 0.000326663 0.787849 0.000257242
0.802419 0.000463651 0.787698 0.000339641
0.802496 0.000314352 0.787757 0.000224593
0.802334 0.000334932 0.787627 0.00021474
0.802134 0.000307066 0.787463 0.000216511
0.802068 0.000348019 0.78747 0.000218074
0.802199 0.000422311 0.78753 0.000304793
0.801998 0.000312637 0.787325 0.000215202
0.801842 0.00044489 0.787223 0.000297191
0.801907 0.000367038 0.787177 0.000222759
0.801735 0.000348349 0.787141 0.000260722
0.801893 0.000358738 0.787237 0.00028523
0.801654 0.000311776 0.787039 0.000298461
0.801646 0.000224585 0.786965 0.000227934
0.801452 0.000308339 0.786809 0.000297692
0.801174 0.000522117 0.786437 0.000516027
0.801315 0.00029553 0.786616 0.000410799
0.801096 0.000670228 0.78634 0.000851596
0.800748 0.000732811 0.785981 0.00098949
0.800833 0.000541801 0.786073 0.000673127
0.801026 0.00048003 0.786157 0.000616761
0.800945 0.000496769 0.786184 0.000497552
0.800754 0.000369523 0.785731 0.000427414
0.800339 0.000598123 0.785233 0.000685416
0.800602 0.000471818 0.785379 0.000620716
0.800218 0.000475545 0.78492 0.000785156
0.800237 0.000326104 0.784905 0.00059346
0.800358 0.000624657 0.784878 0.000785733
0.799881 0.000354526 0.784313 0.000473524
0.799853 0.000586613 0.784308 0.00067968
0.799891 0.000495563 0.784196 0.000716764
0.800216 0.000645328 0.784638 0.00106219
0.80004 0.000719197 0.784194 0.00111775
0.799825 0.00046571 0.78399 0.000676802
0.79961 0.000485821 0.783555 0.000741377
0.799321 0.000851855 0.783229 0.00108155
0.800016 0.000434385 0.783908 0.00061318
0.799288 0.001083 0.783015 0.00130601
0.799189 0.00100944 0.782839 0.00105748
0.798884 0.0012217 0.782396 0.00131718
0.798563 0.00163441 0.782044 0.00171139
0.799031 0.00117855 0.782527 0.00141791
0.79892 0.000714305 0.782214 0.000945787
0.798327 0.0011067 0.781539 0.00158117
0.797922 0.00212734 0.781404 0.00222845
0.798707 0.00126853 0.781659 0.00147262
0.797875 0.00138595 0.780795 0.0016286
0.796601 0.00235421 0.779283 0.00297723
0.797835 0.00176519 0.780382 0.00223363
0.797453 0.00126618 0.780162 0.00188868
0.795294 0.00305827 0.777403 0.0037205
0.795184 0.00150978 0.777195 0.00204813
