0.806748 2.72118e-05 0.792744 8.55213e-05
0.806783 2.83673e-05 0.792702 7.49425e-05
0.806785 4.71584e-05 0.792687 5.64682e-05
0.806809 2.64431e-05 0.792662 4.77592e-05
0.80683 1.90535e-05 0.792655 2.69413e-05
0.806785 5.45486e-05 0.792703 8.31294e-05
0.806807 4.73972e-05 0.792689 6.82323e-05
0.806826 3.34931e-05 0.792683 6.1587e-05
0.806794 4.69838e-05 0.792677 6.73838e-05
0.806783 7.40045e-05 0.792651 7.39128e-05
0.806814 4.31623e-05 0.792638 4.59058e-05
0.806798 5.33833e-05 0.792646 0.000124292
0.806792 9.30699e-05 0.792649 0.000140091
0.806802 7.24717e-05 0.79265 0.0001678
0.806712 0.000228666 0.792446 0.000307065
0.806758 0.000176031 0.792636 0.000204875
0.806806 6.65303e-05 0.792541 0.000141303
0.806802 8.92264e-05 0.792557 0.00024683
0.806819 5.03897e-05 0.792589 0.000205719
0.806729 0.000240055 0.792425 0.000383009
0.806731 0.00024243 0.792387 0.00044054
0.806724 0.000206616 0.792292 0.000396806
0.806755 0.000185992 0.792355 0.00035306
0.806721 0.00017133 0.792237 0.000418738
0.80671 0.000188739 0.79221 0.000472278
0.806687 0.000260674 0.792246 0.000468531
0.806665 0.000236463 0.792158 0.000587526
0.806621 0.000247397 0.79201 0.000477104
0.806697 0.000236883 0.792235 0.00051864
0.806709 0.00026322 0.792128 0.000611106
0.806821 0.00016951 0.79247 0.000361562
0.806794 0.000219298 0.79236 0.000541845
0.806567 0.000210878 0.791881 0.000371965
0.806699 0.000206674 0.792082 0.000503889
0.806692 0.000250649 0.792057 0.000563449
0.80667 0.000311954 0.792006 0.000649626
0.806654 0.000238041 0.79203 0.000470926
0.806587 0.00028533 0.791852 0.000588412
0.80673 0.000310492 0.792138 0.000596612
0.806626 0.000259682 0.79187 0.000577916
0.806587 0.000298788 0.79183 0.000582423
0.806647 0.000333812 0.791891 0.000627865
0.806647 0.000310859 0.79202 0.000621702
0.806712 0.000315537 0.792125 0.000661646
0.806681 0.000250939 0.791889 0.000505437
0.806758 0.000197568 0.792099 0.000461703
0.806645 0.000356692 0.791904 0.000611439
0.806513 0.000252576 0.791612 0.000509114
0.806535 0.000302509 0.791641 0.000576261
0.80649 0.000267742 0.791593 0.000471444
0.806638 0.000296097 0.791857 0.00061233
0.806645 0.000323512 0.791812 0.000578168
0.806565 0.0002627 0.79168 0.000567176
0.806426 0.000391778 0.791463 0.000701666
0.806465 0.000332751 0.791494 0.000566016
0.806587 0.000379849 0.791725 0.000786181
0.806432 0.00020866 0.791416 0.000379919
0.806699 0.000289815 0.791859 0.000598554
0.806626 0.000448585 0.791837 0.000803844
0.806772 0.00022087 0.791823 0.000504181
0.806419 0.000336877 0.79144 0.000559413
0.80666 0.000300388 0.791661 0.000629574
0.806521 0.000401379 0.791639 0.000703576
0.806495 0.000226073 0.791343 0.000431311
0.80667 0.000283974 0.791607 0.000645654
0.806573 0.000342481 0.791643 0.000610584
0.806668 0.000311422 0.791669 0.000677454
0.806537 0.000365177 0.79162 0.000706533
0.806603 0.00031571 0.791536 0.000615764
0.806391 0.000213468 0.791192 0.000325508
0.806343 0.000245372 0.791162 0.000356504
0.80649 0.000279983 0.791321 0.000610152
0.806522 0.000255917 0.791403 0.000467101
0.806497 0.000249946 0.791303 0.000318002
0.806414 0.000294624 0.791222 0.000457619
0.806607 0.000351962 0.791404 0.000504908
0.806612 0.000460927 0.791578 0.000771808
0.806604 0.00026947 0.791603 0.000576763
0.80647 0.000301746 0.791218 0.00036861
0.806481 0.000422817 0.791347 0.00059313
