0.965468 7.63991e-05 0.957859 0.000131308
0.965448 5.9085e-05 0.957827 0.000124822
0.965461 6.37387e-05 0.957877 0.00011115
0.965478 6.15204e-05 0.957864 0.000142183
0.965514 5.79214e-05 0.957892 0.000158611
0.965509 6.20131e-05 0.957801 0.000134411
0.965477 8.74152e-05 0.957742 0.000160385
0.965493 0.000120733 0.957844 0.000243822
0.965477 7.88091e-05 0.95784 0.0002203
0.965524 4.5922e-05 0.957741 0.000224117
0.965543 5.28557e-05 0.95787 0.000233306
0.96554 6.00747e-05 0.957816 0.000214073
0.96551 0.000129887 0.957736 0.000421843
0.965425 0.000202136 0.957405 0.000546351
0.965488 0.000223936 0.957575 0.000599336
0.965479 0.000181627 0.957541 0.000577787
0.965397 0.00027859 0.957344 0.000643406
0.965408 0.00035319 0.957398 0.000894441
0.965577 0.000151512 0.957772 0.000536359
0.965402 0.000353148 0.9571 0.000687259
0.965283 0.000476552 0.957188 0.00106028
0.965381 0.000248425 0.956969 0.000709236
0.965547 0.000242265 0.957554 0.000615998
0.965456 0.000375868 0.957221 0.000787876
0.965142 0.000482378 0.956627 0.000999362
0.965339 0.000452703 0.957044 0.00109809
0.965596 0.000254528 0.957641 0.000684992
0.965355 0.000394522 0.9569 0.000834512
0.96561 0.000248729 0.957577 0.00092721
0.965377 0.000559626 0.957185 0.00107168
0.965349 0.000426492 0.956892 0.000922944
0.965127 0.000648773 0.956744 0.00130831
0.965496 0.000358497 0.956973 0.000921535
0.965467 0.000452168 0.957071 0.000957086
0.965228 0.000597835 0.956621 0.00119592
0.965417 0.0006789 0.957309 0.00112108
0.96542 0.000459597 0.957035 0.00108816
0.965243 0.000674493 0.956603 0.00126986
0.965223 0.000615601 0.956424 0.000994072
0.965263 0.000536623 0.956303 0.000817273
0.965416 0.00063787 0.957 0.00139539
0.965403 0.000655562 0.956979 0.00132884
0.965176 0.000600375 0.956457 0.000969097
0.965119 0.000712784 0.956266 0.00116144
0.965165 0.000815209 0.956441 0.00131914
0.965288 0.000785523 0.956657 0.00125187
0.965237 0.000783735 0.956372 0.00116779
0.964865 0.00072154 0.955819 0.00098068
0.965103 0.000769126 0.956295 0.00128136
0.964988 0.000842427 0.956113 0.0011643
0.965045 0.000876819 0.956258 0.00131769
0.965205 0.000767236 0.956305 0.00128445
0.965112 0.000807444 0.956144 0.00118393
0.964785 0.000988545 0.955884 0.00157125
0.965088 0.000804785 0.956004 0.00115827
0.96434 0.000553222 0.955088 0.000583812
0.96556 0.00081474 0.956941 0.00170985
0.964589 0.000684094 0.955343 0.000836474
0.965203 0.00095698 0.956207 0.00131933
0.964743 0.000662821 0.955476 0.000890383
0.964827 0.000879657 0.955779 0.00129761
0.965178 0.000753902 0.956103 0.0012852
0.96466 0.000658599 0.955294 0.000691284
0.964827 0.000815089 0.955652 0.00111362
0.964845 0.000765678 0.95562 0.00104941
0.965154 0.000860626 0.956051 0.00141454
0.965182 0.000933572 0.956114 0.0013812
0.964527 0.000516301 0.955106 0.000485479
0.96477 0.000493598 0.955297 0.000464934
0.964582 0.000710065 0.955281 0.000948509
0.964762 0.000871041 0.955438 0.000983295
0.964685 0.000874591 0.95539 0.000962173
0.9647 0.000935345 0.955477 0.00130032
0.964724 0.000778761 0.95518 0.000668473
0.964306 0.000659028 0.954928 0.000562557
0.964582 0.00084156 0.955224 0.00112832
0.96479 0.000872022 0.955614 0.00138014
0.964951 0.000837238 0.955442 0.000808869
0.964548 0.000783058 0.955148 0.000706727
0.964677 0.00123524 0.955595 0.00171794
