0.967268 0.000211341 0.95713 0.000277246
0.967377 0.000197934 0.957285 0.00024528
0.967571 0.000531713 0.957191 0.00044745
0.96715 0.000256905 0.957104 0.000275674
0.967252 0.000164909 0.957168 0.000357211
0.967209 0.000256309 0.957102 0.000179368
0.967211 0.000234555 0.957278 0.000228027
0.96729 0.00021853 0.957119 0.000300981
0.967346 0.000285834 0.957158 0.000291344
0.96734 0.000195326 0.957303 0.000213576
0.967263 0.000253108 0.957077 0.000271085
0.967355 0.000212093 0.95705 0.000278426
0.967425 0.000286666 0.957168 0.000369715
0.967231 0.000312265 0.957254 0.000337208
0.96721 0.000263837 0.957166 0.000189987
0.967308 0.000324576 0.957117 0.000293587
0.967181 0.000302895 0.957216 0.000272506
0.967207 0.000367848 0.957256 0.000459991
0.967246 0.000339232 0.957156 0.000208595
0.967238 0.000440218 0.957253 0.00035343
0.967365 0.000382537 0.956927 0.000235686
0.967198 0.000445274 0.956979 0.000311502
0.967181 0.000423051 0.957185 0.000351176
0.967292 0.00031218 0.957069 0.000368022
0.967404 0.000410497 0.956895 0.00045588
0.967447 0.000352536 0.956989 0.00026341
0.967306 0.000503407 0.957247 0.00041118
0.967513 0.000268389 0.956795 0.000264205
0.967334 0.000275872 0.957175 0.000452601
0.966994 0.000196581 0.957069 0.000199491
0.967251 0.000389608 0.956963 0.00022016
0.967404 0.000335202 0.957169 0.000446783
0.967371 0.00042372 0.956838 0.00031156
0.967324 0.0003033 0.956899 0.000373986
0.967639 0.000300685 0.956864 0.000372407
0.96759 0.00028741 0.957083 0.000653924
0.967606 0.000298272 0.956827 0.000252755
0.96732 0.000320503 0.957043 0.000540627
0.967436 0.000489699 0.957036 0.000481606
0.967324 0.000469777 0.956883 0.000396386
0.967522 0.000337719 0.95702 0.000256473
0.967278 0.000414184 0.956945 0.000290326
0.96741 0.0004674 0.956861 0.000451867
0.967655 0.000244807 0.956852 0.000454056
0.967654 0.000273837 0.956749 0.000355751
0.967565 0.000499868 0.95659 0.000421836
0.967384 0.000473269 0.957036 0.00020376
0.967497 0.000307444 0.956908 0.000448162
0.967547 0.000381563 0.956763 0.00039348
0.967658 0.000346143 0.956978 0.000464376
0.9677 0.00035865 0.956578 0.000237207
0.967687 0.000230134 0.956746 0.000236869
0.967708 0.000321168 0.956781 0.000441932
0.967291 0.000649657 0.956897 0.000485097
0.967469 0.000428721 0.957043 0.000409578
0.967363 0.000421109 0.956805 0.00046716
0.967531 0.000340727 0.956873 0.000494498
0.967694 0.000445612 0.956691 0.000439493
0.967479 0.00050118 0.956731 0.000286091
0.967407 0.000584785 0.95685 0.000385085
0.967271 0.000471572 0.956653 0.000411668
0.967601 0.000197681 0.956752 0.000467351
0.96769 0.000341681 0.956778 0.000618665
0.967513 0.000309501 0.956665 0.000371551
0.967578 0.000471861 0.956807 0.00035636
0.96733 0.000556601 0.956879 0.00042401
0.967497 0.000512835 0.956539 0.000290427
0.967695 0.000222686 0.956867 0.000527397
0.967696 0.000305308 0.956614 0.000201821
0.96749 0.000444529 0.957181 0.000667912
0.967464 0.000464684 0.956736 0.000537645
0.967408 0.000379944 0.956472 0.000505592
0.967476 0.000430354 0.956525 0.000352024
0.967422 0.000362765 0.956839 0.000340043
0.967508 0.00035071 0.956439 0.000453214
0.96754 0.000288064 0.956374 0.000465129
0.967323 0.000558276 0.956754 0.000579147
0.967241 0.000653978 0.95651 0.000387361
0.967279 0.000439922 0.956683 0.000392919
0.96732 0.000499062 0.956738 0.000569339
