0.968305 0.000306684 0.957932 0.000340098
0.968253 0.00028686 0.958092 0.000698648
0.968558 0.00103599 0.958095 0.00141367
0.968344 0.000221399 0.957945 0.000486031
0.968284 0.000303485 0.957844 0.000637704
0.968445 0.000360157 0.95813 0.000571494
0.968314 0.000240217 0.957994 0.000330197
0.968337 0.000587462 0.957879 0.000616137
0.968905 0.000910766 0.958238 0.00112446
0.968344 0.000310313 0.957917 0.000450246
0.968533 0.000381348 0.958059 0.000896969
0.968382 0.000423705 0.957928 0.000820258
0.96821 0.000325322 0.95795 0.000729544
0.968287 0.000373956 0.958002 0.000536287
0.968395 0.000495947 0.958145 0.000521225
0.968182 0.000243736 0.957782 0.00033141
0.968401 0.000549739 0.957791 0.000702875
0.96827 0.000258508 0.957699 0.000587765
0.968121 0.000277114 0.957665 0.000286992
0.968446 0.00046306 0.958149 0.000474111
0.968233 0.000363838 0.957981 0.000495359
0.968433 0.000340061 0.958119 0.000639908
0.968246 0.000430472 0.957981 0.000511534
0.968178 0.000292673 0.957847 0.00039875
0.968413 0.000354772 0.958065 0.000648248
0.968055 0.000270162 0.957833 0.000367206
0.968409 0.000641982 0.958238 0.000694381
0.968102 0.000430923 0.957799 0.000381065
0.968125 0.000238801 0.957788 0.000381266
0.968283 0.000323052 0.958196 0.000463815
0.968457 0.000431658 0.957961 0.000822539
0.968085 0.000168904 0.95773 0.000369079
0.968328 0.000392949 0.958136 0.000554951
0.968079 0.000199209 0.957973 0.000373671
0.968101 0.000265113 0.958001 0.000250039
0.968221 0.000314743 0.957916 0.000457496
0.96849 0.000420758 0.958375 0.000736036
0.96806 0.000333089 0.957983 0.000474224
0.968275 0.000332744 0.957977 0.000617001
0.968321 0.000292501 0.958198 0.000654611
0.968219 0.000425439 0.95792 0.000541046
0.968164 0.000278688 0.957777 0.000285063
0.968137 0.000460624 0.957959 0.000504981
0.967951 0.000413782 0.957684 0.000386413
0.9681 0.000293703 0.957687 0.000252425
0.968132 0.000321819 0.95781 0.000411633
0.968262 0.000345863 0.957767 0.00035528
0.968304 0.000439929 0.958121 0.000587673
0.96805 0.000400455 0.958125 0.000686979
0.968106 0.000302029 0.958103 0.00047337
0.96817 0.000356592 0.957975 0.000413239
0.96814 0.000257959 0.95835 0.00058729
0.967924 0.000244572 0.958005 0.000428535
0.968109 0.000326069 0.95798 0.000549824
0.967979 0.000210123 0.957742 0.000323737
0.968064 0.000471764 0.958071 0.00029495
0.968291 0.000830077 0.958374 0.00111356
0.968012 0.000275734 0.958065 0.000447334
0.968075 0.000184646 0.95777 0.000412824
0.968097 0.000202862 0.957812 0.000796126
0.968088 0.000359516 0.958186 0.00041391
0.968003 0.00039731 0.958093 0.000525146
0.968011 0.00060067 0.958134 0.000501047
0.968304 0.000460709 0.95831 0.000651658
0.96817 0.000460091 0.95768 0.000388475
0.968116 0.000343905 0.958079 0.000370877
0.968152 0.000494954 0.958408 0.000705179
0.968239 0.000490084 0.958145 0.000707716
0.968068 0.000434326 0.957736 0.000447973
0.968089 0.000521544 0.958056 0.000369014
0.968142 0.000350543 0.957906 0.000588631
0.967849 0.00036749 0.958054 0.00072977
0.967892 0.00037701 0.958259 0.000713626
0.968078 0.00040535 0.957513 0.000293605
0.967999 0.000328797 0.957993 0.000430514
0.967815 0.000533577 0.958097 0.000600011
0.968142 0.000514747 0.958163 0.000770252
0.968019 0.000454962 0.957862 0.000271174
0.967917 0.000493718 0.958438 0.000893434
0.968101 0.000444099 0.958024 0.000759256
