0.803741 0.000368384 0.7908 0.00033111
0.802996 0.000616044 0.790132 0.000543364
0.802785 0.000517822 0.789943 0.00044587
0.802443 8.30006e-05 0.789613 6.07048e-05
0.802419 0.000154482 0.789589 0.000124745
0.802358 6.76052e-05 0.789509 6.71244e-05
0.802249 1.73953e-05 0.78937 5.00509e-05
0.802136 0.000117608 0.789237 0.000140829
0.801795 0.000287363 0.788875 0.000322436
0.801473 0.000494375 0.788459 0.000525654
0.801188 0.000325895 0.788124 0.000376351
0.801109 0.00042428 0.787987 0.000505671
0.80122 0.000517675 0.788116 0.000666633
0.800622 9.31002e-05 0.787362 0.000168074
0.800608 0.00014886 0.787313 0.000260939
0.800507 7.78532e-05 0.787148 0.000187866
0.800443 6.14388e-05 0.787038 0.000136881
0.800383 9.29761e-05 0.786966 0.000162867
0.800167 9.69112e-05 0.78657 0.000185915
0.799946 0.000196846 0.786201 0.000353271
0.799764 0.000248246 0.785875 0.000481405
0.799732 0.000284108 0.785859 0.000517222
0.799428 0.000176528 0.785289 0.000393898
0.799125 0.000158955 0.784561 0.000316604
0.799045 0.000153816 0.784263 0.000285551
0.798918 0.0001085 0.784029 0.000187856
0.798787 0.000152225 0.783817 0.000210655
0.798685 0.000235625 0.783667 0.000353397
0.798001 0.000303638 0.782886 0.000309569
0.797671 0.000890752 0.782641 0.000863501
0.796152 0.000731482 0.781165 0.000673897
0.795475 0.000614715 0.780574 0.000563485
0.794298 0.00096426 0.779493 0.000906222
0.793494 0.000820895 0.778817 0.000753438
0.792246 0.000980759 0.777765 0.000906058
0.791292 0.00109257 0.776816 0.000958735
0.789354 0.00176274 0.775145 0.00160436
0.786531 0.00209119 0.772576 0.0018499
0.782996 0.00207298 0.769441 0.001847
0.780553 0.00262131 0.767261 0.00233631
0.776865 0.00155618 0.763908 0.00135949
0.77291 0.00384605 0.760423 0.00334025
0.768585 0.0024004 0.756403 0.0021304
0.762662 0.0039598 0.750934 0.00361527
0.755554 0.00506824 0.744413 0.00485248
0.750601 0.00568939 0.739597 0.00542655
0.746047 0.00334674 0.735325 0.00328472
0.740402 0.00316842 0.729835 0.00312425
0.735257 0.00212695 0.724649 0.00225252
0.730555 0.00346882 0.719591 0.00366217
0.724787 0.00268256 0.713473 0.00299397
0.720369 0.00117753 0.708519 0.00144519
0.718293 0.00130986 0.705767 0.00152508
0.717199 0.000947769 0.704346 0.00121281
0.716392 0.000240861 0.703154 0.000324853
0.716337 0.000308426 0.702856 0.000351812
0.716395 0.000292237 0.702796 0.000337452
0.716197 0.000193051 0.702515 0.000198196
0.716173 0.000148922 0.702456 0.000134902
0.715971 0.000208355 0.702238 0.000171769
0.715898 0.000156539 0.702086 0.000119475
0.715806 0.00012402 0.701994 0.000154219
0.715604 0.000261027 0.701836 0.00024683
0.715489 0.000338183 0.701617 0.000407191
0.71536 0.000406053 0.701257 0.00047327
0.715096 0.000690835 0.700771 0.000758683
0.714325 0.000213247 0.69968 0.000313484
0.713921 0.000530014 0.698886 0.000603525
0.713089 0.000843669 0.69784 0.000927266
0.711461 0.000491813 0.69596 0.000589718
0.709311 0.000688299 0.693866 0.000637138
0.707011 0.00106491 0.691779 0.0010004
0.704093 0.00142999 0.688832 0.00138975
0.701886 0.00199949 0.68675 0.00187534
0.699366 0.000603687 0.684335 0.000651869
0.699746 0.00225248 0.684733 0.00224108
0.699055 0.0025254 0.683976 0.0025223
0.699101 0.00244686 0.684005 0.00251344
0.698835 0.00335182 0.683739 0.00336057
0.698635 0.00355375 0.683598 0.00365496
