0.803556 0.000333427 0.79063 0.000305828
0.802964 0.000561546 0.790116 0.00049583
0.802729 0.000503613 0.789916 0.000435833
0.802548 0.000278227 0.789755 0.00024068
0.802456 6.36861e-05 0.789666 5.3021e-05
0.802408 4.09649e-05 0.789619 4.35498e-05
0.802346 6.97494e-05 0.789544 6.50021e-05
0.802233 0.000132088 0.789429 0.00014705
0.801895 0.000303748 0.78903 0.000348721
0.80193 0.000367861 0.789083 0.000422968
0.801311 0.000507539 0.788341 0.000608345
0.801173 0.000536419 0.788169 0.00065328
0.800982 0.000365361 0.787926 0.000480955
0.800808 0.000318497 0.787682 0.000431861
0.800687 0.000177686 0.787474 0.000273762
0.800567 3.81709e-05 0.787279 4.64997e-05
0.800495 6.2791e-05 0.787186 6.14267e-05
0.800391 9.26855e-05 0.787034 0.000200058
0.800301 0.000152734 0.786844 0.000247164
0.800218 0.000162332 0.786714 0.000223836
0.799918 0.000241774 0.786181 0.000451196
0.799589 0.000152839 0.785599 0.000352649
0.799416 0.000114108 0.78509 0.000339931
0.799361 0.000174714 0.785126 0.000391807
0.799126 0.000121722 0.78451 0.000336389
0.799016 0.000100005 0.78423 0.000218165
0.799024 0.000127092 0.784128 0.000176891
0.798296 0.000250493 0.783224 0.00027929
0.798091 0.000424466 0.783029 0.000466957
0.797595 0.000562303 0.782523 0.000508713
0.796698 0.000738072 0.781698 0.000683809
0.795294 0.000842535 0.78034 0.000818864
0.794156 0.000674326 0.779386 0.000572919
0.792862 0.000853923 0.778243 0.000742272
0.792654 0.000763757 0.778052 0.00062653
0.791156 0.0010347 0.776732 0.000879097
0.788331 0.00160766 0.774193 0.00142079
0.786044 0.00197612 0.772124 0.00180344
0.782202 0.0015446 0.768656 0.00143527
0.779322 0.00270239 0.766122 0.00242203
0.774876 0.00191093 0.762126 0.00172972
0.772986 0.00324039 0.760366 0.0029842
0.768665 0.00366367 0.756406 0.00340631
0.76125 0.00416247 0.749533 0.00397783
0.756648 0.005971 0.745182 0.00566483
0.750096 0.00463823 0.739222 0.00437371
0.745608 0.00275435 0.734891 0.00266908
0.740175 0.00423945 0.729616 0.00421686
0.735108 0.00539362 0.724322 0.00551601
0.727201 0.00342784 0.716034 0.00365294
0.723944 0.00231565 0.712398 0.00250534
0.719364 0.00135739 0.70704 0.00168212
0.717883 0.000598952 0.70516 0.000723967
0.717264 0.000854352 0.704263 0.00112712
0.716699 0.000396252 0.703402 0.000575297
0.71638 0.000150809 0.702906 0.000254227
0.716266 7.53256e-05 0.702576 0.00013114
0.716369 0.000484922 0.702623 0.000398991
0.716114 0.000199773 0.702372 0.000166325
0.716478 0.000370231 0.702561 0.000347907
0.716052 0.00028794 0.702262 0.000283819
0.716203 0.000451486 0.702361 0.000432886
0.715895 0.000370373 0.70205 0.000331993
0.715705 0.000397141 0.701739 0.000452055
0.715574 0.000422481 0.701477 0.000423866
0.71519 0.000513969 0.700882 0.000584004
0.715412 0.00184201 0.700804 0.00200814
0.713892 0.000879546 0.698858 0.000935159
0.712943 0.000791068 0.697706 0.00105913
0.711983 0.00185379 0.696586 0.00181408
0.710389 0.000856551 0.694978 0.000831894
0.706382 0.000987163 0.691012 0.00105073
0.704329 0.00211851 0.689065 0.00203508
0.702557 0.00323177 0.687488 0.00321705
0.699921 0.00161304 0.68497 0.00160702
0.699189 0.00123659 0.684217 0.00130606
0.698542 0.000823796 0.683487 0.000869301
0.699327 0.00170858 0.68424 0.00177381
0.697902 0.00139475 0.682807 0.00140841
0.697158 0.00143217 0.682153 0.00141048
