0.804155 5.50454e-05 0.791096 5.17872e-05
0.803573 0.000574027 0.790569 0.000520885
0.80314 0.000624939 0.790182 0.000558344
0.80306 0.000654225 0.790114 0.000581503
0.802782 0.000408932 0.789861 0.000367273
0.802722 0.000310434 0.789808 0.00026569
0.802686 0.000181257 0.789763 0.000139021
0.802589 7.42971e-05 0.789687 5.90969e-05
0.802486 7.25147e-05 0.789579 6.15532e-05
0.802441 0.000140732 0.789533 0.000147849
0.802168 0.000242682 0.789221 0.000262916
0.802012 0.000338832 0.789051 0.000383921
0.802075 0.000390004 0.789116 0.000439839
0.801768 0.00052961 0.788759 0.00061822
0.80128 0.000454448 0.788159 0.000554236
0.801109 0.000263742 0.787955 0.000341625
0.800979 0.000213707 0.787733 0.000279568
0.800979 0.000264505 0.787749 0.000365932
0.800768 5.71655e-05 0.787428 6.21404e-05
0.800761 7.91949e-05 0.787399 0.000147409
0.800665 0.000128036 0.787243 0.000222615
0.80056 9.23891e-05 0.787051 0.000153397
0.800367 0.00018017 0.786728 0.000299824
0.800253 0.000173678 0.786548 0.000294951
0.799985 0.000253552 0.786059 0.000452375
0.799865 0.000284705 0.785873 0.00050521
0.799447 0.000106645 0.785008 0.000246707
0.799405 0.000182431 0.784909 0.000424177
0.799251 0.000180878 0.784585 0.000420902
0.799101 0.000197244 0.78425 0.00037631
0.798893 0.000240849 0.783977 0.000352099
0.798513 0.000237276 0.783381 0.000276772
0.798049 0.000348972 0.782945 0.000390703
0.797236 0.000739521 0.782116 0.000742518
0.796979 0.0010234 0.781891 0.000985736
0.79554 0.000726046 0.780511 0.000667353
0.794395 0.000734375 0.779466 0.000652209
0.793837 0.00081313 0.778948 0.000719521
0.792067 0.000998198 0.777374 0.000907338
0.79099 0.00149018 0.776434 0.00133089
0.789187 0.00138442 0.774812 0.00122874
0.786778 0.00217108 0.77266 0.0019137
0.784118 0.00296014 0.770242 0.00262479
0.779 0.00213755 0.765675 0.00187752
0.776737 0.00256071 0.763633 0.0023014
0.772181 0.00269184 0.759549 0.00238805
0.769064 0.00368988 0.756625 0.00335996
0.7673 0.00360612 0.755034 0.00328478
0.76107 0.00430196 0.74935 0.0040088
0.75218 0.00393531 0.74088 0.00379296
0.750645 0.0037844 0.739464 0.00376114
0.741591 0.0026443 0.730633 0.00265895
0.739938 0.00333993 0.729085 0.00338401
0.732387 0.00364108 0.721314 0.00376723
0.729453 0.00403836 0.71819 0.00427392
0.724946 0.00204826 0.713304 0.00225145
0.720938 0.0015126 0.708786 0.00178977
0.718421 0.00145832 0.705746 0.00174335
0.717244 0.00096154 0.704249 0.0011679
0.716608 0.000250786 0.703294 0.000420895
0.716425 0.00015423 0.702947 0.000248862
0.716189 0.00016635 0.702562 0.000126998
0.716066 0.000190268 0.702378 0.000140173
0.715978 0.000143221 0.702215 8.11175e-05
0.715844 0.000154946 0.702019 6.76574e-05
0.715699 0.000173589 0.70186 0.000129098
0.715487 0.000138985 0.701625 0.000105948
0.715251 0.00025114 0.701315 0.000276149
0.715109 0.00026678 0.701002 0.0003452
0.714457 0.000351955 0.699915 0.000510227
0.714206 0.000421248 0.699577 0.000595294
0.713238 0.000302893 0.698289 0.000428528
0.711949 0.000376865 0.696664 0.000443051
0.710444 0.000700334 0.695023 0.000727371
0.708539 0.000999314 0.693149 0.00111411
0.705657 0.000611874 0.690313 0.000529908
0.702687 0.000923229 0.687472 0.000944413
0.700378 0.000786224 0.685145 0.000707188
0.698643 0.000404509 0.683484 0.000373015
0.697898 0.000158602 0.68282 0.000166381
