0.967979 0.00152793 0.957911 0.00148879
0.968311 0.00203164 0.958504 0.00249385
0.967994 0.00165213 0.957954 0.00161218
0.968364 0.00176326 0.958348 0.00181764
0.967941 0.00163343 0.957947 0.00169989
0.968344 0.00164994 0.958367 0.00217391
0.967629 0.00170978 0.957691 0.00213163
0.968541 0.00220132 0.958691 0.00262
0.968248 0.00188849 0.958236 0.00211104
0.968041 0.00138449 0.957925 0.00128288
0.967154 0.000160133 0.957105 0.000232479
0.967641 0.00046271 0.957502 0.000271202
0.969321 0.00206283 0.959437 0.00224303
0.968223 0.00118922 0.958132 0.00145511
0.967953 0.00164411 0.957982 0.00173697
0.967938 0.00136697 0.957824 0.00161597
0.967588 0.000411351 0.957472 0.000462465
0.969167 0.00131255 0.95906 0.00131512
0.967912 0.00122259 0.957817 0.00119312
0.968123 0.00177469 0.958227 0.00186082
0.967331 0.000525582 0.957242 0.000617699
0.968013 0.00136283 0.957931 0.0014252
0.967799 0.000909649 0.957757 0.00102947
0.96778 0.000999552 0.957713 0.00103247
0.967408 0.000495816 0.957447 0.000481981
0.969046 0.00166797 0.959189 0.00211025
0.967922 0.00117049 0.957861 0.00117529
0.968744 0.00191501 0.958971 0.00247812
0.967453 0.000561928 0.95755 0.000635224
0.967767 0.00126606 0.957817 0.00153327
0.968132 0.00101343 0.958294 0.00104056
0.968501 0.00175529 0.95867 0.002403
0.967908 0.000678685 0.957942 0.000778333
0.967783 0.000782612 0.957874 0.000950723
0.968057 0.000965879 0.957739 0.00100585
0.967394 0.000411306 0.957275 0.000563492
0.96784 0.000819262 0.957996 0.000971167
0.968353 0.00193261 0.95829 0.00235489
0.967755 0.00124503 0.957676 0.00145955
0.967768 0.00124569 0.957929 0.00116487
0.968117 0.00117032 0.957975 0.00120503
0.967772 0.0006038 0.957571 0.000880733
0.968168 0.00143717 0.958149 0.00150292
0.967939 0.00109561 0.957874 0.00132812
0.967736 0.000447357 0.957736 0.00112456
0.967641 0.000531155 0.957398 0.000708015
0.967692 0.000511693 0.957876 0.000846447
0.96755 0.000574845 0.95751 0.000525387
0.968172 0.000862218 0.95809 0.00116193
0.967683 0.000386771 0.957578 0.00041729
0.967656 0.000557562 0.95761 0.000559616
0.967583 0.000464213 0.957291 0.000494818
0.967686 0.000610487 0.95763 0.000757751
0.967738 0.000627339 0.957772 0.00119364
0.967576 0.00041236 0.957285 0.00071331
0.967882 0.000614091 0.957528 0.000779434
0.967835 0.000639707 0.957641 0.00101636
0.968197 0.000997387 0.957863 0.00135422
0.967783 0.000669359 0.957733 0.00106901
0.96782 0.000264854 0.95798 0.000880907
0.96776 0.00039525 0.957713 0.000781319
0.967795 0.000743476 0.957637 0.000787798
0.968128 0.000940183 0.957908 0.00132336
0.967638 0.000325424 0.957975 0.000546744
0.968019 0.000559433 0.958363 0.00106533
0.967632 0.000467436 0.957885 0.00119354
0.967601 0.00034921 0.957316 0.000784796
0.967645 0.000406309 0.957793 0.00051415
0.967901 0.000328464 0.957939 0.00106877
0.967785 0.000742165 0.95818 0.00111814
0.96771 0.000513667 0.95755 0.00102884
0.967925 0.000344064 0.9581 0.00116493
0.967824 0.000605009 0.958077 0.000957122
0.967864 0.000163462 0.956784 0.000517022
0.967852 0.000428348 0.957756 0.000945351
0.967831 0.000309258 0.957366 0.00104338
0.967986 0.000339998 0.957694 0.000995435
0.968162 0.00049199 0.958302 0.00125467
0.967803 0.000223962 0.957452 0.000645698
0.968445 0.000859037 0.957972 0.00151095
