0.958353 0.000433276 0.955426 0.000639648
0.959443 0.000622993 0.956237 0.000779639
0.95998 0.000637941 0.95627 0.000558824
0.959681 0.000849374 0.956514 0.000579042
0.960254 0.000334349 0.957061 0.000662263
0.960387 0.000820008 0.957009 0.000418823
0.959705 0.000482675 0.957355 0.000500656
0.959582 0.000479172 0.957212 0.000296468
0.959974 0.000675811 0.957249 0.000501867
0.960064 0.000420551 0.957381 0.000313103
0.959803 0.000552011 0.957446 0.000444571
0.959601 0.00103596 0.957721 0.000405916
0.959839 0.000764093 0.957527 0.000235585
0.959901 0.000703055 0.957598 0.000282165
0.9599 0.000662011 0.957689 0.000356504
0.959935 0.000621429 0.957558 0.0005464
0.959899 0.000938727 0.957538 0.000456698
0.960178 0.000594309 0.95785 0.00040024
0.959782 0.000574638 0.957644 0.000633509
0.959387 0.000470342 0.957891 0.000299733
0.959687 0.00060415 0.95799 0.000320365
0.959911 0.000773239 0.958003 0.000228553
0.959962 0.000917558 0.957763 0.000525547
0.95979 0.000383363 0.95798 0.000267979
0.959939 0.000457177 0.957751 0.000356253
0.96015 0.000766386 0.957764 0.000413256
0.959686 0.000419401 0.95813 0.000401446
0.959863 0.000567595 0.958071 0.000257542
0.960198 0.00070019 0.957886 0.000336541
0.959699 0.000842934 0.95803 0.000514101
0.959724 0.00031681 0.958194 0.000324327
0.959495 0.000600936 0.958287 0.000434095
0.959472 0.000977263 0.958104 0.00032696
0.959498 0.000611149 0.958115 0.000307934
0.960217 0.000792796 0.957978 0.00053631
0.960065 0.000663209 0.958066 0.000254128
0.95965 0.000610685 0.958313 0.000408884
0.95992 0.000357341 0.958284 0.000311646
0.959837 0.000867949 0.95801 0.000408037
0.95988 0.000578868 0.958127 0.000380332
0.959696 0.000704154 0.958075 0.000383887
0.959721 0.000787541 0.958019 0.000298594
0.95961 0.000597519 0.958175 0.000246497
0.95976 0.000987111 0.958227 0.000494667
0.959632 0.000403372 0.958251 0.000450959
0.959677 0.000769184 0.958384 0.000323621
0.960065 0.000810455 0.958401 0.000435438
0.959636 0.000659852 0.958279 0.000422691
0.95988 0.000930671 0.958102 0.000352997
0.960028 0.000531976 0.958155 0.000471902
0.959801 0.000692981 0.958524 0.000373555
0.959878 0.000594979 0.958214 0.000383433
0.960039 0.000600503 0.958516 0.00040322
0.959795 0.000650228 0.958491 0.000441362
0.959791 0.000672611 0.958316 0.000296108
0.959669 0.000497044 0.958501 0.000391382
0.960233 0.0010816 0.958222 0.000528747
0.959339 0.000534383 0.958389 0.000364258
0.959941 0.000687258 0.958436 0.00029525
0.959692 0.000354348 0.958475 0.000294247
0.959806 0.000871115 0.958344 0.00051009
0.960124 0.000509524 0.958268 0.000440945
0.959667 0.000602601 0.958479 0.000429444
0.960185 0.000813059 0.958285 0.000378951
0.959979 0.000563735 0.958508 0.00052524
0.959826 0.000690428 0.958425 0.000582878
0.960076 0.000798355 0.958548 0.000326408
0.959952 0.000802616 0.958316 0.000692034
0.959919 0.000463964 0.958751 0.000259706
0.96013 0.00080337 0.958261 0.000426949
0.96028 0.000969291 0.958638 0.000431231
0.96008 0.00098367 0.95844 0.000595061
0.960317 0.000797566 0.958615 0.000360051
0.960308 0.000973017 0.958649 0.000538714
0.960252 0.000869898 0.95869 0.0004535
0.959776 0.000794122 0.958742 0.000365696
0.960569 0.000578578 0.958677 0.000358446
0.959402 0.000673265 0.958906 0.000251195
0.959912 0.000915888 0.958621 0.00043336
0.960282 0.000830408 0.958836 0.000337055
0.960008 0.000659478 0.958609 0.000464264
0.960471 0.00090609 0.958502 0.00059138
0.960848 0.00104657 0.958791 0.000293036
0.960621 0.00103145 0.95846 0.000481254
0.959972 0.00046363 0.958884 0.00031583
0.960705 0.000805675 0.959154 0.000479857
0.960175 0.000625948 0.959123 0.000342445
0.960347 0.000689032 0.958809 0.000350213
0.960307 0.00121476 0.95892 0.000612238
0.960298 0.000765081 0.958708 0.000621933
0.96021 0.000775032 0.958796 0.000370722
0.960993 0.000554578 0.958984 0.000600361
0.960499 0.000563742 0.958997 0.000431856
0.960326 0.000788446 0.959069 0.000490276
0.960047 0.000755807 0.959095 0.000496724
0.960238 0.000430061 0.958841 0.000288765
0.96003 0.000644429 0.959131 0.000520848
0.959803 0.00110359 0.958984 0.000494165
0.960616 0.000573907 0.959058 0.000478097
0.960052 0.000690247 0.95915 0.000322205
