0.95902 0.00180825 0.960318 0.00207296
0.958271 0.00287878 0.95907 0.0036357
0.960237 0.0035069 0.960905 0.00374973
0.96007 0.00411732 0.960214 0.0046134
0.960957 0.0045477 0.961031 0.00451523
0.960121 0.00450262 0.960209 0.00439505
0.961983 0.00460648 0.962103 0.00408768
0.962291 0.00483998 0.962068 0.00434587
0.96229 0.00449454 0.962214 0.00414258
0.961754 0.00447004 0.961166 0.00454602
0.962301 0.00286408 0.962483 0.00229126
0.962894 0.00385068 0.962391 0.00358867
0.963884 0.00300209 0.963675 0.00247734
0.963249 0.00406446 0.962739 0.00357738
0.96252 0.00428814 0.962115 0.003815
0.962688 0.00403082 0.962567 0.00375875
0.962502 0.00408983 0.962125 0.0038121
0.964352 0.0040594 0.963618 0.00367015
0.962595 0.00399405 0.961872 0.00385142
0.963824 0.0030251 0.962993 0.00309646
0.963345 0.00413018 0.962458 0.00464905
0.965612 0.00156668 0.964463 0.00196411
0.964232 0.00359837 0.963197 0.00265418
0.964919 0.00296757 0.963944 0.00278729
0.965087 0.00167021 0.96434 0.00136891
0.965439 0.00162292 0.964867 0.00115868
0.964321 0.00455867 0.963273 0.00485701
0.964461 0.00419842 0.96353 0.00405582
0.964382 0.00313392 0.963498 0.00333409
0.961613 0.00549189 0.960512 0.00532361
0.965744 0.00215612 0.965194 0.00135275
0.962323 0.00360665 0.961704 0.00400345
0.963914 0.0033865 0.963136 0.00323796
0.964048 0.00281742 0.963666 0.00251496
0.963647 0.00395515 0.962878 0.00377853
0.965675 0.00174246 0.965136 0.00131897
0.965274 0.00256444 0.964393 0.00219952
0.965169 0.00293441 0.964305 0.00221048
0.963296 0.00384997 0.962862 0.00365065
0.966309 0.0015845 0.96532 0.00101832
0.965058 0.00329288 0.964343 0.0034097
0.964588 0.00400069 0.963796 0.00364638
0.965551 0.00287219 0.964724 0.00249125
0.965198 0.00342765 0.964074 0.00344621
0.965133 0.00164912 0.964676 0.00154239
0.965166 0.00278957 0.964091 0.00236862
0.96682 0.000805267 0.965705 0.000556324
0.966146 0.00334024 0.964813 0.00349917
0.96582 0.00288636 0.964397 0.00326869
0.964858 0.00362399 0.963958 0.00331098
0.963245 0.00524108 0.962384 0.00484186
0.96548 0.00409834 0.96412 0.00400187
0.965038 0.00339335 0.964028 0.00296754
0.965957 0.00108214 0.964421 0.00188186
0.96588 0.00214682 0.964907 0.00154881
0.966812 0.00105264 0.965573 0.00162642
0.96629 0.0016082 0.965316 0.0015899
0.967038 0.000887991 0.966248 0.00102972
0.96591 0.00259587 0.965099 0.00202054
0.965634 0.00261538 0.964517 0.00261762
0.966459 0.0014237 0.964956 0.00139975
0.96536 0.00306556 0.96473 0.0023213
0.966522 0.00115951 0.964655 0.00185922
0.966335 0.0025172 0.964874 0.0021134
0.965825 0.00290808 0.964303 0.0029408
0.96663 0.00170479 0.966004 0.00121739
0.964774 0.00328652 0.964275 0.0028595
0.966557 0.00236208 0.965293 0.00231987
0.966427 0.0011991 0.965742 0.00102479
0.96556 0.0029941 0.964771 0.00304641
0.967306 0.000591148 0.966388 0.000625917
0.967405 0.00082907 0.966066 0.000662802
0.965187 0.00316275 0.964308 0.00304461
0.963583 0.00485855 0.962954 0.00399586
0.965836 0.00211757 0.965257 0.00197981
0.966973 0.000996227 0.966336 0.000668905
0.965818 0.00257013 0.965106 0.00216908
0.966983 0.00181182 0.965927 0.00170835
0.966068 0.00160461 0.965083 0.00175805
0.966591 0.00268656 0.965749 0.00241907
0.967486 0.00113867 0.966347 0.00049139
0.967366 0.000752186 0.966771 0.000802029
0.96645 0.00261223 0.965278 0.00265538
0.967998 0.000878451 0.966425 0.000469584
0.966197 0.00312216 0.964881 0.00296089
0.967327 0.00178749 0.96665 0.00127293
0.966175 0.00202891 0.965983 0.00202926
0.967914 0.000678391 0.966391 0.000469231
0.966752 0.00164538 0.965534 0.00168425
0.966865 0.0013278 0.966005 0.000926064
0.967741 0.00043265 0.966899 0.000785238
0.967066 0.00194248 0.966284 0.00122167
0.966934 0.00150314 0.965935 0.00109104
0.965661 0.00260951 0.964889 0.00262076
0.967235 0.00218201 0.96599 0.00199742
0.965811 0.00364327 0.964509 0.003432
0.968251 0.00056489 0.96672 0.000851815
0.966691 0.00263378 0.965191 0.00297834
0.967836 0.00190037 0.966628 0.000911537
0.967913 0.00115692 0.966573 0.00123684
