0.967134 0.000402278 0.956408 0.000447811
0.967133 0.000307768 0.956315 0.000550136
0.967265 0.000487284 0.956106 0.000475232
0.967431 0.0003309 0.955976 0.000403997
0.967316 0.000221663 0.95608 0.000433446
0.967177 0.000313777 0.956093 0.000431909
0.967038 0.000343416 0.956352 0.000469012
0.9672 0.000375207 0.956376 0.000521696
0.96715 0.000574325 0.956283 0.000392137
0.967457 0.000383224 0.955937 0.000320205
0.967044 0.000258292 0.956095 0.000383314
0.967126 0.000332305 0.956106 0.000460677
0.967037 0.000387017 0.95619 0.000553291
0.967016 0.000422955 0.955988 0.000479504
0.967162 0.000275355 0.956047 0.000518559
0.967173 0.000324292 0.955845 0.000427103
0.967141 0.000258824 0.955793 0.000400047
0.96731 0.000306677 0.956024 0.000389534
0.967147 0.000225559 0.956404 0.000363854
0.967113 0.000399759 0.956003 0.000680533
0.967133 0.0001813 0.955751 0.000283348
0.967058 0.00055157 0.955782 0.000314608
0.966988 0.000530355 0.956125 0.000554056
0.966791 0.000352125 0.955526 0.00046413
0.96702 0.000411933 0.955806 0.000630035
0.966973 0.000416843 0.955944 0.000451382
0.96679 0.000406532 0.955909 0.000689932
0.967009 0.000307464 0.955874 0.000369498
0.967172 0.000524994 0.95562 0.000391666
0.966994 0.000377139 0.955595 0.000429847
0.966886 0.000519867 0.955601 0.000551217
0.966821 0.000458724 0.955913 0.00021217
0.966967 0.000491261 0.955357 0.000449742
0.966943 0.000345977 0.955895 0.000519744
0.966586 0.000298505 0.956023 0.000508822
0.96673 0.000456661 0.955566 0.000665409
0.966752 0.000327909 0.955573 0.000371792
0.966679 0.000539686 0.955524 0.000513445
0.966343 0.000417412 0.95534 0.00035278
0.966694 0.00043901 0.955672 0.000643564
0.966716 0.00057965 0.955693 0.00034158
0.966573 0.000489505 0.955691 0.000405136
0.966531 0.000334147 0.955598 0.00030095
0.966359 0.000388002 0.955498 0.000378468
0.96664 0.000362833 0.955747 0.000566727
0.966409 0.000405918 0.955588 0.000420034
0.966204 0.000360136 0.955246 0.000400851
0.966525 0.000403537 0.955335 0.000690595
0.966171 0.000451378 0.955264 0.000426818
0.96601 0.000436489 0.955439 0.000481605
0.966588 0.000365113 0.955144 0.000292333
0.965856 0.000526459 0.95545 0.000577149
0.966047 0.000411289 0.955627 0.000308911
0.965845 0.00055773 0.955441 0.000382933
0.966202 0.000543667 0.955343 0.000474256
0.966071 0.000682974 0.955797 0.00049932
0.965835 0.000331605 0.955527 0.000495936
0.966256 0.000528782 0.95548 0.000540043
0.965983 0.000430097 0.955219 0.000402364
0.965624 0.00054434 0.955306 0.000506079
0.965985 0.000421449 0.955344 0.000473471
0.965967 0.000513832 0.955358 0.00034012
0.965396 0.000570191 0.954895 0.000433961
0.966058 0.000608383 0.95507 0.000549957
0.965515 0.000524368 0.954846 0.000446678
0.966013 0.000681879 0.955136 0.000543247
0.965676 0.00113865 0.954771 0.000594812
0.96573 0.0010796 0.955067 0.00061055
0.965498 0.000782644 0.955077 0.000749758
0.965657 0.000619872 0.955145 0.000632725
0.965394 0.00107666 0.954741 0.000785113
0.965422 0.000822015 0.955106 0.000456326
0.965205 0.000652987 0.954884 0.000365563
0.964951 0.000899661 0.954504 0.000911631
0.965256 0.000755213 0.954575 0.00087489
0.96506 0.0011327 0.954213 0.00101738
0.964753 0.00120476 0.953802 0.00116489
0.964345 0.00152383 0.953893 0.00130962
0.963703 0.00149211 0.95314 0.00177618
0.963197 0.00182883 0.952961 0.0015967
