0.796477 0.000397235 0.791801 0.000435402
0.796985 0.000493853 0.792508 0.000385518
0.796958 0.000586848 0.79282 0.000237684
0.797195 0.000416659 0.792969 0.000223246
0.797157 0.000373858 0.793294 0.00034128
0.79701 0.000542706 0.79347 0.000356721
0.797079 0.000412819 0.793594 0.000650807
0.7972 0.000515594 0.793537 0.000386382
0.797081 0.000343147 0.79392 0.000614613
0.797012 0.000297598 0.793731 0.000389761
0.797095 0.000492159 0.793759 0.000479294
0.796866 0.000780327 0.793978 0.000427103
0.796914 0.000427967 0.794398 0.000669434
0.796913 0.000524202 0.794531 0.000564716
0.797356 0.00073947 0.793977 0.000300453
0.797071 0.000368453 0.794425 0.00055334
0.797177 0.000398302 0.794309 0.000429632
0.797298 0.000600167 0.794759 0.00048897
0.796956 0.000414284 0.794756 0.000662857
0.797598 0.000643447 0.794746 0.00045717
0.797162 0.000437522 0.794653 0.000393412
0.797389 0.000443095 0.794793 0.000433095
0.797202 0.000513264 0.794833 0.000404913
0.797087 0.000663711 0.794802 0.000375872
0.797488 0.000592789 0.794933 0.00038001
0.797146 0.000584157 0.794929 0.000448168
0.797332 0.00048595 0.795274 0.000562587
0.797395 0.000629117 0.795053 0.000373137
0.797516 0.000511261 0.795376 0.000337301
0.797118 0.000737105 0.795342 0.00060521
0.797669 0.000760901 0.795353 0.000577521
0.797526 0.00036881 0.795383 0.000583046
0.797403 0.000446982 0.795062 0.000405613
0.797385 0.000646883 0.795344 0.000600083
0.798063 0.000943438 0.795431 0.000346264
0.797842 0.000826943 0.79549 0.000496677
0.797868 0.000454708 0.795544 0.000638678
0.798055 0.000562972 0.79566 0.000547361
0.798087 0.000659225 0.795904 0.00068068
0.798358 0.000525881 0.796018 0.000535348
0.798046 0.000563245 0.79615 0.00072179
0.798187 0.000445355 0.795807 0.000559565
0.798253 0.000584085 0.795738 0.000769437
0.798626 0.000539957 0.796333 0.000670423
0.798174 0.000639493 0.795678 0.000328353
0.798548 0.000616658 0.796177 0.00042622
0.798381 0.00087841 0.796363 0.000356543
0.798503 0.000684056 0.796399 0.000610495
0.798475 0.0007211 0.796352 0.000707234
0.798271 0.000494747 0.796094 0.000392016
0.798255 0.00108611 0.796471 0.000702249
0.798545 0.000529782 0.79634 0.000526861
0.798542 0.00098296 0.797056 0.000517218
0.798571 0.000883295 0.796317 0.000561755
0.798422 0.000642655 0.796539 0.000600183
0.798579 0.000923111 0.796725 0.000580334
0.798765 0.000861643 0.797102 0.000799437
0.79884 0.000996725 0.797124 0.000557166
0.79891 0.000924909 0.796726 0.000476424
0.799233 0.000945252 0.797304 0.000569402
0.799212 0.000715789 0.797049 0.000672571
0.799094 0.000967813 0.797167 0.000825868
0.79936 0.000920431 0.797387 0.000431436
0.798947 0.000901599 0.797175 0.000767942
0.798838 0.000644521 0.797558 0.000569123
0.799526 0.000884495 0.797691 0.000651373
0.799017 0.00106632 0.797275 0.000461101
0.800133 0.00122156 0.797892 0.000841472
0.799746 0.000945247 0.798164 0.000718504
0.799335 0.000711379 0.797654 0.00074066
0.799399 0.000740489 0.798081 0.000475055
0.799953 0.00115114 0.797801 0.000749793
0.800353 0.00103598 0.797942 0.000805418
0.800078 0.00100358 0.798116 0.000948567
0.800445 0.00075925 0.798246 0.000724978
0.80055 0.000651303 0.797971 0.000934517
0.800204 0.000917318 0.798667 0.00119318
0.800726 0.00120541 0.798808 0.000740898
0.800483 0.000840241 0.798712 0.000914765
0.800932 0.000982664 0.798769 0.000805311
0.800894 0.00088444 0.79893 0.000839079
0.800864 0.000922558 0.798777 0.000891786
0.801255 0.000980282 0.799093 0.000737741
0.801006 0.00106008 0.799148 0.000511624
0.800899 0.000622656 0.799299 0.000659774
0.801208 0.00103784 0.799479 0.000912552
0.801229 0.000883289 0.799647 0.000865759
0.802246 0.00158791 0.799333 0.00086964
0.801181 0.00144823 0.799461 0.000582657
0.800452 0.000946174 0.79983 0.000853166
0.802504 0.00100778 0.800228 0.000526624
0.801858 0.00107294 0.799989 0.00158066
0.802486 0.00092904 0.799969 0.00113728
0.801967 0.00080313 0.800196 0.00112155
0.802216 0.00107357 0.800112 0.00103529
0.802588 0.00083461 0.7997 0.0010473
0.802023 0.000922716 0.80042 0.00109644
0.802281 0.00146856 0.800231 0.00106631
0.802418 0.001026 0.799862 0.00078505
0.803149 0.00162693 0.801018 0.000897769
