0.803893 0.000185026 0.790929 0.000165305
0.803057 0.000522961 0.790141 0.000455935
0.80283 0.000512675 0.789886 0.000434005
0.802403 0.000258434 0.789462 0.000195051
0.80234 0.000231716 0.789377 0.000189888
0.802246 0.000124169 0.789238 0.000108394
0.802148 3.92583e-05 0.789125 4.17498e-05
0.802086 4.69416e-05 0.78905 7.17425e-05
0.801968 0.000127912 0.788892 0.00012931
0.801937 0.000129216 0.788829 0.000140549
0.801635 0.000389331 0.788473 0.000416762
0.801617 0.000456252 0.788409 0.000529899
0.80101 0.000387381 0.787744 0.000470478
0.801084 0.000468312 0.787783 0.00053558
0.800866 0.000366577 0.7875 0.000463478
0.800562 0.00015736 0.787138 0.000213803
0.80052 0.000212617 0.787015 0.000267646
0.800475 0.000158076 0.786983 0.000189788
0.800371 0.000122371 0.786767 0.000131239
0.800283 0.00010402 0.786601 0.000166575
0.800212 0.000103177 0.786498 0.000150565
0.800058 0.000164931 0.78622 0.000282705
0.799936 0.000220116 0.786033 0.000336412
0.799742 0.000339735 0.785669 0.000619865
0.799563 0.000269079 0.785327 0.000496518
0.799191 0.000168082 0.784644 0.000404573
0.799065 0.000174506 0.784371 0.000421134
0.799067 0.000162025 0.784207 0.000436424
0.798718 0.000146995 0.783663 0.000111546
0.79847 0.000253621 0.783347 0.00033121
0.798379 0.000363682 0.783245 0.000481407
0.798046 0.000495575 0.782901 0.00051777
0.797072 0.000764725 0.781866 0.000737819
0.796181 0.00073423 0.781023 0.000694297
0.795217 0.000837701 0.780097 0.000771908
0.793783 0.000540433 0.778836 0.000521547
0.793468 0.00108097 0.778565 0.000939569
0.792757 0.00114289 0.77795 0.000999479
0.791236 0.00176403 0.776591 0.00150383
0.788721 0.00120708 0.77431 0.00101342
0.786843 0.000822272 0.772643 0.000775088
0.783504 0.00236603 0.769748 0.0020849
0.77953 0.00279242 0.766059 0.00256825
0.77641 0.00189138 0.763214 0.00177387
0.772479 0.0030758 0.759794 0.00271993
0.770921 0.00299965 0.758302 0.00283063
0.768012 0.00357979 0.755647 0.00333949
0.761943 0.00295689 0.749932 0.00271817
0.756464 0.00363875 0.745131 0.00370445
0.748745 0.00258856 0.737696 0.00235567
0.745923 0.00294697 0.734465 0.0026932
0.740267 0.00435553 0.729339 0.00457232
0.735694 0.00307292 0.724968 0.00310551
0.730831 0.0039874 0.719772 0.00426653
0.72474 0.00222414 0.713186 0.00268461
0.721154 0.00141849 0.709026 0.00180567
0.718385 0.00141629 0.705797 0.0017578
0.717609 0.000899583 0.704443 0.00103876
0.716461 0.000203666 0.70289 0.000357164
0.716381 0.000208951 0.702687 0.000347637
0.716187 0.000146931 0.702457 0.000332196
0.716036 0.000145042 0.702139 0.000125406
0.715937 0.000113502 0.701953 0.000127703
0.715826 0.000116709 0.701744 0.000139253
0.715635 0.000159142 0.701625 0.000138846
0.715685 0.000220453 0.701574 0.000241838
0.715359 0.000140668 0.701257 0.000221476
0.715138 0.000233948 0.700918 0.000309403
0.714843 0.000371796 0.700275 0.000535162
0.714344 0.000395654 0.699487 0.000466762
0.713602 0.000566289 0.698489 0.000794997
0.712839 0.000455458 0.697487 0.000659655
0.710843 0.000517488 0.695362 0.000650205
0.70889 0.000752852 0.693371 0.000854211
0.706292 0.000993291 0.690713 0.00101465
0.703708 0.000985908 0.688425 0.000821617
0.700527 0.0010176 0.685365 0.000984012
0.699073 0.000371842 0.683939 0.000411215
0.698245 0.000212775 0.683175 0.000127547
0.697842 0.000195016 0.682655 0.000273761
