0.808849 0.000454172 0.793502 0.000389036
0.808613 0.000315231 0.793279 0.000347428
0.809002 0.000523464 0.79383 0.000687773
0.808708 0.00027015 0.793322 0.000190382
0.808835 0.000231712 0.793506 0.000325522
0.808824 0.000279608 0.793315 0.000263683
0.808803 0.000374834 0.793495 0.000350191
0.808818 0.000220346 0.793413 0.000464151
0.808718 0.000325138 0.793354 0.000276798
0.808761 0.000536391 0.793564 0.000589463
0.808964 0.000339504 0.793393 0.000503878
0.808721 0.000364209 0.793309 0.000291324
0.808639 0.000242282 0.793502 0.000310683
0.808841 0.000341075 0.793081 0.000247956
0.808766 0.000471661 0.793577 0.000425471
0.809195 0.000572754 0.793715 0.000495532
0.80877 0.000386588 0.793513 0.000284264
0.808686 0.000304265 0.793116 0.000183854
0.808997 0.000421843 0.793547 0.00039158
0.808796 0.000261397 0.793355 0.000314005
0.808847 0.000425942 0.793422 0.00036847
0.808936 0.00052826 0.793701 0.000548131
0.808731 0.000377015 0.793417 0.00035959
0.808841 0.000274592 0.793265 0.000321854
0.80877 0.000397884 0.793283 0.000418285
0.808857 0.000320383 0.793408 0.000550369
0.808805 0.000313913 0.793354 0.000341808
0.808693 0.000443165 0.793359 0.000457479
0.808869 0.000414828 0.793245 0.000258458
0.809013 0.000265365 0.793139 0.000226215
0.808751 0.000309183 0.793401 0.000526283
0.808671 0.000336947 0.793324 0.000542232
0.808698 0.000384957 0.793228 0.000291023
0.809105 0.000400391 0.793383 0.000537901
0.808973 0.000599832 0.793564 0.000550948
0.808816 0.000580785 0.793247 0.00033552
0.809203 0.000260871 0.793071 0.000274078
0.808686 0.00046873 0.793 0.000386163
0.809015 0.000253877 0.792982 0.000512197
0.809063 0.000389514 0.793063 0.000246158
0.808879 0.000433778 0.793191 0.000543618
0.808906 0.000347055 0.793239 0.000526747
0.808785 0.000284372 0.793211 0.000581097
0.808819 0.000436886 0.792944 0.000240869
0.80854 0.00044185 0.793216 0.000524471
0.808819 0.00034022 0.793225 0.000472856
0.80891 0.000271715 0.792955 0.000338352
0.808842 0.000488989 0.792861 0.000387762
0.808854 0.000274205 0.79336 0.000550811
0.809093 0.000302041 0.793102 0.000528219
0.808918 0.000415697 0.792981 0.000320851
0.808974 0.000515567 0.793237 0.000534337
0.808812 0.000343525 0.792838 0.00056353
0.808917 0.000433228 0.792969 0.000368143
0.808987 0.000437196 0.792796 0.000312092
0.808934 0.000368939 0.793096 0.000479213
0.809283 0.000288502 0.793087 0.000585353
0.808773 0.000387776 0.79293 0.000426264
0.808907 0.000432011 0.793102 0.000388136
0.808806 0.000334483 0.793143 0.000481864
0.808839 0.000385015 0.792746 0.000401791
0.808747 0.00048635 0.792929 0.000441713
0.808817 0.000264791 0.793074 0.000287491
0.809002 0.000325293 0.792891 0.000500219
0.809018 0.000382222 0.79265 0.000280286
0.808755 0.00040057 0.792812 0.000327822
0.808776 0.000544844 0.792935 0.000497764
0.808834 0.000238986 0.792846 0.000426719
0.808987 0.000552465 0.79285 0.000332591
0.808814 0.000403931 0.792814 0.000327183
0.808715 0.000569809 0.793023 0.000516912
0.808703 0.000461878 0.793072 0.000431511
0.808781 0.000324158 0.792708 0.000411776
0.808787 0.000422336 0.792754 0.00025336
0.808631 0.000375066 0.792995 0.0005075
0.808969 0.000442999 0.792765 0.000424356
0.80868 0.000396787 0.792914 0.000494243
0.808761 0.000358584 0.792578 0.000318056
0.808726 0.00042866 0.792781 0.000367043
0.808747 0.00029242 0.792779 0.000453581
