0.808526 0.000202304 0.793442 0.000251025
0.808711 0.000229095 0.793438 0.000383605
0.808384 0.000305232 0.793511 0.000282038
0.808576 0.000261734 0.793481 0.000186733
0.8086 0.000297594 0.793487 0.000222376
0.808581 0.000278276 0.793401 0.000329707
0.808677 0.000568591 0.793765 0.000476003
0.80876 0.000351032 0.793577 0.000537248
0.808638 0.000343087 0.793526 0.00044237
0.80887 0.000229962 0.793464 0.000204112
0.808508 0.000431804 0.793555 0.000217145
0.808589 0.000298501 0.793436 0.000383471
0.808619 0.000281413 0.793234 0.000449125
0.808698 0.000416516 0.79357 0.000414683
0.808825 0.000273269 0.793484 0.000285121
0.808864 0.000352846 0.793436 0.00038474
0.808633 0.00031928 0.793489 0.000340634
0.808779 0.00022971 0.793357 0.000420622
0.808667 0.000255747 0.793622 0.000572483
0.808824 0.000357042 0.793511 0.000367208
0.808735 0.000289675 0.793374 0.000378758
0.808493 0.00042914 0.793597 0.000612016
0.808466 0.000302717 0.793465 0.000175826
0.808815 0.00020898 0.793486 0.000516472
0.808622 0.000280612 0.793357 0.000422133
0.808741 0.0003676 0.793615 0.000667149
0.808504 0.000587134 0.793452 0.000312186
0.808645 0.000424115 0.793406 0.000401382
0.808514 0.000310474 0.793391 0.000505277
0.808704 0.000503998 0.79336 0.000276837
0.808602 0.00037775 0.793346 0.000320418
0.808669 0.000499497 0.793324 0.000280906
0.80868 0.000479766 0.793318 0.000739491
0.808676 0.000425644 0.793278 0.000305615
0.808337 0.000685625 0.793318 0.000461479
0.808862 0.000387904 0.793244 0.000327731
0.80856 0.000502309 0.7932 0.000540184
0.808573 0.000280274 0.793245 0.000341517
0.80858 0.000330649 0.793177 0.000349256
0.808545 0.000508225 0.79346 0.00048364
0.808661 0.000438809 0.793103 0.000385593
0.808347 0.000356648 0.793542 0.000336763
0.808547 0.00056489 0.793312 0.000361029
0.808761 0.000433423 0.793129 0.000586983
0.80891 0.00052301 0.793143 0.000575231
0.808465 0.000504677 0.793355 0.000419774
0.808601 0.000432762 0.793333 0.00035981
0.808617 0.000334363 0.793304 0.000516272
0.808924 0.000388799 0.793019 0.000420541
0.80851 0.000338261 0.793057 0.000323601
0.808398 0.000582504 0.793148 0.000311796
0.808551 0.000298399 0.792843 0.000394001
0.808563 0.000485121 0.792865 0.000250635
0.808628 0.000437761 0.793009 0.000369758
0.808604 0.000268784 0.793103 0.000535279
0.80854 0.000338742 0.793269 0.000384662
0.808576 0.000522755 0.792986 0.000414345
0.808618 0.000490402 0.793229 0.000717208
0.808478 0.000433456 0.79339 0.000539491
0.808723 0.000445409 0.792984 0.000316358
0.808582 0.000455302 0.793098 0.00031958
0.808579 0.000433448 0.792718 0.000504967
0.808594 0.000182705 0.792934 0.00037156
0.808632 0.000357899 0.792814 0.000285633
0.808584 0.000660166 0.79303 0.00039092
0.808501 0.000500314 0.793057 0.000405109
0.808667 0.000487333 0.79316 0.000506206
0.80843 0.00049551 0.792799 0.000303753
0.808467 0.000591673 0.792832 0.00041053
0.808753 0.000321418 0.7931 0.000469307
0.80843 0.000317839 0.792817 0.000296251
0.80856 0.000419312 0.793021 0.000499068
0.808297 0.000284877 0.792948 0.000419702
0.808676 0.000346865 0.792915 0.000367692
0.808463 0.000317192 0.792903 0.000306668
0.808642 0.000360176 0.792987 0.000518414
0.808435 0.00055782 0.793196 0.000626717
0.808686 0.000530262 0.793136 0.000506817
0.808352 0.000412686 0.792797 0.000490494
0.80797 0.00024232 0.793101 0.000361338
