0.96771 0.000168929 0.957489 0.000376489
0.967604 0.000222815 0.957509 0.000316249
0.967663 0.000392863 0.957528 0.000377672
0.967708 0.00013664 0.957283 0.000287751
0.967561 0.000175481 0.957473 0.000275047
0.967765 0.000700601 0.957465 0.000628358
0.967553 0.000267191 0.95735 0.000296778
0.967618 0.000179397 0.957289 0.000274276
0.967841 0.000330862 0.95752 0.00041696
0.967625 0.000240526 0.957545 0.000458217
0.96783 0.00028115 0.957375 0.000337148
0.967687 0.000215224 0.957295 0.000207906
0.967579 0.000206845 0.95737 0.00026994
0.967611 0.000110829 0.957376 0.000255619
0.967571 0.00014987 0.957435 0.000226799
0.967684 0.000196709 0.957315 0.000266267
0.967576 0.000137503 0.957172 0.000251823
0.967579 0.000258165 0.957352 0.00030835
0.967608 0.000246511 0.957264 0.000302505
0.967566 0.000177634 0.957384 0.000257989
0.967597 0.0003076 0.957556 0.000366959
0.967694 0.000238032 0.957703 0.000329398
0.967605 0.000326528 0.957541 0.000239494
0.967634 0.000201343 0.957564 0.00047761
0.967631 0.000422761 0.957601 0.00030305
0.967595 0.000182447 0.957235 0.000312873
0.967537 0.000252203 0.95757 0.000366117
0.967643 0.000266672 0.957492 0.000191843
0.967655 0.000198501 0.957472 0.000394926
0.967583 0.000388753 0.957496 0.000509874
0.967665 0.000196803 0.957372 0.000227773
0.967612 0.000422355 0.957639 0.000431405
0.967593 0.00026766 0.957403 0.000450428
0.967564 0.000298033 0.957489 0.000371962
0.967586 0.000345036 0.957488 0.00026356
0.967444 0.000315746 0.957598 0.00026774
0.967707 0.000279813 0.957502 0.000226339
0.967566 0.000399827 0.957456 0.000293403
0.967644 0.000272396 0.957474 0.000295083
0.967625 0.000255961 0.957593 0.000383306
0.967704 0.000270114 0.957543 0.000321677
0.967654 0.000242088 0.957289 0.000269032
0.967554 0.00040811 0.95739 0.000337816
0.967606 0.000226442 0.95742 0.00037664
0.96776 0.000286025 0.957661 0.000409505
0.967733 0.000374056 0.957247 0.000269043
0.967464 0.000235438 0.957479 0.000156128
0.967618 0.000408499 0.957614 0.000447174
0.967627 0.000399853 0.957537 0.000436423
0.967786 0.000317522 0.957473 0.000436054
0.967694 0.000430378 0.957669 0.000498124
0.967748 0.000329323 0.957435 0.000409914
0.967681 0.000358744 0.957482 0.000317742
0.96772 0.00042451 0.95729 0.000458854
0.967596 0.000367198 0.957382 0.000376035
0.967844 0.000317743 0.957426 0.000295731
0.967714 0.000324343 0.957378 0.000496701
0.967722 0.000471765 0.957621 0.000523556
0.967519 0.000459869 0.957615 0.000444203
0.967714 0.000416156 0.95764 0.000474879
0.967856 0.000405066 0.9571 0.000282241
0.967638 0.000357844 0.957379 0.000419415
0.967724 0.000580589 0.957639 0.000580292
0.967949 0.000387135 0.957398 0.000297029
0.967948 0.000404485 0.957315 0.000454378
0.967803 0.000370004 0.957462 0.000542021
0.967684 0.000548535 0.957595 0.000556466
0.967733 0.000437367 0.957362 0.000520226
0.967939 0.000344987 0.957426 0.000579205
0.967794 0.000282786 0.957417 0.000516247
0.967851 0.000441012 0.957153 0.000330007
0.967943 0.000294429 0.957207 0.000472767
0.968174 0.000135591 0.957168 0.000495487
0.967862 0.000512549 0.957427 0.000487383
0.967912 0.000321712 0.957285 0.00029026
0.968029 0.000503607 0.957644 0.000704244
0.967962 0.000377183 0.957584 0.000607054
0.967876 0.000475643 0.957391 0.000687695
0.967869 0.000501261 0.957256 0.000330495
0.967433 0.000790249 0.957526 0.000435946
