0.967358 0.000255897 0.957167 0.000171557
0.967439 0.00029635 0.957331 0.000287212
0.967253 0.000120156 0.957221 0.000112763
0.967291 0.000189378 0.957169 0.000242825
0.967445 0.000194993 0.957235 0.000261209
0.967254 0.000200675 0.957109 0.000296994
0.967348 0.000268838 0.957193 0.000148473
0.967424 0.000239541 0.957308 0.000177726
0.967374 0.000172804 0.95723 0.000249237
0.967365 0.00021572 0.9573 0.000246522
0.96738 0.0001939 0.957097 0.000182349
0.96738 0.000234826 0.957158 0.000207993
0.967215 0.000253972 0.957266 0.000238445
0.967282 0.00024261 0.95725 0.000245279
0.96726 0.000206071 0.957348 0.000150679
0.967483 0.000240478 0.957176 0.000293591
0.967305 0.000270258 0.95714 0.000276757
0.967309 0.000288844 0.957161 0.000266712
0.967381 0.00035034 0.957225 0.000201052
0.967376 0.000280954 0.957346 0.000262677
0.967508 0.000138989 0.956978 0.000262716
0.967433 0.000139037 0.957326 0.000214151
0.967517 0.000195427 0.957023 0.000200387
0.967294 0.000291007 0.957328 0.000172483
0.96742 0.000342174 0.957105 0.000234458
0.96745 0.000351646 0.957103 0.000289825
0.967254 0.000279828 0.9573 0.00038887
0.967241 0.000296672 0.957287 0.000420102
0.967492 0.000268461 0.957268 0.000334049
0.967358 0.000184732 0.957258 0.000272385
0.967379 0.000351256 0.957227 0.000338199
0.967059 0.000329353 0.957336 0.000356655
0.967481 0.000309266 0.957109 0.00021655
0.967419 0.000284971 0.957107 0.000306508
0.967579 0.000306657 0.956908 0.000381212
0.967484 0.000360835 0.957409 0.00043251
0.967272 0.000355223 0.957163 0.000352474
0.967479 0.000420078 0.957123 0.000402062
0.96756 0.000303714 0.956928 0.000332603
0.967404 0.000462263 0.957155 0.000403433
0.967545 0.000240611 0.957058 0.000363542
0.967473 0.000299409 0.957118 0.000302638
0.967541 0.000309132 0.957186 0.000498405
0.967338 0.000392071 0.957093 0.000334809
0.967623 0.00031162 0.956812 0.000411983
0.967429 0.000353425 0.957419 0.000310701
0.967457 0.000582193 0.957114 0.00032023
0.967618 0.000401015 0.957073 0.000345736
0.967575 0.000444819 0.957287 0.000451771
0.967292 0.000368895 0.957163 0.000489317
0.967568 0.000373083 0.957096 0.000502563
0.967515 0.000515021 0.957398 0.000681829
0.967682 0.000356853 0.956857 0.000393026
0.967799 0.000274613 0.957045 0.000559879
0.967706 0.00037734 0.957013 0.000571037
0.96766 0.00024439 0.956908 0.000224521
0.967599 0.000521102 0.956892 0.000404798
0.967453 0.00051997 0.956881 0.000470395
0.967648 0.000500346 0.95708 0.000421758
0.967736 0.000363027 0.956875 0.00038352
0.967566 0.000297704 0.956867 0.000480122
0.967793 0.000417452 0.956999 0.000491676
0.9678 0.00031031 0.956668 0.000301625
0.967536 0.00058642 0.956773 0.000462116
0.967861 0.000256393 0.956768 0.000462838
0.967448 0.000449201 0.957059 0.000423136
0.967679 0.000544275 0.956781 0.000540668
0.967744 0.000464134 0.956687 0.000428441
0.967638 0.00032908 0.956895 0.000283296
0.967614 0.000505489 0.957006 0.000242228
0.967538 0.000567183 0.956943 0.000370884
0.967292 0.000427345 0.957091 0.000410503
0.967436 0.000477141 0.95694 0.000333292
0.967695 0.000369162 0.956888 0.000331666
0.967533 0.000545872 0.956803 0.000414174
0.967816 0.000272367 0.956484 0.000356595
0.967374 0.000475492 0.956832 0.000388433
0.967439 0.00063814 0.957227 0.00042025
0.967494 0.000328354 0.956787 0.000425689
0.967804 0.000389899 0.957077 0.000607667
