0.79634 0.000377687 0.791487 0.000278531
0.797249 0.000403924 0.791789 0.00061007
0.797496 0.000378162 0.791901 0.000475524
0.797639 0.000521447 0.792435 0.00018161
0.797487 0.000535019 0.792385 0.000232179
0.797574 0.000401845 0.792402 0.000172582
0.797708 0.00068681 0.79245 0.000293978
0.797251 0.000369051 0.792686 0.000255466
0.797862 0.00055908 0.79259 0.000298214
0.798163 0.000541672 0.792641 0.000308381
0.797897 0.00046816 0.792768 0.000426074
0.797426 0.000631858 0.792763 0.000444726
0.79789 0.000618826 0.793086 0.000318883
0.797512 0.000624054 0.792993 0.000457522
0.797672 0.000773013 0.793025 0.000367385
0.797689 0.000548043 0.79302 0.00049869
0.797658 0.000769741 0.792956 0.0004976
0.797838 0.000581395 0.793285 0.000367161
0.797363 0.000435221 0.79341 0.000324402
0.797734 0.00083764 0.793234 0.000314644
0.797528 0.000634298 0.793431 0.0002748
0.797869 0.000505727 0.793208 0.000426978
0.797645 0.000785971 0.793469 0.000642084
0.797646 0.000376665 0.793712 0.000407443
0.797692 0.000473235 0.79366 0.000528692
0.797491 0.000673662 0.793879 0.000366368
0.79771 0.000895249 0.793643 0.000324127
0.798355 0.00074817 0.793652 0.000329482
0.798069 0.000709826 0.793741 0.000490235
0.797951 0.000832919 0.793763 0.000475548
0.797278 0.00080648 0.793673 0.000439168
0.79792 0.000655089 0.794174 0.000538474
0.79825 0.000821755 0.794031 0.00023557
0.797675 0.000582314 0.794221 0.00047175
0.797757 0.00058462 0.794109 0.00050341
0.797769 0.00049716 0.794212 0.000396585
0.797864 0.000715284 0.794007 0.000505307
0.797543 0.000894938 0.794142 0.000697818
0.797811 0.000780221 0.79397 0.000326587
0.798054 0.000485292 0.794274 0.000357641
0.797331 0.000674095 0.794575 0.00047324
0.797926 0.000724067 0.794217 0.000390415
0.797353 0.000659816 0.794681 0.000310531
0.797811 0.00052859 0.794386 0.000570539
0.797775 0.000708505 0.794473 0.000328976
0.797915 0.000758724 0.794455 0.000362021
0.797411 0.000567127 0.794778 0.000287472
0.798041 0.000606239 0.794364 0.00032301
0.798018 0.000802999 0.794696 0.000269026
0.798172 0.000812119 0.794398 0.000395767
0.797564 0.000855308 0.794659 0.000381622
0.798112 0.000540227 0.794554 0.000505221
0.798027 0.000738866 0.794628 0.000511798
0.797994 0.00085337 0.794686 0.000528088
0.798314 0.00082994 0.794924 0.000362096
0.797785 0.000578665 0.795186 0.000531507
0.798381 0.000754885 0.794532 0.000286111
0.798355 0.000912445 0.794915 0.000542276
0.798568 0.000894876 0.795055 0.000539711
0.79807 0.000699646 0.794803 0.000505079
0.798389 0.000774804 0.795101 0.000467669
0.798532 0.000889399 0.795065 0.000346561
0.798262 0.00058024 0.795029 0.000469534
0.798007 0.000618343 0.795485 0.000496651
0.797953 0.000980574 0.794925 0.000531886
0.797974 0.000482561 0.795367 0.000284511
0.797649 0.00080013 0.795391 0.000384252
0.798274 0.000563984 0.794914 0.000395071
0.798249 0.000910698 0.795194 0.00055025
0.798461 0.000781749 0.795523 0.000409812
0.798141 0.000689418 0.795326 0.00052737
0.798334 0.000830138 0.795727 0.000447193
0.798298 0.000575343 0.795093 0.000563147
0.798616 0.00104653 0.795434 0.000499909
0.798112 0.000931722 0.795373 0.000491765
0.79853 0.000872179 0.795627 0.000433367
0.798799 0.000622388 0.795447 0.000420142
0.798375 0.000883488 0.79549 0.000487258
0.799047 0.00075167 0.795365 0.000691189
0.798315 0.00105592 0.795367 0.000540473
0.79858 0.000778457 0.795539 0.000586003
0.798553 0.000898781 0.795507 0.00071869
0.798602 0.000552564 0.795796 0.000747825
0.798369 0.000941839 0.795603 0.000430799
0.798611 0.000849585 0.795702 0.000461035
0.798907 0.000682205 0.795601 0.000441276
0.798693 0.000789347 0.795796 0.000863808
0.79858 0.00073142 0.795846 0.000748978
0.798891 0.000838744 0.795959 0.000458871
0.798733 0.000937967 0.796067 0.000514397
0.798927 0.000812461 0.795784 0.000944793
0.799307 0.000694872 0.796287 0.000487511
0.799425 0.000824759 0.795834 0.000661894
0.798972 0.000895228 0.796167 0.000557993
0.798774 0.00121996 0.796005 0.000648001
0.798638 0.000815893 0.796022 0.000644136
0.799346 0.00134928 0.796001 0.000561073
0.798548 0.000943801 0.796224 0.000639827
0.799761 0.000491081 0.796597 0.000501728
0.798961 0.000874235 0.796325 0.000648776
