0.811089 0.000398388 0.796207 0.000694771
0.810827 0.000500666 0.795912 0.00102083
0.810924 0.0004101 0.796057 0.000912992
0.81078 0.000568548 0.796107 0.00112408
0.811185 0.000555095 0.796592 0.000947281
0.810802 0.000395019 0.796045 0.00102027
0.810935 0.000464987 0.796441 0.00112526
0.810937 0.000495272 0.796473 0.000833198
0.810955 0.000604909 0.795762 0.00103476
0.810924 0.000481405 0.796281 0.00103566
0.811008 0.000585032 0.796069 0.000888606
0.810864 0.000643316 0.796099 0.00091286
0.810927 0.000621606 0.795934 0.000912718
0.811098 0.000466929 0.7965 0.000526071
0.810781 0.00058644 0.796104 0.00111229
0.811013 0.000359865 0.796194 0.000808022
0.810929 0.000511094 0.795984 0.000889262
0.811157 0.000652071 0.796552 0.00114452
0.811018 0.000503692 0.796819 0.000813117
0.811043 0.00066561 0.796436 0.000786004
0.811095 0.000811961 0.796239 0.00124369
0.811381 0.000878158 0.79664 0.00132692
0.811441 0.000592338 0.796386 0.000927087
0.811257 0.000548489 0.796249 0.000728642
0.811198 0.000562684 0.797123 0.00111702
0.811638 0.000605735 0.796651 0.000913021
0.811104 0.000517265 0.796357 0.00080574
0.810831 0.000710766 0.795962 0.00124375
0.811186 0.000645175 0.795982 0.000584959
0.810894 0.000574019 0.795941 0.000853587
0.811025 0.000673636 0.79626 0.000774044
0.811129 0.000411399 0.796695 0.00106473
0.811538 0.000786067 0.796725 0.00140134
0.811255 0.000657756 0.796195 0.000816528
0.811471 0.0005194 0.796617 0.000824739
0.811424 0.000630277 0.79705 0.000904592
0.811524 0.000698489 0.796749 0.0013306
0.811257 0.000764538 0.796011 0.00100546
0.811243 0.000551774 0.796535 0.000570396
0.811305 0.000537146 0.79604 0.00096298
0.811313 0.000660572 0.796398 0.000996689
0.811036 0.000812564 0.795982 0.000968858
0.811029 0.000480979 0.795834 0.000858739
0.811126 0.000679729 0.796068 0.000645647
0.811073 0.00092859 0.796417 0.00149951
0.811088 0.00101354 0.79627 0.0010471
0.811444 0.00072515 0.79661 0.0011865
0.810881 0.000522564 0.795821 0.000785609
0.811293 0.000642435 0.796429 0.00116703
0.811468 0.000696758 0.796587 0.000791632
0.811098 0.000797848 0.796222 0.000581808
0.811139 0.000667899 0.796255 0.00101004
0.811363 0.000468086 0.796049 0.000508585
0.811209 0.000578875 0.796258 0.00109753
0.811057 0.000556468 0.795834 0.000785544
0.811348 0.000590631 0.796646 0.000974864
0.811199 0.000479529 0.796029 0.000797664
0.810806 0.000606704 0.796 0.000706702
0.810913 0.000513057 0.796076 0.000707116
0.811471 0.000747815 0.796196 0.00103634
0.811262 0.000844411 0.795932 0.00102468
0.811777 0.000659328 0.796462 0.00099032
0.811037 0.000701944 0.796105 0.000758367
0.811539 0.000852675 0.79671 0.000831375
0.811144 0.000663529 0.795942 0.00060851
0.811188 0.000595578 0.79629 0.000915799
0.811252 0.000463618 0.796188 0.00111653
0.811362 0.000848603 0.79651 0.000505923
0.811063 0.000883957 0.795977 0.0010272
0.811641 0.000951266 0.796316 0.00110548
0.811707 0.0011312 0.797204 0.00156526
0.811101 0.000532324 0.796199 0.000603027
0.811298 0.000734635 0.795981 0.00098267
0.811266 0.000670569 0.795799 0.000657746
0.811512 0.000748164 0.796059 0.000721894
0.811374 0.000483647 0.795988 0.000773149
0.811266 0.000577862 0.796065 0.000875475
0.811673 0.00107465 0.796545 0.00100756
0.811388 0.0012093 0.796409 0.00111439
0.811354 0.000756404 0.796758 0.0010614
