0.810315 0.000523646 0.7951 0.000526039
0.810306 0.000803342 0.795182 0.000727134
0.810253 0.00047376 0.795227 0.000568207
0.810347 0.000442931 0.7953 0.000585745
0.810531 0.000743702 0.795544 0.000991043
0.810387 0.000450475 0.795421 0.000515385
0.810508 0.000507685 0.795146 0.000482985
0.810441 0.00046831 0.795063 0.000808406
0.810691 0.000545291 0.795424 0.000596923
0.810256 0.000495555 0.795003 0.000478665
0.810412 0.000605431 0.794967 0.000711115
0.810446 0.000549461 0.795216 0.000598176
0.810261 0.000425455 0.79523 0.000500497
0.810526 0.000637908 0.79538 0.000559384
0.810448 0.000586865 0.795027 0.000398193
0.810537 0.000472682 0.79531 0.000921438
0.810356 0.00035827 0.795476 0.000461012
0.81052 0.000610027 0.79557 0.000758589
0.810473 0.000458424 0.795289 0.000739643
0.810525 0.000413816 0.795162 0.000544265
0.8103 0.000439721 0.794845 0.000284326
0.810369 0.000485029 0.795059 0.000585775
0.810303 0.000346776 0.794959 0.000632285
0.810686 0.000809128 0.795417 0.000719638
0.810636 0.000423322 0.795565 0.000483852
0.810637 0.000427184 0.795278 0.000534319
0.81054 0.000412173 0.795156 0.000632549
0.810179 0.000242779 0.795145 0.000403132
0.810536 0.000567811 0.795411 0.000761307
0.81066 0.000588394 0.795581 0.00063917
0.810399 0.000347612 0.795808 0.00109263
0.810438 0.000427393 0.795259 0.000658764
0.810335 0.00044321 0.795299 0.000548753
0.810576 0.000644299 0.795707 0.000837242
0.810815 0.000403773 0.79564 0.000385836
0.810686 0.000579203 0.795275 0.000798831
0.810529 0.000565888 0.795699 0.000634433
0.810261 0.000382945 0.795415 0.000733757
0.810339 0.000574328 0.795616 0.000702335
0.810737 0.000448613 0.795703 0.000768337
0.810298 0.000602674 0.795605 0.000542296
0.810485 0.000500452 0.795244 0.000883751
0.810439 0.000610192 0.795507 0.000755169
0.810516 0.000395212 0.795307 0.00086154
0.810573 0.000397054 0.795397 0.000673372
0.810699 0.000545725 0.795903 0.00073283
0.810432 0.000441086 0.795546 0.00090089
0.810735 0.000387024 0.795276 0.000497424
0.810626 0.000601863 0.79574 0.000635604
0.810446 0.0006239 0.795451 0.000555534
0.810654 0.000610381 0.79566 0.000986684
0.810766 0.000332883 0.795509 0.000638944
0.810754 0.000453583 0.795678 0.00107078
0.811192 0.000432565 0.795557 0.000609109
0.810649 0.000445161 0.795397 0.000746598
0.810561 0.000386285 0.795308 0.000657189
0.810885 0.000587351 0.795758 0.000566966
0.810494 0.000483249 0.795911 0.000885125
0.810847 0.000453007 0.795808 0.00055788
0.810544 0.000590778 0.795654 0.000664954
0.8111 0.000719428 0.795273 0.000806395
0.810747 0.000467678 0.795613 0.000636627
0.811058 0.000943173 0.795991 0.000726684
0.810479 0.000422602 0.795578 0.000840116
0.810532 0.000836649 0.795934 0.000785988
0.810514 0.000539349 0.795616 0.000717725
0.810746 0.000447028 0.795547 0.000579763
0.810913 0.000659307 0.795878 0.000506426
0.810909 0.000456837 0.795302 0.00061491
0.811108 0.000727207 0.796527 0.00073354
0.811226 0.00062946 0.796156 0.00148348
0.810481 0.000943903 0.795402 0.000561297
0.810678 0.000706358 0.795547 0.000894585
0.810946 0.000593977 0.795807 0.00095002
0.811231 0.000688277 0.795703 0.000813072
0.811377 0.000678444 0.796069 0.00117842
0.810857 0.000647071 0.795708 0.000716025
0.810979 0.00040062 0.795632 0.000720559
0.810821 0.000623345 0.795924 0.000881931
0.810878 0.00067209 0.795968 0.000859997
