0.808284 0.000329819 0.792491 0.00027161
0.808363 0.00034092 0.792718 0.000283819
0.808148 0.000261323 0.792741 0.000429454
0.80806 0.000354439 0.792699 0.000321825
0.808258 0.000318852 0.79275 0.00017592
0.808402 0.000224467 0.792623 0.000288996
0.808312 0.000333548 0.792609 0.000317013
0.808509 0.000205501 0.79252 0.000320806
0.808137 0.000279192 0.792681 0.000307345
0.808112 0.000346112 0.792665 0.00035561
0.808245 0.000402141 0.792552 0.000385451
0.8082 0.000373097 0.792627 0.000317845
0.808297 0.000348705 0.79258 0.000321173
0.808144 0.000319128 0.792794 0.000404503
0.808208 0.000407693 0.792535 0.000292601
0.808132 0.000384123 0.792466 0.000287556
0.808314 0.000409322 0.792535 0.000295835
0.808273 0.000304069 0.792585 0.000344786
0.808227 0.000424045 0.792467 0.000245484
0.808364 0.000257098 0.792369 0.00022
0.808332 0.000366143 0.792476 0.000329777
0.808207 0.000245596 0.792467 0.000179083
0.808171 0.000292926 0.79239 0.000324743
0.808355 0.000262304 0.792311 0.000281312
0.808223 0.000462988 0.792323 0.00033372
0.808214 0.000325417 0.792412 0.000340994
0.808227 0.000277901 0.792352 0.00034572
0.808025 0.000373405 0.792347 0.000299171
0.808078 0.000247493 0.792481 0.000186064
0.80823 0.00032473 0.792292 0.000158592
0.80808 0.000323661 0.792499 0.000334878
0.808255 0.000318557 0.792306 0.000288727
0.808156 0.000287038 0.792285 0.000213515
0.808099 0.00025778 0.792382 0.000192863
0.808245 0.000391648 0.792315 0.000294383
0.808397 0.000311506 0.792211 0.000301915
0.808204 0.000243197 0.792167 0.00023257
0.808099 0.000245706 0.792274 0.000210591
0.808123 0.000319749 0.792221 0.0002795
0.808104 0.000383039 0.792274 0.00021471
0.808098 0.000485112 0.792304 0.00030527
0.808215 0.000277368 0.792226 0.00024748
0.807894 0.000525463 0.79227 0.000346283
0.808155 0.000411199 0.792272 0.000206501
0.808228 0.000370292 0.79212 0.00020119
0.808249 0.000276763 0.792129 0.0002934
0.808034 0.000399801 0.792263 0.000199918
0.808243 0.000187024 0.792271 0.000194333
0.807958 0.00026229 0.79221 0.000227743
0.808041 0.000347957 0.792335 0.000327204
0.808288 0.000287904 0.79202 0.000254947
0.80812 0.000207457 0.792197 0.000214162
0.808131 0.000215256 0.79216 0.000145883
0.807918 0.000278114 0.792201 0.000472644
0.808007 0.000313951 0.792233 0.00027564
0.808137 0.000232436 0.791973 0.000262726
0.807936 0.000407516 0.792186 0.000246382
0.808005 0.000490996 0.792175 0.000368461
0.807965 0.000293099 0.792252 0.000157878
0.808143 0.000341805 0.792163 0.00016707
0.808093 0.000502164 0.792153 0.000268003
0.807974 0.000296668 0.791856 0.000229018
0.808144 0.000347978 0.792053 0.000304957
0.808022 0.000355881 0.791977 0.000273439
0.807965 0.000343737 0.791987 0.000307224
0.808061 0.000365424 0.791948 0.000280974
0.808037 0.000326966 0.791832 0.000294981
0.808076 0.00032177 0.791954 0.000321817
0.807957 0.000221303 0.791901 0.000273251
0.807926 0.000276902 0.791845 0.000236357
0.808037 0.00028168 0.791949 0.000255689
0.808297 0.000354097 0.791998 0.000317558
0.807984 0.000554628 0.792158 0.000183754
0.807989 0.000426319 0.792023 0.000324921
0.807888 0.000432634 0.792036 0.000326303
0.808006 0.000427383 0.791823 0.000381746
0.808202 0.000206076 0.791788 0.000334328
0.807897 0.00040701 0.791703 0.000278995
0.807802 0.000460762 0.791884 0.000399958
0.807658 0.000619884 0.792071 0.000343868
