0.796392 0.000486573 0.791566 0.000487325
0.797124 0.000509751 0.791727 0.000472983
0.797355 0.000631851 0.792273 0.000203556
0.797609 0.000510177 0.792213 0.00029654
0.797615 0.00065458 0.792291 0.000136382
0.797491 0.000366596 0.792506 0.000236671
0.797533 0.000433837 0.792606 0.000223069
0.797497 0.000325255 0.792725 0.000318151
0.797814 0.000592753 0.792639 0.000237826
0.797272 0.000499307 0.792937 0.000167204
0.797675 0.000501264 0.792777 0.000248044
0.797728 0.000681442 0.792631 0.000238354
0.797474 0.000580405 0.793122 0.000412195
0.797919 0.000527194 0.792889 0.000277704
0.797732 0.00057158 0.792921 0.000318643
0.797972 0.000579074 0.793214 0.000385389
0.797532 0.000480427 0.793489 0.000624523
0.797835 0.000820878 0.793267 0.000423108
0.797894 0.000842348 0.793263 0.000380454
0.797535 0.000535896 0.793414 0.000405426
0.797823 0.000642987 0.79344 0.000205671
0.797828 0.000820892 0.793564 0.000340155
0.797663 0.000682726 0.793522 0.000549923
0.797775 0.000731006 0.793502 0.000311739
0.797399 0.000718328 0.793796 0.000542855
0.797559 0.00078103 0.793932 0.000244217
0.797965 0.000601824 0.793544 0.000376781
0.797607 0.000596971 0.794279 0.00059212
0.797487 0.00117072 0.79375 0.000421835
0.797312 0.000396972 0.793846 0.00037056
0.798166 0.000846341 0.794007 0.000303146
0.797358 0.00065098 0.793934 0.000374018
0.797348 0.000493127 0.794235 0.00028362
0.797322 0.000518346 0.793987 0.000415654
0.797645 0.000615597 0.794037 0.00048403
0.797403 0.000831313 0.794304 0.000464169
0.797708 0.000690302 0.794241 0.000425765
0.797764 0.000626074 0.794199 0.000606965
0.79806 0.000794213 0.79421 0.000488466
0.797481 0.000560336 0.794226 0.000561473
0.797733 0.000596678 0.794361 0.000522391
0.798101 0.000861972 0.794336 0.000486101
0.797985 0.000796878 0.794518 0.000485908
0.798056 0.000726308 0.794554 0.000365456
0.797989 0.000804607 0.794384 0.000587044
0.797806 0.000474998 0.794647 0.000477286
0.797566 0.00041508 0.794346 0.000345337
0.797658 0.000908015 0.794685 0.000296704
0.797713 0.000690568 0.794743 0.000363752
0.797742 0.000795214 0.794763 0.00043669
0.798118 0.000615167 0.794508 0.000343365
0.798118 0.000606103 0.794965 0.000422736
0.79792 0.000717291 0.794872 0.00038174
0.798045 0.000476102 0.79498 0.000564765
0.798272 0.000932379 0.795082 0.000603485
0.797755 0.000598191 0.794757 0.000736961
0.798177 0.000751126 0.794921 0.000605248
0.797914 0.00112438 0.794875 0.000361454
0.797826 0.00028976 0.794991 0.00037427
0.798159 0.000599967 0.794622 0.000438573
0.798005 0.00105183 0.795069 0.000740803
0.798279 0.000751076 0.794994 0.000590988
0.798413 0.000391931 0.795318 0.000305579
0.798012 0.000445497 0.795106 0.000259167
0.79774 0.000839155 0.795126 0.000417696
0.797969 0.000684053 0.794996 0.000408947
0.797859 0.000698748 0.795181 0.000508773
0.798527 0.000712176 0.795559 0.0005218
0.797957 0.000413415 0.79516 0.000489118
0.798141 0.00112626 0.795234 0.000492501
0.798591 0.000651076 0.795435 0.000265919
0.798655 0.000674159 0.79553 0.00052153
0.798407 0.000943378 0.795362 0.000466209
0.798186 0.0009675 0.795612 0.000518211
0.798416 0.000835709 0.795367 0.000545117
0.79841 0.000997742 0.795819 0.000503982
0.798443 0.000444372 0.795458 0.000521149
0.798515 0.000784615 0.795611 0.000437722
0.79816 0.00106101 0.795969 0.000390432
0.798061 0.000683208 0.795735 0.00034536
0.797871 0.000691486 0.795422 0.000454543
0.79883 0.000647829 0.795804 0.000605423
0.798696 0.000921391 0.79544 0.000407825
0.79871 0.000902878 0.796011 0.000507332
0.798333 0.000706748 0.795793 0.000407449
0.798581 0.000588917 0.795854 0.000656592
0.798451 0.000759763 0.795808 0.000739229
0.799625 0.000789693 0.795752 0.000529172
0.798919 0.00076838 0.795878 0.000466384
0.798595 0.000976812 0.796176 0.000656404
0.798564 0.000606007 0.795888 0.000435828
0.798671 0.000979564 0.795844 0.000566972
0.799173 0.000894435 0.796376 0.000530449
0.798761 0.000978167 0.79627 0.000397325
0.798937 0.000594704 0.79602 0.000852405
0.799384 0.000750799 0.796447 0.000367698
0.799175 0.000695446 0.796127 0.000462683
0.799584 0.00117807 0.796281 0.000663444
0.799542 0.000810609 0.796369 0.000764697
0.799339 0.00101235 0.796482 0.000398069
