0.803462 0.000165579 0.790018 0.000163652
0.803355 0.000514146 0.789784 0.000440548
0.802904 0.000580949 0.789352 0.00049143
0.802676 0.000484376 0.789152 0.000384346
0.802638 0.000510572 0.789116 0.00040465
0.802362 0.000218657 0.788886 0.000151636
0.802254 4.6654e-05 0.788798 2.70166e-05
0.80223 4.41399e-05 0.78877 3.25351e-05
0.802214 0.000196056 0.788708 0.000146324
0.802116 0.000128789 0.788617 0.000139649
0.80202 0.000182785 0.78852 0.00018869
0.801776 0.00036163 0.788248 0.000399132
0.801456 0.000513309 0.787855 0.000533119
0.801299 0.000461293 0.787669 0.000519559
0.801189 0.000512059 0.787543 0.000619975
0.801103 0.000501345 0.787396 0.000565219
0.800853 0.000375801 0.787094 0.000460375
0.800889 0.000267246 0.787179 0.000330173
0.80071 0.000293816 0.786879 0.000371152
0.8006 6.39267e-05 0.786641 0.000104227
0.800564 0.000133655 0.786659 0.000248661
0.800513 6.71594e-05 0.786577 0.000161284
0.800326 8.89271e-05 0.786252 0.000155328
0.800206 9.86636e-05 0.786046 0.000207453
0.800157 0.00021416 0.78594 0.000378113
0.800058 0.000306333 0.785808 0.000503463
0.799864 0.000458226 0.785388 0.000864484
0.799791 0.000432326 0.785339 0.000692274
0.799678 0.000355101 0.785142 0.000698019
0.799184 0.000209678 0.784127 0.000384833
0.799019 0.000158481 0.783863 0.000282797
0.798912 0.000222297 0.783591 0.0004188
0.798673 0.000285316 0.783119 0.000352466
0.79858 0.000248851 0.783017 0.000406598
0.798254 0.000469197 0.782536 0.000542833
0.797707 0.000639971 0.781985 0.000680181
0.796804 0.000736815 0.780998 0.000650888
0.796382 0.00103794 0.780638 0.000965491
0.795167 0.000822549 0.77941 0.000870468
0.794757 0.00120611 0.779002 0.00118637
0.793071 0.000719893 0.777309 0.000563304
0.793227 0.000868563 0.777383 0.000873239
0.792394 0.00125339 0.776552 0.00118327
0.789585 0.00221146 0.77396 0.00204639
0.787824 0.00303847 0.772429 0.00267207
0.78548 0.00303739 0.770174 0.00258912
0.783307 0.00348058 0.768133 0.0030415
0.779486 0.00425358 0.764821 0.00346497
0.776145 0.00305481 0.761382 0.00252682
0.775124 0.00364712 0.760379 0.00314696
0.768693 0.00418465 0.754511 0.00356524
0.765459 0.00522321 0.75161 0.00454425
0.76036 0.00536561 0.746614 0.00466339
0.754448 0.0033107 0.741456 0.00308221
0.751145 0.00434022 0.737825 0.00441652
0.745101 0.00379374 0.732359 0.00321908
0.74373 0.00285088 0.730752 0.0026642
0.735886 0.00578946 0.7225 0.00588367
0.732049 0.00377422 0.718299 0.00446057
0.728435 0.00203345 0.714308 0.00225157
0.724832 0.00287566 0.710536 0.00341495
0.722802 0.00136102 0.708061 0.00181007
0.721557 0.000617819 0.706263 0.00100286
0.720475 0.000669624 0.704938 0.000596534
0.720311 0.000728119 0.704981 0.000431229
0.719923 0.000613599 0.704181 0.000484869
0.719751 0.000341669 0.704082 0.000336374
0.719348 0.000414889 0.703593 0.000329028
0.718787 0.000613935 0.703135 0.000302903
0.718493 0.000524189 0.702801 0.000377004
0.71818 0.000506959 0.702477 0.00044
0.71786 0.00030738 0.702381 0.000300612
0.71755 0.000725679 0.701919 0.000670776
0.71664 0.0010117 0.700836 0.000990599
0.716307 0.000967031 0.700329 0.000951641
0.715812 0.00100305 0.69972 0.00114054
0.714338 0.000743521 0.698101 0.00100682
0.713526 0.00183518 0.696929 0.00166631
0.710993 0.000919297 0.694681 0.000874474
0.708951 0.00114388 0.692516 0.00106106
