0.809032 0.00048136 0.793286 0.000875824
0.808912 0.000502757 0.793111 0.000968973
0.808978 0.000426432 0.792847 0.000318243
0.808688 0.000229127 0.792681 0.000275601
0.809007 0.000565927 0.793384 0.000873683
0.808657 0.000652289 0.792917 0.000419377
0.808819 0.000570823 0.792772 0.000532616
0.808884 0.000686911 0.793068 0.000702911
0.808622 0.000458584 0.792917 0.000339645
0.808615 0.000300739 0.792855 0.000397762
0.808944 0.000607366 0.793047 0.000493849
0.808585 0.000204947 0.792743 0.000264656
0.808731 0.00034877 0.792614 0.000349944
0.808765 0.000456034 0.792758 0.000494032
0.808754 0.000429813 0.792802 0.000316762
0.809059 0.000557608 0.792988 0.000786497
0.808794 0.000323802 0.792883 0.00038798
0.808752 0.000350221 0.792743 0.000554825
0.808494 0.000139634 0.792542 0.000362863
0.80892 0.000337879 0.792797 0.000502727
0.808945 0.000459833 0.792814 0.000552246
0.808888 0.000488144 0.792827 0.00054414
0.808687 0.000357631 0.792571 0.000469558
0.808683 0.000202742 0.792423 0.000258176
0.808595 0.000320505 0.792522 0.000254193
0.808654 0.00036662 0.792596 0.000372259
0.808798 0.000409198 0.792552 0.000198306
0.808662 0.00022814 0.792383 0.00025045
0.808607 0.000155696 0.792376 0.000310027
0.80856 0.000239065 0.79252 8.76147e-05
0.808665 0.000245476 0.792468 0.000227465
0.808891 0.000405915 0.792647 0.000392685
0.808817 0.00034152 0.792457 0.000311361
0.80861 0.000300507 0.792568 0.000428589
0.808653 0.000209123 0.792399 0.000237346
0.80847 0.00016846 0.792475 0.000160515
0.808733 0.000373896 0.7925 0.000344927
0.808582 0.000286302 0.792513 0.00026219
0.808681 0.000298841 0.792365 0.000454224
0.80854 0.000166747 0.792244 0.000207369
0.808495 0.000377277 0.792321 0.000221277
0.808772 0.000360971 0.792389 0.000230721
0.808671 0.000285436 0.792237 0.000299277
0.808612 0.000297031 0.792468 0.000310261
0.808621 0.00046301 0.792542 0.000351179
0.808494 0.000213832 0.792463 0.000253757
0.808671 0.000332389 0.792435 0.000343893
0.808799 0.00030669 0.792348 0.000304023
0.808588 0.000190824 0.792371 0.000232062
0.808835 0.000542036 0.792479 0.00040481
0.808566 0.000204799 0.792268 0.000205613
0.808577 0.000180715 0.792234 0.000193039
0.80864 0.000197241 0.792234 0.000205346
0.808583 0.000338778 0.792421 0.00016983
0.808548 0.000290183 0.792349 0.000276069
0.808725 0.000238391 0.792394 0.000262407
0.808526 0.000208926 0.792264 0.000269872
0.808461 0.000207768 0.792218 0.000248224
0.808574 0.000375213 0.792359 0.000507099
0.808602 0.000174612 0.792528 0.000282202
0.808672 0.000246097 0.792587 0.000218099
0.808557 0.00037139 0.792246 0.000215283
0.8086 0.000354984 0.792352 0.000356365
0.808676 0.000362911 0.792222 0.000156079
0.808603 0.000258619 0.792435 0.000212192
0.808658 0.000413511 0.792398 0.000349218
0.808542 0.000392462 0.792365 0.000396836
0.808445 0.000246093 0.792446 0.000290074
0.808814 0.000460346 0.792341 0.000389624
0.808335 0.000450102 0.792486 0.000308033
0.808422 0.000379789 0.792147 0.000280945
0.808615 0.000281552 0.792194 0.000431906
0.80843 0.000273072 0.792242 0.000287786
0.808425 0.000278559 0.792249 0.000147595
0.808456 0.000409935 0.792232 0.000245138
0.80858 0.000499805 0.792273 0.000561993
0.808264 0.000403052 0.792125 0.000453278
0.808377 0.0003102 0.792244 0.0003337
0.808277 0.000417709 0.792265 0.000426516
0.808332 0.000257369 0.792264 0.000294843
