0.959194 0.00289647 0.94974 0.00319968
0.958364 0.00229582 0.948787 0.00262809
0.956996 0.00182427 0.947259 0.00220509
0.956704 0.00175558 0.946819 0.00199358
0.954502 0.00547479 0.944557 0.00568466
0.956174 0.000971594 0.9462 0.00126252
0.955021 0.00184112 0.944947 0.00176887
0.955432 0.000309336 0.945046 0.000327178
0.955185 0.000653713 0.944971 0.000781165
0.953553 0.0027867 0.943035 0.00289021
0.955307 0.000450709 0.944825 0.000580892
0.954081 0.00385391 0.943732 0.00386725
0.95308 0.00394386 0.942652 0.00398556
0.951755 0.00374545 0.941478 0.00378229
0.952218 0.00390324 0.941706 0.00358668
0.954785 0.000896933 0.944367 0.000919747
0.951351 0.00278762 0.940879 0.00284163
0.952619 0.00302519 0.942083 0.00297717
0.951682 0.00378512 0.941135 0.00377755
0.950873 0.00494226 0.940553 0.00477581
0.950557 0.00403338 0.94003 0.00413234
0.950047 0.00406569 0.939329 0.00419797
0.948222 0.00423034 0.93751 0.00431734
0.949792 0.00284211 0.93905 0.00281379
0.949253 0.00395506 0.938425 0.00397578
0.948926 0.00478691 0.938238 0.00476915
0.9455 0.00574121 0.934333 0.00658467
0.945875 0.00328428 0.934562 0.00345325
0.946833 0.00447885 0.935724 0.00497395
0.945517 0.00675936 0.934627 0.00675209
0.947406 0.00326136 0.936546 0.00323112
0.946053 0.00458103 0.935104 0.00475947
0.948066 0.00317403 0.93741 0.00330915
0.944726 0.00321255 0.933405 0.0032688
0.942858 0.00616418 0.931679 0.00590607
0.941645 0.00629912 0.929987 0.00712278
0.944809 0.00225416 0.933595 0.00249045
0.943124 0.00445783 0.931618 0.00456369
0.944365 0.00346854 0.932983 0.003189
0.944704 0.00466945 0.933579 0.00504648
0.943229 0.00386634 0.931997 0.00421573
0.939098 0.0068759 0.927361 0.00709904
0.942334 0.00814993 0.930395 0.00906698
0.940323 0.0064626 0.928227 0.00700526
0.94075 0.00625584 0.928354 0.00705999
0.941536 0.00331812 0.929612 0.00343379
0.938319 0.00794039 0.925896 0.00901024
0.939746 0.00614884 0.927947 0.00646594
0.940279 0.00761196 0.928144 0.00855846
0.935208 0.00812741 0.92226 0.00910975
0.94063 0.00688833 0.928526 0.00744864
0.941899 0.00394161 0.930068 0.004014
0.938321 0.00597075 0.925337 0.00699462
0.938112 0.0108521 0.925436 0.0117908
0.938444 0.00391339 0.925603 0.00481786
0.938318 0.00667484 0.925337 0.0076725
0.938681 0.00750172 0.926039 0.00880052
0.939275 0.00664511 0.926127 0.00858742
0.939502 0.00499995 0.926208 0.00585915
0.933473 0.0113582 0.919849 0.0126834
0.935647 0.00567797 0.921454 0.00733098
0.932183 0.0083736 0.917933 0.0101835
0.933319 0.00658887 0.918114 0.0073452
0.935798 0.00773921 0.921772 0.00913359
0.931236 0.00913455 0.916926 0.0101815
0.928712 0.0123782 0.91458 0.0128394
0.936758 0.00662676 0.922909 0.00783488
0.929853 0.00944589 0.914578 0.0102166
0.93212 0.00703567 0.917088 0.00783292
0.937995 0.00493821 0.922302 0.0057426
0.932371 0.00597568 0.91688 0.0067609
0.93172 0.00855109 0.916439 0.0086781
0.925036 0.0115193 0.909055 0.0124072
0.930104 0.0109676 0.914836 0.0111163
0.92846 0.0106614 0.912609 0.0110083
0.925566 0.00980471 0.909781 0.0108468
0.928154 0.00856757 0.912246 0.00827314
0.933071 0.00900802 0.918015 0.00965577
0.931306 0.00666908 0.915683 0.00709097
0.928791 0.00943904 0.912455 0.00959483
