0.810898 0.000646686 0.796597 0.000950772
0.810614 0.000349835 0.795933 0.000663767
0.810535 0.000371072 0.795737 0.000460391
0.810851 0.000598618 0.795725 0.000822598
0.810615 0.000415205 0.795937 0.000827513
0.810614 0.000940399 0.796336 0.00093064
0.811017 0.000613063 0.796124 0.000643979
0.810622 0.000494169 0.796183 0.000648643
0.810605 0.000535464 0.79581 0.000590311
0.811082 0.000716279 0.79647 0.00124659
0.810728 0.000642394 0.79618 0.000620084
0.810643 0.000634127 0.796042 0.000774554
0.810773 0.000596571 0.796342 0.000815382
0.810803 0.000571072 0.796541 0.000910751
0.810643 0.000334887 0.795995 0.000652428
0.810837 0.00061112 0.796145 0.000619689
0.810562 0.000425745 0.796184 0.000921579
0.810616 0.000615443 0.795893 0.00061301
0.810823 0.000659117 0.796489 0.000753954
0.810573 0.000608682 0.795917 0.000462819
0.810788 0.000652748 0.795946 0.000757739
0.810811 0.00044236 0.795971 0.000602604
0.810924 0.000665637 0.796179 0.000560299
0.811124 0.00077126 0.796132 0.00084803
0.810708 0.000426102 0.796381 0.000786048
0.810555 0.000520061 0.796037 0.000368823
0.810897 0.000409208 0.796511 0.000479027
0.810795 0.000504747 0.795844 0.000680455
0.81067 0.000318375 0.796449 0.000763245
0.810611 0.000616108 0.796077 0.000713979
0.810845 0.000440102 0.796337 0.000782632
0.811109 0.000419487 0.796039 0.000411762
0.811074 0.000541245 0.796717 0.000653698
0.811342 0.00083491 0.79684 0.0010836
0.810901 0.000537076 0.796537 0.00101966
0.81081 0.00048022 0.796091 0.000734657
0.811068 0.000496807 0.795999 0.000544868
0.81103 0.000536544 0.796402 0.000671945
0.811027 0.000563251 0.796629 0.000843062
0.811018 0.000682388 0.796206 0.000953466
0.811166 0.000674217 0.796277 0.000582311
0.81128 0.000832712 0.796889 0.00132758
0.811061 0.000530435 0.796632 0.000920391
0.810657 0.000212298 0.795979 0.000427649
0.810831 0.000646436 0.796473 0.000588645
0.811241 0.00135912 0.797252 0.0013219
0.81092 0.00052319 0.796371 0.000553061
0.811085 0.000617608 0.796319 0.000718216
0.810751 0.000298864 0.796401 0.000954172
0.811054 0.000482063 0.796963 0.00126964
0.811206 0.000632118 0.796484 0.000855218
0.811095 0.000556274 0.796169 0.000617493
0.811076 0.000637136 0.795965 0.000791849
0.811055 0.000490302 0.796384 0.000497778
0.810939 0.000437664 0.796674 0.00108784
0.811004 0.00056197 0.796547 0.000663612
0.811021 0.00042667 0.796326 0.000601354
0.810894 0.000560866 0.796469 0.000765964
0.811422 0.000780031 0.796565 0.000674935
0.811075 0.00056908 0.796677 0.000483239
0.811083 0.000482657 0.796517 0.000766122
0.810882 0.000815685 0.796655 0.000411907
0.811315 0.00058135 0.796609 0.000498177
0.810865 0.000577799 0.796741 0.000645743
0.811481 0.000777149 0.796678 0.000988305
0.81122 0.000864855 0.796675 0.000775432
0.811658 0.000391184 0.7965 0.000982153
0.811563 0.000787772 0.797113 0.00129456
0.811383 0.000702377 0.796404 0.000767066
0.811076 0.000555897 0.796734 0.000792843
0.811075 0.00083928 0.796751 0.000794558
0.811498 0.00042782 0.796983 0.000446202
0.811307 0.000728606 0.796685 0.000879565
0.811131 0.000694667 0.796478 0.000749045
0.811609 0.000752531 0.796789 0.000947692
0.811766 0.000789412 0.797131 0.00125207
0.811489 0.000741418 0.796458 0.000542494
0.811373 0.000862671 0.796856 0.000958652
0.811872 0.00079968 0.797168 0.000744462
0.811639 0.000849232 0.797205 0.000935482
