0.810595 0.000514602 0.795396 0.000566534
0.811091 0.000686009 0.795964 0.000795553
0.810837 0.000618631 0.795933 0.000657647
0.811116 0.000514068 0.796038 0.000668304
0.81125 0.000656218 0.795822 0.000754987
0.811212 0.000759749 0.795982 0.000738047
0.811002 0.000710852 0.7959 0.00120704
0.811145 0.000769564 0.795857 0.000959502
0.810954 0.000467174 0.796223 0.000556552
0.811154 0.000660621 0.795932 0.000563099
0.811075 0.000535424 0.796063 0.000796009
0.810963 0.000806471 0.796035 0.00109263
0.811316 0.000510311 0.796073 0.000753996
0.810887 0.00043378 0.796186 0.000590915
0.811166 0.000728786 0.796184 0.000740633
0.811378 0.000859571 0.796465 0.000912273
0.811128 0.000659467 0.796036 0.00116685
0.81121 0.000727854 0.796262 0.000897914
0.811662 0.000501419 0.796404 0.000975885
0.811223 0.000837126 0.796655 0.00134502
0.811162 0.000650411 0.796352 0.00119808
0.811143 0.000434155 0.796071 0.000785354
0.811 0.000832196 0.795973 0.000933029
0.811267 0.000670974 0.796381 0.00095536
0.811648 0.00101765 0.796728 0.00124074
0.81151 0.000885854 0.796512 0.00164915
0.811399 0.000743602 0.796144 0.000445548
0.811156 0.000548296 0.796069 0.000752283
0.81094 0.000563861 0.79613 0.000750549
0.811003 0.000553352 0.796014 0.000419761
0.811112 0.000657764 0.796179 0.00060545
0.81128 0.00056973 0.796009 0.000448841
0.811341 0.000495658 0.796202 0.000366773
0.811411 0.000598114 0.796314 0.00103907
0.810976 0.000644483 0.796374 0.000788688
0.811273 0.000387344 0.796509 0.000893302
0.811046 0.000465436 0.796096 0.000742792
0.811089 0.000434783 0.79663 0.000951894
0.811644 0.000640282 0.796303 0.00107149
0.811663 0.000870029 0.796535 0.00107719
0.811542 0.000607852 0.796392 0.000809034
0.811451 0.000468998 0.796258 0.000584051
0.811679 0.000521383 0.796519 0.000635029
0.811043 0.000439746 0.795841 0.000763274
0.811563 0.000830342 0.79675 0.000926989
0.811569 0.000626898 0.796892 0.00114695
0.811068 0.000615559 0.796024 0.000672243
0.811169 0.000555595 0.79601 0.000618285
0.81111 0.000573248 0.796532 0.000617866
0.81118 0.000520473 0.796092 0.000773624
0.811492 0.000481373 0.7963 0.000899592
0.811359 0.000759084 0.796573 0.000887816
0.811235 0.000603148 0.796118 0.000523606
0.811493 0.00069725 0.796459 0.000507104
0.811519 0.000746117 0.796063 0.000613686
0.811607 0.000958502 0.796577 0.000996021
0.8113 0.000602045 0.796389 0.000890964
0.811173 0.000484597 0.796197 0.000814536
0.811905 0.000775002 0.796955 0.00129727
0.811065 0.000480029 0.795938 0.000768632
0.811709 0.000449155 0.796584 0.000779625
0.811087 0.00066725 0.796901 0.00101668
0.811231 0.000704307 0.796254 0.000600962
0.811594 0.000558799 0.796311 0.000878684
0.811752 0.000901044 0.796722 0.000838863
0.811721 0.000958172 0.796706 0.000681479
0.811623 0.00046412 0.796254 0.000692478
0.811254 0.000413242 0.796162 0.000631981
0.811565 0.000327279 0.796689 0.000897678
0.81161 0.000956716 0.796743 0.00078002
0.811238 0.000612771 0.796673 0.000859895
0.811526 0.000777187 0.796808 0.00120466
0.811517 0.000892387 0.796601 0.000902589
0.81132 0.000499896 0.7967 0.000912385
0.812105 0.00107066 0.79713 0.000849545
0.811662 0.000723175 0.796629 0.00103324
0.811887 0.000519981 0.797046 0.000875234
0.811862 0.00130664 0.796963 0.000959432
0.811687 0.00111471 0.796771 0.00146253
0.81174 0.000603467 0.796653 0.000952509
