0.33826;0.402483
0.36274;0.360065
0.347698;0.368905
0.272973;0.354065
0.412254;0.329053
0.3466;0.378241
0.282458;0.36733
0.555438;0.32579
0.544892;0.479519
0.399488;0.503936
0.40379;0.411428
0.413033;0.390146
0.320231;0.407113
0.356295;0.360027
0.476034;0.361256
0.49498;0.43921
0.554292;0.44509
0.59398;0.476061
0.453684;0.52329
0.589444;0.446046
0.613884;0.479155
0.434117;0.521564
0.466608;0.426353
0.586063;0.42267
0.698725;0.511822
0.638683;0.618779
0.519242;0.553677
0.482718;0.498809
0.53635;0.446163
0.461972;0.476743
0.364626;0.434041
0.648717;0.376123
0.661798;0.537067
0.721443;0.571041
0.68112;0.645206
0.520947;0.587616
0.46695;0.472194
0.546064;0.438643
0.468805;0.468823
0.375574;0.455384
0.603768;0.389106
0.632557;0.510545
0.743736;0.573409
0.763191;0.657422
0.580316;0.678114
0.610324;0.532654
0.510202;0.551348
0.403546;0.471734
0.341658;0.40776
0.571182;0.355384
0.731314;0.454942
0.547036;0.589439
0.739027;0.516618
0.612356;0.615829
0.578535;0.548327
0.484637;0.503722
0.379634;0.461448
0.392633;0.392464
0.332474;0.379648
0.403907;0.354853
0.333538;0.384262
0.44664;0.361862
0.529169;0.409151
0.464905;0.47887
0.389433;0.439407
0.321262;0.384025
0.438916;0.35257
0.327624;0.399998
0.273118;0.35713
0.401723;0.324909
0.333745;0.388687
0.454246;0.351439
0.333842;0.41447
0.31312;0.365596
0.279461;0.341508
0.270901;0.327241
0.445081;0.317091
0.314954;0.418325
0.271932;0.355216
0.301377;0.321415
0.425587;0.331101
0.301468;0.373834
0.325347;0.342511
0.277252;0.343183
0.264848;0.325475
0.233228;0.315089
0.221835;0.306941
0.205927;0.295641
0.415995;0.292317
0.551761;0.388398
0.374565;0.481328
0.277778;0.389783
0.313716;0.32953
0.440952;0.335769
0.305764;0.399217
0.312956;0.346886
0.314921;0.341048
0.387263;0.344141
0.338187;0.381301
0.350393;0.359524
0.278206;0.355103
0.337981;0.327685
0.399468;0.347271
0.298843;0.372619
0.50338;0.34056
0.499725;0.437949
0.434072;0.454881
0.333135;0.421988
0.297535;0.361954
0.279032;0.324369
0.265961;0.318828
0.296934;0.320859
0.344751;0.332679
0.314347;0.35138
0.277482;0.340243
0.292268;0.326658
0.313893;0.334106
0.28122;0.341459
0.238854;0.327237
0.237483;0.304347
0.291233;0.30504
0.412888;0.324501
0.325413;0.392913
0.24813;0.357622
0.33587;0.308172
0.380884;0.351549
0.316844;0.371093
0.326198;0.341053
0.37174;0.343196
0.365527;0.368536
0.50869;0.364012
0.542992;0.45643
0.369595;0.485639
0.552147;0.397832
0.579613;0.475709
0.485409;0.491736
0.444313;0.466085
0.483118;0.419784
0.441689;0.43427
0.484764;0.422842
0.47931;0.434774
0.498643;0.443757
0.435792;0.45937
0.527407;0.42018
0.569907;0.466203
0.498364;0.501322
0.455555;0.454336
0.570926;0.433604
0.629132;0.516465
0.45627;0.562391
0.591084;0.453069
0.45338;0.500487
0.498955;0.433929
0.617886;0.452599
0.736873;0.524175
0.666906;0.652542
0.825714;0.617624
0.668377;0.70809
0.509738;0.582636
0.579182;0.49678
0.540555;0.504082
0.445575;0.480333
0.583231;0.434537
0.481095;0.51904
0.544746;0.455793
0.541546;0.472932
0.419333;0.469409
0.358143;0.41109
0.49517;0.374292
0.480064;0.452628
0.370427;0.447246
0.518515;0.38224
0.387924;0.459264
0.307906;0.397296
0.330926;0.349246
0.275272;0.346207
0.248436;0.324486
0.421951;0.310073
0.413692;0.377152
0.394297;0.381236
0.327997;0.380917
0.323401;0.355368
0.253165;0.342056
0.421716;0.316645
0.303904;0.382191
0.268987;0.352815
0.287966;0.318673
0.367173;0.320123
0.409142;0.35717
0.298544;0.394489
0.402959;0.338557
0.330857;0.389984
0.493508;0.350999
0.337223;0.437617
0.394669;0.371806
0.345059;0.382723
0.315269;0.359166
0.404505;0.342643
0.307527;0.380534
0.409898;0.344355
0.45832;0.386954
0.425033;0.435042
0.325287;0.404077
0.273272;0.358068
0.451415;0.320679
0.398682;0.422413
0.471556;0.403201
0.364001;0.417689
0.502854;0.37819
0.404579;0.449336
0.384473;0.403724
0.323821;0.379302
0.269295;0.340481
0.34169;0.327395
0.332444;0.343238
0.349743;0.354118
0.329317;0.362535
0.521721;0.34907
0.366652;0.451698
0.400049;0.374827
0.352487;0.397344
0.342445;0.354073
0.285835;0.359896
0.294233;0.327321
0.37905;0.32961
0.301148;0.367412
0.41067;0.343165
0.311486;0.393055
0.293316;0.34307
0.303377;0.330079
0.263063;0.335559
0.279214;0.313127
0.294162;0.321944
0.388957;0.338423
0.307381;0.377498
0.379066;0.354507
0.284771;0.37213
0.239486;0.3337
0.24174;0.308813
0.212994;0.311243
0.378836;0.296061
0.295026;0.368
0.259604;0.334652
0.261594;0.320568
0.452416;0.316204
0.334681;0.407723
0.28268;0.352484
0.247766;0.326981
0.22658;0.309696
0.268909;0.297986
0.301838;0.313729
0.262482;0.331154
0.287447;0.320736
0.241126;0.332174
0.310625;0.314651
0.400689;0.333094
0.28952;0.39116
0.320003;0.334633
0.350279;0.341609
0.279901;0.358049
0.339292;0.329245
0.463629;0.359186
0.327471;0.437712
0.329503;0.37046
0.462333;0.339648
0.327546;0.423838
0.434332;0.352892
0.440809;0.39733
0.329492;0.416878
0.339414;0.354349
0.277116;0.354162
0.506747;0.321529
0.490196;0.450119
0.65893;0.442586
0.449716;0.567586
0.337058;0.439096
0.312419;0.372466
0.318031;0.327441
0.318053;0.348145
0.269648;0.337499
0.344095;0.31891
0.345437;0.350565
0.457933;0.358068
0.465917;0.410758
0.327582;0.425616
0.324709;0.360101
0.268406;0.344615
0.335433;0.323305
0.455642;0.345429
0.366365;0.400579
0.277636;0.380424
0.253099;0.322726
0.424056;0.315445
0.461315;0.385038
0.362655;0.437132
0.320225;0.368848
0.312214;0.348859
0.402797;0.340187
0.313777;0.382116
0.249184;0.352582
0.232918;0.314123
0.343425;0.305057
0.292916;0.34517
0.254639;0.331843
0.396051;0.311522
0.313889;0.371617
0.293984;0.339662
0.269384;0.335384
0.514237;0.316015
0.460897;0.441024
0.327481;0.437563
0.263128;0.366888
0.258807;0.319174
0.385131;0.315164
0.288098;0.364761
0.319568;0.338961
0.402988;0.34752
0.417031;0.38702
0.332556;0.396243
0.268481;0.353093
0.235438;0.324808
0.289317;0.310143
0.368955;0.318171
0.286746;0.364095
0.265738;0.330737
0.396083;0.319959
0.392316;0.3736
0.304752;0.386972
0.33331;0.339682
0.293127;0.34852
0.440793;0.331133
0.316478;0.402658
0.504681;0.352971
0.351067;0.444149
0.269719;0.369923
0.389105;0.32631
0.355085;0.371873
0.369404;0.366867
0.337653;0.370728
0.279843;0.348396
0.250228;0.328503
0.432714;0.308139
0.405356;0.39324
0.291794;0.403945
0.31621;0.34031
0.291172;0.342245
0.424565;0.327915
0.325675;0.386764
0.269709;0.365231
0.243759;0.322378
0.220583;0.313316
0.214881;0.297029
0.208898;0.295524
0.260482;0.293292
0.325024;0.31126
0.389789;0.338507
0.380467;0.379785
0.481717;0.380916
0.326772;0.435464
0.248245;0.361117
0.223096;0.312776
0.219714;0.301898
0.257217;0.29484
0.2391;0.308594
0.28792;0.302643
0.515878;0.319038
0.519171;0.46422
0.425643;0.446176
0.302626;0.408134
0.409254;0.340551
0.331337;0.383933
0.372666;0.349773
0.303401;0.363202
0.327373;0.335401
0.489511;0.346477
0.571791;0.435514
0.543678;0.484497
0.458453;0.473873
0.441859;0.430757
0.340478;0.408946
0.275684;0.363535
0.496584;0.326263
0.395577;0.428421
0.361459;0.408789
0.298391;0.370555
0.443123;0.345669
0.428132;0.405818
0.322503;0.416615
0.290461;0.352913
0.241739;0.332569
0.494904;0.312843
0.392647;0.416442
0.293552;0.389668
0.253045;0.345721
0.44395;0.319929
0.358528;0.398477
0.281852;0.382876
0.344735;0.332513
0.282023;0.355107
0.31304;0.330864
0.336163;0.343576
0.259088;0.356925
0.298101;0.32342
0.454811;0.31927
0.393531;0.41374
0.4214;0.384795
0.463679;0.40423
0.338167;0.435785
0.305135;0.361328
0.30677;0.338894
0.271818;0.333113
0.243141;0.319773
0.364234;0.304522
0.527422;0.358445
0.524485;0.457938
0.614609;0.47286
0.539082;0.548402
0.515438;0.492894
0.411531;0.459288
0.361834;0.406476
0.321122;0.360481
0.492662;0.342346
0.426938;0.444409
0.483045;0.4136
0.500352;0.456998
0.399627;0.460934
0.413182;0.393313
0.418758;0.405729
0.321572;0.41036
0.367613;0.354799
0.579481;0.371884
0.459801;0.522973
0.479408;0.437523
0.40399;0.433498
0.325449;0.380555
0.296321;0.354428
0.413503;0.325598
0.315443;0.394447
0.394967;0.349347
0.407973;0.388981
0.339548;0.397149
0.305623;0.35648
0.336471;0.33809
0.331394;0.354148
0.312035;0.348209
0.44102;0.342143
0.426548;0.412065
0.43205;0.424232
0.341301;0.411411
0.267318;0.367337
0.270887;0.327534
0.275733;0.320226
0.356464;0.32376
0.329863;0.356304
0.301193;0.353521
0.590977;0.335392
0.505966;0.504742
0.410374;0.471703
0.314327;0.421851
0.437978;0.353483
0.35863;0.398478
0.373022;0.37798
0.333133;0.367309
0.30733;0.356702
0.597215;0.337121
0.412942;0.518476
0.354157;0.422312
0.358285;0.370197
0.286744;0.357502
0.318716;0.335101
0.285896;0.346499
0.394771;0.33111
0.417856;0.378409
0.557849;0.390926
0.381304;0.474505
0.294627;0.389967
0.306862;0.336897
0.261789;0.337331
0.305303;0.3194
0.286517;0.331132
0.499348;0.327509
0.46748;0.447852
0.419723;0.456861
0.312013;0.409105
0.270323;0.351978
0.475632;0.323437
0.498586;0.419883
0.467566;0.469036
0.453897;0.427632
0.404706;0.418972
0.422033;0.396158
0.347587;0.406924
0.290215;0.363912
0.354053;0.334732
0.336601;0.35816
0.371591;0.347373
0.363097;0.373551
0.388984;0.373413
0.365845;0.392773
0.278454;0.36747
0.32176;0.329634
0.392912;0.340972
0.525867;0.381443
0.401993;0.479201
0.445082;0.411299
0.48097;0.406033
0.46283;0.43153
0.35609;0.422622
0.283678;0.37445
0.427318;0.332289
0.515251;0.396909
0.640194;0.468086
0.632513;0.540545
0.618411;0.543801
0.75678;0.519029
0.596996;0.664125
0.453775;0.544966
0.701701;0.425795
0.592272;0.593807
0.561893;0.541005
0.588207;0.504679
0.572341;0.507447
0.576834;0.501675
0.566045;0.525084
0.458708;0.499919
0.545928;0.423752
0.475435;0.451754
0.453598;0.445136
0.405028;0.422449
0.488816;0.389025
0.453444;0.448106
0.519528;0.433159
0.409708;0.452851
0.327095;0.397009
0.411567;0.350267
0.322555;0.367552
0.447185;0.350765
0.418154;0.401232
0.461308;0.400747
0.40742;0.426562
0.60041;0.403835
0.439053;0.521374
0.344104;0.427245
0.43768;0.359039
0.360067;0.405262
0.353641;0.371198
0.431768;0.37063
0.467618;0.403491
0.4068;0.440354
0.482877;0.392383
0.369763;0.452947
0.412326;0.370934
0.448547;0.39196
0.583223;0.419988
0.421153;0.506139
0.519454;0.42494
0.608671;0.480863
0.511637;0.512309
0.495875;0.484031
0.385283;0.45937
0.458189;0.387652
0.361894;0.413714
0.525642;0.386862
0.421447;0.457977
0.369052;0.410193
0.430574;0.376917
0.452221;0.400318
0.377737;0.418311
0.40186;0.371246
0.41579;0.387911
0.32974;0.403846
0.440173;0.350312
0.337511;0.39713
0.272296;0.35302
0.294578;0.327605
0.466033;0.332637
0.359531;0.424016
0.585705;0.385056
0.535853;0.492274
0.522334;0.490425
0.421559;0.475864
0.329097;0.417107
0.281554;0.356114
0.307101;0.324622
0.462599;0.335754
0.419431;0.4225
0.471973;0.401365
0.475746;0.432552
0.435728;0.440869
0.332594;0.406304
0.282486;0.351004
0.394332;0.322944
0.42802;0.377836
0.346231;0.41363
0.283528;0.361793
0.406217;0.31952
0.381987;0.399232
0.397687;0.385526
0.300274;0.395084
0.287097;0.333325
0.436259;0.327351
0.41265;0.407419
0.305978;0.403596
0.265403;0.353673
0.536172;0.319978
0.454663;0.458921
0.550655;0.428964
0.381611;0.468979
0.464923;0.389442
0.491521;0.42534
0.362229;0.438897
0.288313;0.376499
0.599001;0.330483
0.498724;0.492037
0.491566;0.473694
0.548673;0.457859
0.394493;0.475861
0.318182;0.391016
0.301599;0.347705
0.265786;0.330791
0.237629;0.325202
0.488672;0.308984
0.389115;0.423811
0.460258;0.401433
0.577068;0.429067
0.394251;0.499795
0.294563;0.398629
0.29016;0.336918
0.404377;0.325261
0.330867;0.372356
0.307169;0.361792
0.286147;0.338683
0.275338;0.325194
0.527096;0.322714
0.456703;0.463956
0.323669;0.429906
0.419698;0.349384
0.627976;0.399484
0.586907;0.527009
0.434867;0.518862
0.383338;0.426156
0.321825;0.389934
0.509974;0.360884
0.433542;0.448113
0.421176;0.424027
0.40511;0.399016
0.318078;0.41332
0.483911;0.353827
0.357534;0.437655
0.446127;0.376233
0.375957;0.393922
0.472239;0.40252
0.454429;0.425087
0.446656;0.435554
0.430219;0.437131
0.321913;0.41572
0.415116;0.353707
0.322103;0.40354
0.423902;0.352193
0.412049;0.387202
0.400814;0.400559
0.402678;0.39963
0.38953;0.389439
0.4324;0.38452
0.504105;0.407705
0.375931;0.442931
0.495663;0.374788
0.560271;0.435563
0.428078;0.509712
0.375893;0.428114
0.343324;0.3816
0.504887;0.354865
0.540906;0.436767
0.498832;0.491173
0.381373;0.450953
0.445119;0.393326
0.380812;0.416809
0.342535;0.395158
0.344076;0.36189
0.28542;0.355871
0.507243;0.334238
0.596402;0.44345
0.519237;0.517425
0.380404;0.482101
0.338236;0.389026
0.316643;0.360646
0.515014;0.336772
0.451552;0.431021
0.340601;0.421897
0.372346;0.358824
0.476328;0.367332
0.409921;0.434291
0.33576;0.399984
0.338607;0.357723
0.295698;0.361318
0.297237;0.331588
0.407973;0.325485
0.379095;0.389427
0.346742;0.384784
0.299549;0.363164
0.284477;0.338038
0.301205;0.327025
0.320491;0.336762
0.270356;0.348008
0.2686;0.321335
0.509996;0.322145
0.37045;0.435458
0.352531;0.37873
0.271814;0.363672
0.374847;0.333678
0.299504;0.368539
0.289637;0.342174
0.241042;0.326685
0.406978;0.307145
0.321692;0.389393
0.288416;0.354879
0.288133;0.327207
0.243238;0.323899
0.43829;0.3021
0.371641;0.397032
0.35341;0.380018
0.270929;0.36173
0.293864;0.317693
0.242666;0.332631
0.255338;0.313265
0.324334;0.314282
0.29026;0.34742
0.545754;0.33534
0.385818;0.470515
0.38498;0.385721
0.455845;0.37338
0.379225;0.427603
0.317834;0.381248
0.27566;0.354232
0.506634;0.327365
0.495989;0.429497
0.58258;0.471285
0.408994;0.518985
0.36159;0.417909
0.30393;0.373271
0.458266;0.345524
0.494778;0.421678
0.477978;0.452355
0.407215;0.44059
0.519344;0.40588
0.551611;0.45626
0.399857;0.50434
0.334198;0.388435
0.274692;0.35357
0.41803;0.331709
0.384404;0.395821
0.564762;0.386416
0.434896;0.503974
0.539657;0.438538
0.606687;0.460308
0.420635;0.531702
0.345235;0.429973
0.283519;0.366646
0.448104;0.335108
0.386726;0.413967
0.317926;0.383932
0.312328;0.348411
0.41644;0.342015
0.591922;0.386547
0.403032;0.51576
0.327075;0.417245
0.310049;0.353814
0.36348;0.343299
0.445732;0.365472
0.335813;0.408408
0.329342;0.361006
0.292889;0.351852
0.553996;0.33392
0.414955;0.478383
0.334462;0.417177
0.306095;0.359835
0.305816;0.339153
0.472114;0.343529
0.58409;0.41043
0.410127;0.516047
0.341743;0.420019
0.543017;0.359438
0.40974;0.477003
0.31707;0.404686
0.271333;0.348729
0.354313;0.326389
0.490252;0.347794
0.673421;0.441191
0.463237;0.534588
0.416439;0.447556
0.482438;0.392024
0.373852;0.424233
0.313064;0.393201
0.325112;0.34366
0.459171;0.342848
0.467771;0.399378
0.675823;0.435072
0.503397;0.576446
0.407917;0.469795
0.34279;0.407845
0.346337;0.358784
0.463973;0.358127
0.434568;0.413707
0.523763;0.413614
0.429278;0.472043
0.549051;0.420684
0.460246;0.475036
0.356037;0.439168
0.305176;0.361369
0.373252;0.33824
0.619818;0.355433
0.477342;0.522529
0.620699;0.455784
0.529376;0.547806
0.555481;0.486777
0.679912;0.483744
0.509849;0.576423
0.420698;0.483816
0.510448;0.410665
0.524457;0.448914
0.491864;0.457208
0.691567;0.439731
0.709141;0.576563
0.739868;0.618641
0.714775;0.610129
0.781777;0.61867
0.638305;0.640753
0.678288;0.558297
0.603747;0.618212
0.650569;0.53677
0.825265;0.553976
0.808145;0.721148
0.655184;0.736265
0.689039;0.585395
0.607043;0.596561
0.512951;0.569826
0.582703;0.480222
0.591001;0.50833
0.522177;0.525437
0.49398;0.482719
0.467416;0.454679
0.405443;0.445703
0.410994;0.398813
0.379019;0.391678
0.329234;0.383759
0.465956;0.347592
0.411787;0.414072
0.334143;0.403215
0.27687;0.363503
0.265737;0.32414
0.259123;0.316495
0.230116;0.313751
0.395471;0.305905
0.383307;0.38122
0.4966;0.383339
0.413422;0.461672
0.352308;0.411037
0.27042;0.358651
0.25454;0.33097
0.234602;0.308295
0.226653;0.304456
0.403213;0.301464
0.353302;0.372908
0.455138;0.369416
0.469354;0.417822
0.47899;0.42041
0.367212;0.459193
0.301821;0.371004
0.249899;0.34272
0.316602;0.316832
0.325291;0.336397
0.337533;0.348896
0.366177;0.350667
0.29799;0.373122
0.52126;0.34139
0.524044;0.448173
0.369244;0.494165
0.284535;0.390464
0.365685;0.329723
0.348692;0.368503
0.30042;0.358814
0.430053;0.331652
0.340198;0.396166
0.311678;0.357266
0.381967;0.345324
0.334456;0.38253
0.430584;0.358924
0.504109;0.412381
0.458244;0.454024
0.35997;0.423629
0.457457;0.375648
0.47316;0.429373
0.352002;0.433653
0.443644;0.374134
0.335054;0.394697
0.418912;0.358683
0.5033;0.409377
0.379684;0.438724
0.302354;0.380707
0.426769;0.330161
0.430037;0.392181
0.403445;0.409486
0.376385;0.408667
0.290819;0.378303
0.252272;0.33577
0.411402;0.308069
0.340051;0.37945
0.278965;0.357632
0.316585;0.325827
0.303128;0.345828
0.297923;0.336413
0.268016;0.334031
0.24141;0.317868
0.210756;0.306765
0.25391;0.295177
0.31425;0.306129
0.552339;0.337428
0.42649;0.460612
0.349086;0.412289
0.304499;0.358775
0.347684;0.332251
0.282734;0.35729
0.252227;0.326412
0.301746;0.312977
0.334694;0.337255
0.272098;0.351257
0.387067;0.329013
0.495595;0.371054
0.490456;0.440456
0.414582;0.450455
0.308065;0.397681
0.304917;0.339214
0.382865;0.340396
0.39222;0.365824
0.304152;0.387023
0.319175;0.344719
0.48281;0.343981
0.41923;0.427916
0.366087;0.408973
0.295457;0.376858
0.282472;0.33925
0.316469;0.320165
0.377271;0.345608
0.281928;0.372138
0.349224;0.336008
0.479342;0.360598
0.435172;0.423496
0.482223;0.405989
0.505972;0.435831
0.403409;0.458081
0.397141;0.396295
0.462136;0.38192
0.335926;0.415726
0.362866;0.361332
0.320574;0.370945
0.377331;0.339005
0.482588;0.369837
0.487946;0.431279
0.408618;0.460648
0.346793;0.385552
0.350341;0.357396
0.326981;0.356031
0.356133;0.356882
0.301322;0.367966
0.263631;0.330243
0.420925;0.31267
0.35065;0.39292
0.307352;0.364157
0.315424;0.336767
0.273216;0.3372
0.312356;0.323139
0.325889;0.336287
0.277749;0.336589
0.25955;0.328247
0.307576;0.31207
0.260929;0.335614
0.312065;0.319523
0.280287;0.340792
0.283177;0.333197
0.337977;0.319637
0.270116;0.352166
0.244072;0.325651
0.49012;0.313475
0.347882;0.420097
0.267997;0.376392
0.369372;0.326978
0.287807;0.357419
0.347846;0.330829
0.378967;0.360593
0.285579;0.383332
0.375049;0.328811
0.366204;0.370804
0.30499;0.367434
0.275146;0.338786
0.350608;0.329886
0.384932;0.352448
0.394692;0.373061
0.449436;0.381211
0.349682;0.408166
0.524179;0.362285
0.406081;0.462891
0.407525;0.38777
0.46545;0.394667
0.441445;0.428729
0.519181;0.415736
0.621514;0.448722
0.495787;0.536763
0.586557;0.469456
0.648403;0.526672
0.59382;0.558374
0.605182;0.532881
0.626593;0.520606
0.541873;0.573709
0.426845;0.499316
0.462606;0.409592
0.39891;0.416603
0.532397;0.407815
0.48884;0.466296
0.469377;0.453099
0.371454;0.451878
0.523593;0.382282
0.548368;0.461989
0.401612;0.480641
0.367433;0.403445
0.343195;0.369387
0.298117;0.361704
0.266704;0.33577
0.357252;0.324673
0.287529;0.358513
0.415122;0.337272
0.499001;0.388291
0.382989;0.450109
0.371641;0.393569
0.363826;0.367915
0.276374;0.372903
0.247604;0.334816
0.368446;0.30967
0.280548;0.352372
0.359463;0.327354
0.439242;0.354637
0.382173;0.402107
0.481306;0.384349
0.444704;0.449094
0.315696;0.424815
0.348925;0.349865
0.397803;0.351862
0.301923;0.385645
0.334146;0.349481
0.513256;0.348411
0.505466;0.448465
0.416151;0.472706
0.491889;0.410177
0.352266;0.441156
0.451565;0.365141
0.569132;0.411912
0.66315;0.489064
0.477071;0.573994
0.71442;0.462882
0.508902;0.591225
0.447742;0.502707
0.588147;0.429804
0.461829;0.520753
0.464381;0.448576
0.59717;0.436057
0.670272;0.516158
0.535207;0.613586
0.486423;0.470884
0.381834;0.461002
0.538031;0.386557
0.544111;0.468344
0.480355;0.482905
0.486012;0.432402
0.580029;0.448615
0.577341;0.519334
0.528848;0.51014
0.399702;0.499038
0.343563;0.407524
0.524801;0.352809
0.497931;0.454479
0.550285;0.453853
0.517129;0.488296
0.58234;0.480072
0.586262;0.508091
0.456266;0.524767
0.359378;0.444139
0.447245;0.362811
0.421967;0.420945
0.371847;0.41078
0.319363;0.376963
0.383299;0.351
0.419514;0.377086
0.330892;0.400664
0.300082;0.352022
0.305457;0.3363
0.309695;0.334065
0.25792;0.334187
0.283129;0.322237
0.252813;0.315395
0.368306;0.310281
0.433043;0.356744
0.307867;0.413295
0.29325;0.348212
0.262608;0.328676
0.269747;0.315697
0.256366;0.317592
0.271339;0.318758
0.344154;0.323879
0.299379;0.358215
0.537816;0.340438
0.43251;0.463086
0.393437;0.407482
0.338843;0.406418
0.486945;0.352762
0.457175;0.436533
0.383043;0.425335
0.411307;0.396799
0.349479;0.391199
0.313837;0.352904
0.37568;0.341587
0.549377;0.372747
0.381391;0.482738
0.474351;0.399741
0.403192;0.435687
0.504494;0.398179
0.456924;0.443341
0.464151;0.418748
0.358516;0.42886
0.429924;0.367815
0.560524;0.38614
0.400216;0.487247
0.326673;0.405292
0.346223;0.350617
0.453474;0.360439
0.426642;0.423277
0.599935;0.411059
0.446192;0.502309
0.511642;0.436929
0.425339;0.453864
0.345459;0.411156
0.29457;0.369247
0.355032;0.33093
0.552493;0.364039
0.490265;0.470799
0.60668;0.452649
0.478844;0.519918
0.383593;0.461422
0.354418;0.387704
0.302423;0.364902
0.344618;0.337952
0.325849;0.350566
0.59051;0.347037
0.542469;0.500283
0.608554;0.489893
0.516725;0.539809
0.40883;0.500667
0.447656;0.41488
0.485297;0.418436
0.366255;0.44335
0.332113;0.386259
0.350115;0.349995
0.550601;0.355006
0.578749;0.46455
0.513785;0.516686
0.705227;0.460085
0.619524;0.611929
0.710999;0.572351
0.498858;0.602728
0.434005;0.492818
0.392061;0.427569
0.493136;0.385749
0.570096;0.426132
0.629536;0.496531
0.723229;0.532807
0.670115;0.614536
0.581346;0.594981
0.440214;0.52944
0.418726;0.409733
0.406685;0.394349
0.473421;0.397677
0.512383;0.422484
0.430527;0.460598
0.504162;0.422844
0.394635;0.455421
0.387964;0.389043
0.307076;0.391535
0.418386;0.341419
0.331964;0.392002
0.396214;0.345615
0.463104;0.379824
0.352492;0.426553
0.297751;0.369342
0.262129;0.341908
0.352183;0.315467
0.41091;0.356872
0.517273;0.387743
0.397468;0.481107
0.439117;0.386074
0.475289;0.421671
0.359622;0.440483
0.283449;0.376156
0.335491;0.330026
0.2883;0.350639
0.355318;0.336066
0.579715;0.353325
0.466539;0.489786
0.424397;0.43792
0.441719;0.396187
0.324009;0.422068
0.2721;0.351696
0.260204;0.327868
0.240925;0.31926
0.271932;0.307329
0.47098;0.319384
0.36962;0.418204
0.32814;0.387247
0.499829;0.353805
0.347648;0.444366
0.30037;0.371854
0.305424;0.337189
0.336551;0.341951
0.286403;0.350709
0.478729;0.327055
0.399471;0.430046
0.339934;0.401134
0.457455;0.368961
0.448118;0.421817
0.363544;0.410204
0.39091;0.373628
0.436507;0.387066
0.367297;0.405964
0.638867;0.379801
0.497018;0.526145
0.432074;0.441957
0.510598;0.405656
0.473931;0.451507
0.356342;0.43534
0.381706;0.370604
0.392768;0.369563
0.413359;0.397377
0.441921;0.399963
0.419464;0.402322
0.527512;0.399489
0.466959;0.463496
0.546809;0.426745
0.384956;0.468554
0.438695;0.375675
0.43548;0.403291
0.522666;0.403463
0.388251;0.466486
0.471816;0.385517
0.419069;0.423
0.388714;0.412497
0.437238;0.379284
0.328429;0.413486
0.364805;0.354319
0.334192;0.357002
0.514439;0.349927
0.393309;0.458272
0.347614;0.396727
0.29293;0.361266
0.407573;0.32974
0.395702;0.391607
0.340185;0.384322
0.385335;0.358015
0.325226;0.366982
0.49438;0.362808
0.532154;0.426774
0.417868;0.453196
0.323266;0.416052
0.27808;0.345506
0.255691;0.32023
0.295238;0.314272
0.47552;0.333062
0.406319;0.419479
0.47556;0.389549
0.383606;0.428561
0.458512;0.390941
0.337977;0.430535
0.270644;0.363543
0.252558;0.326548
0.298848;0.309854
0.578461;0.331476
0.509586;0.488609
0.418231;0.462915
0.358288;0.405992
0.382263;0.372619
0.316572;0.368754
0.292488;0.347807
0.453298;0.335093
0.362901;0.403277
0.594063;0.373987
0.560733;0.505832
0.38948;0.506239
0.483013;0.407081
0.487639;0.436068
0.36539;0.437842
0.292566;0.374767
0.328284;0.331905
0.384897;0.345568
0.452621;0.383584
0.397887;0.419679
0.303614;0.399259
0.549803;0.346126
0.514558;0.478327
0.38688;0.472975
0.297125;0.398973
0.256864;0.334459
0.320565;0.312338
0.32042;0.341959
0.278736;0.345944
0.309676;0.325649
0.250489;0.338755
0.2318;0.321414
0.250556;0.3061
0.264484;0.316012
0.241398;0.31943
0.266214;0.305991
0.347448;0.319082
0.264374;0.348982
0.573752;0.32102
0.358553;0.470638
0.279403;0.376049
0.275156;0.324823
0.233527;0.321679
0.300457;0.30548
0.278501;0.322473
0.323226;0.324376
0.277412;0.340554
0.358336;0.320462
0.308249;0.359967
0.417559;0.33568
0.515261;0.391831
0.349146;0.462449
0.312785;0.379929
0.305664;0.349962
0.313049;0.336767
0.447587;0.344154
0.448644;0.414417
0.446178;0.421635
0.335063;0.413804
0.306394;0.355296
0.352267;0.337703
0.392257;0.358386
0.292457;0.386661
0.460728;0.33438
0.552151;0.414342
0.727623;0.486504
0.601933;0.600064
0.431612;0.560906
0.360256;0.446463
0.490151;0.378163
0.501974;0.446326
0.371512;0.459962
0.530446;0.387443
0.503382;0.466359
0.387796;0.470224
0.366567;0.390941
0.294668;0.379957
0.395938;0.332125
0.611424;0.381232
0.491591;0.499383
0.369445;0.475762
0.394301;0.389896
0.321762;0.388399
0.266671;0.357713
0.24117;0.319948
0.218189;0.312729
0.295718;0.294979
0.289621;0.329793
0.339609;0.33242
0.465731;0.3532
0.355743;0.419585
0.293796;0.363351
0.249225;0.333938
0.229318;0.310294
0.255797;0.305233
0.316224;0.315407
0.290344;0.340237
0.27284;0.321593
0.308785;0.324579
0.29063;0.339812
0.356329;0.320311
0.28251;0.360971
0.291806;0.33211
0.310498;0.328621
0.315545;0.334113
0.246324;0.340226
0.237871;0.311062
0.221359;0.307872
0.251855;0.300755
0.35017;0.31062
0.268493;0.355508
0.289764;0.324378
0.261385;0.32938
0.254073;0.317877
0.212819;0.309267
0.196233;0.30059
0.224058;0.287584
0.216803;0.297262
0.432339;0.298381
0.302998;0.390725
0.337789;0.348157
0.306161;0.345174
0.242214;0.344039
0.266832;0.309534
0.218349;0.31385
0.212528;0.299474
0.237519;0.297037
0.25869;0.300799
0.33186;0.315911
0.279337;0.339256
0.45869;0.322627
0.325086;0.419225
0.302503;0.366121
0.240819;0.336455
0.210181;0.308903
0.336498;0.293621
0.299109;0.348196
0.368596;0.338312
0.304343;0.35819
0.340444;0.336203
0.519457;0.351819
0.347923;0.469414
0.285486;0.365682
0.279877;0.328291
0.314986;0.323752
0.474443;0.337307
0.416384;0.416714
0.519503;0.402432
0.471531;0.458194
0.43448;0.43739
0.328457;0.404246
0.453915;0.358212
0.383202;0.415257
0.293787;0.37804
0.448248;0.336868
0.358116;0.41198
0.327433;0.374014
0.450686;0.350714
0.365284;0.410036
0.323591;0.368916
0.528388;0.350579
0.426287;0.450794
0.311328;0.420481
0.387864;0.35308
0.348524;0.367669
0.337309;0.366531
0.344814;0.346789
0.34262;0.35657
0.326404;0.35247
0.550328;0.345661
0.525907;0.513205
0.396123;0.479809
0.406368;0.415673
0.455941;0.382868
0.354582;0.432828
0.367031;0.36916
0.363501;0.368824
0.481872;0.375552
0.530659;0.433968
0.520855;0.464974
0.398288;0.491949
0.46228;0.38586
0.480443;0.421655
0.37389;0.439253
0.445625;0.378719
0.414335;0.413502
0.402033;0.399553
0.333781;0.396615
0.446433;0.354815
0.33916;0.419288
0.441807;0.357352
0.368271;0.419022
0.46393;0.364122
0.458372;0.418969
0.368334;0.417629
0.313914;0.382219
0.262552;0.352685
0.32204;0.31596
0.297842;0.338631
0.332901;0.336576
0.28685;0.346691
0.434135;0.329048
0.480391;0.399752
0.359885;0.444135
0.314615;0.378957
0.268301;0.342166
0.303265;0.320135
0.246981;0.326484
0.228424;0.310901
0.286536;0.298381
0.445955;0.328016
0.338459;0.403559
0.343003;0.360824
0.367984;0.35428
0.382368;0.367927
0.390907;0.375309
0.285304;0.369997
0.260886;0.338016
0.2243;0.31699
0.434062;0.303907
0.320279;0.385732
0.407498;0.353368
0.474311;0.367342
0.61996;0.429727
0.493739;0.525643
0.363081;0.467395
0.586978;0.368835
0.399451;0.510939
0.494759;0.3995
0.482799;0.451695
0.640999;0.427938
0.523786;0.547377
0.41403;0.487791
0.391082;0.402062
0.322501;0.384007
0.578665;0.346316
0.443993;0.492892
0.498848;0.432062
0.418613;0.458762
0.432314;0.406551
0.338926;0.424888
0.28574;0.364423
0.419002;0.331136
0.34996;0.39079
0.31887;0.361946
0.401616;0.346757
0.310502;0.390668
0.297674;0.349797
0.303836;0.332068
0.259764;0.335414
0.362132;0.315908
0.385936;0.360774
0.317163;0.380051
0.261568;0.342996
0.414386;0.321814
0.295619;0.392755
0.315016;0.352646
0.289311;0.336693
0.343743;0.326045
0.626558;0.348682
0.480086;0.531292
0.34648;0.447739
0.386243;0.379822
0.467871;0.395099
0.354527;0.422133
0.31285;0.373401
0.332823;0.339405
0.469619;0.354979
0.358097;0.423946
0.310469;0.382868
0.320268;0.33545
0.347874;0.339217
0.287466;0.35502
0.253935;0.330653
0.244975;0.311271
0.332975;0.307094
0.352014;0.339668
0.266517;0.358946
0.229536;0.315534
0.423186;0.307752
0.345672;0.396037
0.281773;0.361051
0.234745;0.328
0.232201;0.30352
0.273034;0.306257
0.241289;0.318317
0.244841;0.305786
0.25659;0.311188
0.445271;0.305863
0.51007;0.396009
0.518164;0.465438
0.371771;0.462137
0.281536;0.389168
0.399253;0.329696
0.336346;0.37845
0.44621;0.358799
0.526104;0.418181
0.624846;0.461903
0.629741;0.543643
0.485523;0.532012
0.425094;0.445055
0.345092;0.419074
0.34247;0.363204
0.462069;0.361275
0.528856;0.40472
0.55811;0.444098
0.543068;0.497747
0.418658;0.477727
0.334118;0.4048
0.276399;0.358586
0.531871;0.326828
0.379879;0.44751
0.443901;0.390704
0.334649;0.410554
0.357378;0.361345
0.424333;0.356799
0.32579;0.394471
0.274142;0.366902
0.233313;0.324362
0.325963;0.307435
0.26093;0.34293
0.305578;0.321177
0.24235;0.331991
0.303228;0.31111
0.25405;0.331534
0.31936;0.311245
0.257899;0.335577
0.24709;0.31749
0.22515;0.313342
0.237587;0.302066
0.230134;0.307869
0.205137;0.304472
0.204897;0.293208
0.199276;0.29272
0.244161;0.292837
0.243933;0.30556
0.254404;0.308176
0.222544;0.309441
0.458919;0.304937
0.317655;0.420208
0.270366;0.352538
0.243909;0.322134
0.401978;0.310197
0.29571;0.374788
0.39008;0.342266
0.321221;0.381071
0.317818;0.345666
0.368876;0.348573
0.282238;0.359755
0.310845;0.323339
0.557893;0.335819
0.499843;0.469755
0.400374;0.45517
0.466219;0.405212
0.440308;0.420013
0.337191;0.409928
0.322387;0.357652
0.271881;0.340289
0.305095;0.320281
0.31246;0.334357
0.437072;0.337326
0.375685;0.408417
0.524087;0.378757
0.372354;0.463471
0.308784;0.391001
0.357872;0.353578
0.280962;0.360814
0.32929;0.33022
0.309644;0.344359
0.394526;0.338086
0.36293;0.377496
0.393102;0.36951
0.290231;0.389867
0.468672;0.337842
0.364666;0.42543
0.297441;0.381325
0.372628;0.332553
0.484877;0.368585
0.393027;0.441089
0.473351;0.390915
0.441442;0.414285
0.323881;0.412988
0.363998;0.352966
0.338923;0.369067
0.426394;0.360949
0.356832;0.390969
0.441223;0.37153
0.337808;0.4046
0.520824;0.366903
0.441231;0.46427
0.340284;0.438149
0.300496;0.363406
0.251329;0.339126
0.391716;0.312978
0.33646;0.378592
0.283754;0.351513
0.253628;0.327063
0.539352;0.314832
0.413899;0.451901
0.330082;0.429071
0.26111;0.354359
0.22487;0.319771
0.337361;0.30211
0.329031;0.338314
0.28005;0.349534
0.35952;0.322328
0.353958;0.357289
0.317941;0.360465
0.42035;0.344448
0.294806;0.401065
0.271711;0.346176
0.230586;0.323601
0.234083;0.308419
0.487807;0.307645
0.563553;0.42832
0.454635;0.491462
0.366229;0.438877
0.290443;0.383212
0.251814;0.331488
0.255677;0.320568
0.23285;0.310359
0.272203;0.304527
0.592465;0.322242
0.655874;0.50099
0.629368;0.585684
0.514646;0.562008
0.375505;0.477791
0.393923;0.386936
0.408006;0.382444
0.447118;0.38974
0.466346;0.416378
0.441271;0.419742
0.685373;0.415301
0.531275;0.594861
0.401377;0.502727
0.570482;0.398699
0.444828;0.506403
0.362681;0.433652
0.431626;0.375326
0.511979;0.40423
0.392391;0.440338
0.593178;0.396156
0.43042;0.525535
0.337575;0.421792
0.490931;0.350832
0.424427;0.432493
0.371546;0.423741
0.475352;0.37766
0.461081;0.42264
0.346493;0.413041
0.464828;0.369283
0.351099;0.428035
0.327128;0.358412
0.267193;0.353249
0.248802;0.318505
0.349579;0.310172
0.335831;0.343318
0.29959;0.351104
0.270322;0.342336
0.391542;0.323674
0.379035;0.374981
0.278176;0.377583
0.231509;0.328609
0.215799;0.300156
0.36006;0.300353
0.308556;0.356245
0.303717;0.336577
0.39151;0.331792
0.408811;0.386638
0.388514;0.392766
0.28926;0.373019
0.569613;0.334731
0.428558;0.461363
0.620546;0.428593
0.446209;0.515628
0.518211;0.437736
0.477767;0.455924
0.495553;0.437383
0.415282;0.449465
0.460178;0.401235
0.629039;0.421222
0.519076;0.546405
0.448731;0.486232
0.368138;0.429301
0.320765;0.368682
0.391911;0.349371
0.36176;0.380571
0.303801;0.376261
0.38364;0.335386
0.366866;0.364972
0.395667;0.375887
0.317481;0.382211
0.293444;0.351634
0.268599;0.327828
0.378128;0.324508
0.289325;0.361506
0.252614;0.331451
0.36118;0.311731
0.333646;0.357953
0.38606;0.347601
0.326286;0.369711
0.398366;0.347877
0.474476;0.385819
0.382893;0.429741
0.293025;0.378473
0.329652;0.346691
0.294514;0.351546
0.463556;0.334122
0.416108;0.418238
0.417837;0.397187
0.469833;0.397631
0.509676;0.432903
0.359743;0.450167
0.292813;0.376208
0.394462;0.337783
0.334597;0.385373
0.354312;0.365082
0.380576;0.366624
0.318369;0.367516
0.437912;0.352035
0.32267;0.399474
0.262977;0.352503
0.282855;0.317569
0.307134;0.317252
0.401436;0.332414
0.385816;0.381586
0.331778;0.373766
0.285875;0.355275
0.524039;0.32915
0.3569;0.440151
0.387365;0.375229
0.336832;0.375821
0.301462;0.346465
0.46049;0.336503
0.644896;0.428448
0.431074;0.566865
0.549687;0.414676
0.543243;0.471396
0.658028;0.506438
0.765902;0.572455
0.561553;0.652132
0.451596;0.535989
0.384767;0.415335
0.320656;0.383921
0.295345;0.349726
0.370607;0.324217
0.303666;0.372957
0.447548;0.345594
0.537357;0.403923
0.503863;0.481575
0.440958;0.47486
0.327011;0.434359
0.262533;0.356857
0.255247;0.324707
0.29148;0.310601
0.243247;0.325373
0.244759;0.313434
0.449728;0.305113
0.491705;0.396866
0.666674;0.472365
0.431003;0.572981
0.324934;0.436181
0.261486;0.350201
0.315236;0.327923
0.351815;0.343682
0.282692;0.354897
0.551539;0.334644
0.49347;0.458088
0.612558;0.458435
0.454859;0.521875
0.337367;0.454752
0.268511;0.363097
0.380333;0.317929
0.349454;0.374708
0.279918;0.36869
0.441809;0.322456
0.436357;0.399791
0.485305;0.418665
0.381368;0.450801
0.310967;0.389557
0.250819;0.336787
0.334945;0.314402
0.318061;0.355917
0.264643;0.342087
0.414074;0.3188
0.471193;0.395778
0.379428;0.434151
0.300143;0.379077
0.322994;0.333851
0.355433;0.346504
0.375394;0.355376
0.359689;0.383224
0.406535;0.373302
0.527241;0.392064
0.526304;0.470085
0.443501;0.481322
0.400286;0.423636
0.46108;0.400913
0.387142;0.43416
0.325519;0.384398
0.304024;0.344555
0.414406;0.329617
0.587192;0.396331
0.497543;0.515132
0.383501;0.461972
0.413028;0.388661
0.363929;0.39893
0.296881;0.368945
0.273919;0.329585
0.264096;0.322962
0.478843;0.316412
0.351728;0.417453
0.333386;0.373624
0.280888;0.35233
0.331843;0.325741
0.265647;0.347883
0.23877;0.321829
0.428489;0.306644
0.318245;0.383825
0.437049;0.354343
0.30782;0.415028
0.348965;0.353036
0.511979;0.359975
0.385793;0.460076
0.29637;0.390605
0.250335;0.33508
0.276301;0.309841
0.261953;0.320722
0.414087;0.313424
0.306907;0.383007
0.435581;0.344641
0.44693;0.396951
0.359507;0.418247
0.27304;0.362366
0.24497;0.32998
0.269581;0.314998
0.258947;0.311562
0.319317;0.318694
0.257626;0.341243
0.26225;0.31686
0.323774;0.315288
0.352974;0.336963
0.268872;0.355156
0.277696;0.329863
0.436602;0.318583
0.323366;0.397757
0.254032;0.355916
0.224168;0.317042
0.245006;0.30057
0.342917;0.311155
0.267616;0.343448
0.271069;0.325004
0.353933;0.319522
0.324956;0.36257
0.273181;0.348669
0.242286;0.330646
0.332777;0.30605
0.475657;0.348672
0.366295;0.423262
0.27962;0.385204
0.236927;0.32594
0.551814;0.30674
0.40069;0.467395
0.367481;0.402117
0.411647;0.377726
0.589582;0.400434
0.409893;0.488637
0.391734;0.409122
0.359072;0.381342
0.297677;0.354574
0.502484;0.333121
0.375537;0.429275
0.48522;0.388158
0.422666;0.429491
0.344594;0.418295
0.280595;0.368397
0.536344;0.332508
0.552825;0.45556
0.497151;0.496346
0.514738;0.463457
0.402143;0.468698
0.385424;0.397414
0.351418;0.384472
0.30337;0.357542
0.306234;0.337773
0.552555;0.331828
0.632227;0.467125
0.475662;0.532535
0.529691;0.446488
0.408042;0.480748
0.311916;0.416044
0.337815;0.343261
0.354253;0.353583
0.357623;0.365625
0.338223;0.359625
0.364806;0.350817
0.329974;0.357905
0.326348;0.351487
0.26447;0.345908
0.225027;0.319876
0.414149;0.298915
0.365006;0.378356
0.403279;0.364378
0.335824;0.387502
0.317094;0.347141
0.583193;0.34014
0.450417;0.485523
0.359888;0.435841
0.284575;0.38372
0.299225;0.330845
0.29365;0.333081
0.388421;0.334405
0.546477;0.38505
0.383934;0.491042
0.438833;0.400346
0.500593;0.424158
0.521959;0.434696
0.366385;0.475814
0.333067;0.386209
0.339369;0.357332
0.398027;0.347176
0.514286;0.386308
0.385664;0.464481
0.348738;0.398793
0.43064;0.362534
0.332284;0.40477
0.265877;0.355593
0.454775;0.321617
0.581671;0.412367
0.578945;0.505206
0.436123;0.527429
0.382565;0.423267
0.342808;0.387989
0.467856;0.351607
0.35671;0.429761
0.282036;0.370104
0.567608;0.331346
0.567218;0.49861
0.534813;0.528451
0.421571;0.480127
0.345399;0.402706
0.364544;0.359971
0.503568;0.374238
0.440497;0.463353
0.342179;0.428381
0.29102;0.360465
0.358202;0.326381
0.370693;0.356677
0.442844;0.378642
0.401326;0.425974
0.347376;0.38699
0.554605;0.364
0.461165;0.47479
0.409337;0.426037
0.314683;0.400141
0.288339;0.347518
0.297423;0.331153
0.391687;0.333691
0.510081;0.374147
0.379219;0.442058
0.539736;0.387886
0.671562;0.467171
0.614598;0.601092
0.555778;0.559919
0.398537;0.521337
0.360304;0.406269
0.497023;0.362234
0.438421;0.439739
0.349179;0.415906
0.537572;0.372272
0.58634;0.471664
0.733013;0.503833
0.528863;0.646611
0.399109;0.502161
0.343967;0.397702
0.497335;0.360941
0.411992;0.445825
0.340421;0.4055
0.324166;0.364141
0.482991;0.340406
0.635407;0.44533
0.468205;0.560189
0.454331;0.470051
0.336952;0.425236
0.505619;0.359648
0.436215;0.441307
0.480901;0.410816
0.383282;0.431144
0.601704;0.387151
0.712635;0.528981
0.691534;0.602085
0.660472;0.623252
0.476657;0.596583
0.435442;0.477274
0.473203;0.415977
0.445793;0.442478
0.574671;0.413672
0.650397;0.509026
0.554538;0.570307
0.49918;0.496849
0.447333;0.480036
0.396072;0.4176
0.346476;0.388873
0.43248;0.366089
0.416844;0.401613
0.368658;0.412307
0.471643;0.379807
0.407424;0.420449
0.366212;0.395254
0.369669;0.384434
0.322596;0.365583
0.348722;0.33797
0.411312;0.351175
0.450328;0.393497
0.338901;0.425627
0.385402;0.36537
0.377698;0.372959
0.466989;0.376912
0.4043;0.425113
0.420869;0.403757
0.401442;0.406825
0.363084;0.39247
0.384763;0.366917
0.375512;0.38998
0.299569;0.380944
0.3109;0.336535
0.468139;0.33966
0.367547;0.422603
0.515802;0.383303
0.500796;0.441027
0.419241;0.478181
0.309885;0.411177
0.26695;0.342829
0.237634;0.317139
0.284745;0.306531
0.334991;0.326731
0.324282;0.361845
0.344474;0.341377
0.301198;0.350853
0.510429;0.342109
0.338287;0.451407
0.269276;0.367279
0.25937;0.327233
0.229528;0.312651
0.256874;0.3053
0.249157;0.315586
0.232756;0.313354
0.244641;0.302215
0.319091;0.310069
0.299649;0.332486
0.328802;0.339162
0.286808;0.348621
0.253565;0.330082
0.303625;0.315836
0.285343;0.331602
0.251856;0.324939
0.410494;0.31291
0.394251;0.38412
0.365522;0.394555
0.316594;0.370318
0.340105;0.353245
0.421338;0.348759
0.304605;0.398501
0.53301;0.350852
0.391054;0.44663
0.316604;0.388404
0.428725;0.351491
0.321974;0.396511
0.348193;0.357202
0.539028;0.365953
0.396676;0.463966
0.304144;0.396961
0.407352;0.341789
0.333342;0.377438
0.307331;0.345627
0.326423;0.341139
0.282074;0.337105
0.382757;0.328004
0.475986;0.3634
0.353898;0.430308
0.383848;0.376723
0.420325;0.385872
0.414463;0.387034
0.343168;0.402933
0.329672;0.354256
0.520149;0.353628
0.510444;0.444659
0.52935;0.473644
0.497717;0.478354
0.454755;0.447023
0.563785;0.440531
0.466985;0.494594
0.370387;0.440456
0.303034;0.378752
0.494028;0.344228
0.599687;0.431699
0.456989;0.503679
0.667004;0.432773
0.555254;0.561673
0.580698;0.493335
0.475177;0.52841
0.435348;0.444836
0.340552;0.420717
0.400938;0.359857
0.528791;0.37911
0.441398;0.450095
0.367868;0.42195
0.46689;0.375696
0.381548;0.424083
0.439828;0.376604
0.351415;0.402867
0.30017;0.371627
0.279913;0.339556
0.279131;0.326633
0.58543;0.324561
0.408814;0.475886
0.428558;0.405802
0.350284;0.416349
0.364674;0.368119
0.313378;0.375966
0.279344;0.343404
0.295776;0.335849
0.276323;0.329535
0.374279;0.329413
0.457908;0.357813
0.484736;0.414896
0.506713;0.449811
0.455101;0.436639
0.494599;0.430653
0.360982;0.442193
0.315561;0.374366
0.372893;0.348153
0.346948;0.373544
0.290973;0.364085
0.34726;0.333436
0.428017;0.349886
0.467572;0.405471
0.399061;0.432424
0.346388;0.38935
0.270145;0.352392
0.401874;0.328696
0.438958;0.370847
0.327428;0.407087
0.349864;0.358362
0.412459;0.348914
0.40367;0.393899
0.316126;0.383764
0.499909;0.345321
0.348834;0.427663
0.486958;0.382987
0.535268;0.436732
0.419916;0.48002
0.317279;0.41026
0.273388;0.356372
0.323542;0.319708
0.306302;0.350443
0.447871;0.346355
0.375499;0.410145
0.545479;0.385021
0.408813;0.462759
0.357112;0.402925
0.276326;0.370529
0.243133;0.315627
0.317882;0.305634
0.256583;0.33348
0.361451;0.317779
0.325295;0.367631
0.312344;0.354349
0.314457;0.347952
0.276433;0.336565
0.336195;0.329823
0.2696;0.35596
0.371053;0.329814
0.272681;0.366645
0.225747;0.329211
0.256922;0.306997
0.22691;0.310168
0.338742;0.302342
0.279916;0.34049
0.581486;0.325799
0.402896;0.483135
0.441905;0.414717
0.319309;0.398025
0.249466;0.354098
0.479843;0.320937
0.361199;0.429329
0.405596;0.388073
0.52859;0.393706
0.686757;0.454555
0.634533;0.564477
0.435855;0.573887
0.355993;0.419431
0.306499;0.365075
0.2835;0.337496
0.269344;0.331217
0.348164;0.321492
0.526993;0.35401
0.540567;0.458717
0.501913;0.470067
0.358677;0.458913
0.548609;0.375101
0.472605;0.478694
0.34712;0.434594
0.307832;0.37473
0.330339;0.336863
0.397244;0.347787
0.339806;0.370364
0.483648;0.359074
0.375122;0.441417
0.416711;0.383981
0.419041;0.387787
0.375728;0.397995
0.423499;0.379405
0.325351;0.408311
0.329246;0.347435
0.314672;0.350608
0.287473;0.340143
0.256168;0.333062
0.345966;0.312991
0.451912;0.354006
0.387608;0.415868
0.453397;0.38377
0.324371;0.427585
0.375324;0.352301
0.356493;0.367352
0.291262;0.359907
0.313314;0.332998
0.322246;0.342704
0.492428;0.342023
0.367194;0.434341
0.365475;0.368192
0.32871;0.374646
0.441705;0.354795
0.406278;0.413525
0.4004;0.390689
0.30749;0.377611
0.343709;0.339797
0.433547;0.358481
0.330495;0.414123
0.354981;0.355876
0.401658;0.362061
0.386544;0.392573
0.61831;0.375414
0.48241;0.495143
0.35885;0.479569
0.527204;0.381913
0.453662;0.463989
0.389064;0.440207
0.333173;0.383339
0.379696;0.350485
0.319993;0.368015
0.344918;0.339846
0.404637;0.347512
0.405272;0.384108
0.419539;0.388437
0.429347;0.405541
0.45074;0.41462
0.334184;0.438329
0.399783;0.363736
0.318991;0.379743
0.268405;0.349087
0.376219;0.322183
0.286074;0.369343
0.305955;0.328454
0.400565;0.338147
0.417088;0.381523
0.305315;0.401416
0.393796;0.341122
0.341997;0.374816
0.276272;0.356961
0.326366;0.323177
0.256736;0.35214
0.368017;0.319849
0.45597;0.359553
0.571588;0.409679
0.396594;0.502164
0.426059;0.399704
0.434135;0.395212
0.325999;0.4005
0.395426;0.355215
0.383088;0.38079
0.47677;0.381126
0.602217;0.432198
0.453921;0.507407
0.595804;0.451013
0.483624;0.514739
0.576014;0.469276
0.449822;0.492053
0.547852;0.41811
0.434471;0.476976
0.452586;0.439188
0.463613;0.427039
0.379784;0.425551
0.39735;0.38414
0.360088;0.386363
0.493964;0.371654
0.700567;0.457479
0.771693;0.555903
0.54533;0.676615
0.564875;0.514782
0.468721;0.513121
0.449075;0.451946
0.419289;0.410958
0.39656;0.401079
0.50815;0.397867
0.55565;0.467782
0.451262;0.499276
0.452242;0.42836
0.494829;0.413497
0.426635;0.435947
0.494969;0.404452
0.516212;0.448068
0.454967;0.487146
0.417515;0.424154
0.345759;0.404141
0.300488;0.364335
0.538067;0.337308
0.506843;0.466122
0.370017;0.47586
0.296699;0.38921
0.377962;0.342567
0.294165;0.371074
0.269109;0.33233
0.272602;0.322745
0.402675;0.319962
0.440812;0.369669
0.513088;0.408656
0.356293;0.458722
0.273592;0.381707
0.235109;0.326777
0.21159;0.312715
0.22549;0.298523
0.246109;0.300836
0.336616;0.308172
0.40842;0.338789
0.432435;0.393566
0.446068;0.396308
0.398908;0.423796
0.288478;0.400635
0.254431;0.333594
0.217882;0.31902
0.215443;0.300565
0.281038;0.295231
0.279328;0.319615
0.259206;0.327632
0.364891;0.324265
0.356302;0.375554
0.351458;0.364841
0.383559;0.359227
0.272416;0.368361
0.312299;0.323552
0.365072;0.333581
0.32374;0.364199
0.287598;0.344216
0.331551;0.327287
0.28519;0.343137
0.309613;0.332736
0.252997;0.333633
0.357003;0.311931
0.333167;0.356324
0.361034;0.352908
0.342364;0.362022
0.318702;0.364349
0.372518;0.331468
0.296193;0.37014
0.343006;0.337866
0.268733;0.355954
0.392765;0.319204
0.347021;0.374639
0.41099;0.354301
0.360078;0.39616
0.27376;0.364912
0.33149;0.324102
0.292561;0.347369
0.459182;0.332562
0.472889;0.427802
0.489296;0.441889
0.408497;0.427885
0.487267;0.412652
0.489152;0.438608
0.354738;0.439875
0.290229;0.373919
0.3124;0.332031
0.500469;0.343689
0.418677;0.433215
0.367382;0.411943
0.37628;0.376183
0.483987;0.388442
0.521854;0.419072
0.604194;0.473547
0.444805;0.540103
0.393297;0.433739
0.390231;0.39509
0.422711;0.387108
0.360745;0.401482
0.487508;0.377661
0.594785;0.447109
0.483567;0.505422
0.675062;0.458465
0.687305;0.591747
0.534549;0.615873
0.439922;0.496526
0.471533;0.430247
0.451279;0.444364
0.429842;0.427558
0.353391;0.423029
0.322086;0.368492
0.334239;0.347697
0.353082;0.356326
0.328791;0.368385
0.380723;0.349634
0.392084;0.369259
0.417415;0.381587
0.415834;0.391377
0.309828;0.393191
0.33678;0.35467
0.275411;0.354736
0.284586;0.32689
0.30038;0.324462
0.25061;0.334891
0.475352;0.311496
0.480266;0.415323
0.407807;0.444932
0.385301;0.38336
0.443193;0.384512
0.392779;0.405562
0.342796;0.389148
0.46992;0.354861
0.341921;0.419742
0.381965;0.373051
0.374801;0.383306
0.360399;0.381088
0.393972;0.368414
0.531406;0.392092
0.407217;0.442631
0.385493;0.406494
0.426121;0.380483
0.330032;0.399849
0.352807;0.355643
0.291683;0.360718
0.352658;0.337699
0.326334;0.366104
0.314186;0.343168
0.270397;0.331292
0.321746;0.328586
0.274261;0.334433
0.227648;0.323594
0.265157;0.311919
0.270352;0.319552
0.257609;0.318887
0.227704;0.317813
0.219069;0.302495
0.321759;0.302196
0.364107;0.340666
0.293059;0.358709
0.229421;0.333413
0.236483;0.303349
0.310574;0.300555
0.297696;0.334489
0.243398;0.327178
0.298655;0.311798
0.357637;0.329509
0.484027;0.351316
0.591579;0.42662
0.433825;0.486065
0.417528;0.41644
0.379837;0.393275
0.454478;0.384023
0.389036;0.415922
0.523662;0.39166
0.451088;0.468144
0.558724;0.418198
0.459528;0.471303
0.488858;0.430238
0.48844;0.450103
0.440458;0.447985
0.415821;0.420153
0.364828;0.405487
0.391684;0.368697
0.501501;0.380624
0.491304;0.43929
0.436471;0.443564
0.394518;0.421709
0.340762;0.381715
0.35158;0.354805
0.363955;0.359137
0.316386;0.363852
0.302703;0.343282
0.567611;0.342914
0.492115;0.465353
0.483064;0.455339
0.357231;0.446264
0.306689;0.383525
0.381487;0.33878
0.403345;0.375681
0.51935;0.396759
0.502235;0.429319
0.611834;0.464076
0.499073;0.524862
0.380598;0.459202
0.32338;0.388056
0.396119;0.351905
0.509033;0.377808
0.409256;0.45324
0.490098;0.409961
0.415916;0.454471
0.505967;0.406065
0.37922;0.452506
0.310069;0.400962
0.261196;0.346668
0.288664;0.323304
0.269004;0.322628
0.336312;0.320135
0.265953;0.351847
0.230712;0.3317
0.364081;0.302744
0.304244;0.359225
0.341903;0.339416
0.255524;0.34996
0.276017;0.321726
0.244658;0.321055
0.387502;0.313817
0.280618;0.368295
0.24036;0.335231
0.318808;0.309925
0.426818;0.33591
0.564701;0.393725
0.433743;0.498703
0.428583;0.428897
0.408101;0.408963
0.456675;0.396352
0.544431;0.427367
0.392937;0.468659
0.30609;0.405459
0.28467;0.349038
0.481795;0.335934
0.402433;0.433184
0.31674;0.398586
0.357485;0.34536
0.538699;0.351313
0.571732;0.474953
0.406448;0.531131
0.311295;0.415164
0.287179;0.340803
0.451605;0.329365
0.386353;0.398634
0.323548;0.389943
0.437149;0.347899
0.356019;0.41204
0.512327;0.372433
0.489443;0.443517
0.387392;0.451303
0.317532;0.388686
0.305822;0.34464
0.26024;0.33812
0.323454;0.32114
0.412138;0.342845
0.324838;0.401265
0.375711;0.350591
0.545102;0.375517
0.42945;0.461793
0.33067;0.423314
0.310293;0.364491
0.251764;0.346478
0.25421;0.315695
0.409044;0.31509
0.487247;0.395458
0.487888;0.425695
0.522567;0.446442
0.5092;0.478686
0.393939;0.463122
0.486326;0.391278
0.405212;0.444724
0.409942;0.390097
0.347995;0.395012
0.366571;0.364274
0.443719;0.360681
0.5237;0.402674
0.392007;0.454699
0.307945;0.400362
0.478945;0.343126
0.502018;0.425692
0.57866;0.462405
0.437277;0.521942
0.359035;0.421868
0.400947;0.379557
0.467286;0.384392
0.376854;0.431017
0.300066;0.375489
0.480914;0.337864
0.473614;0.437599
0.352508;0.444823
0.458605;0.374858
0.427839;0.41684
0.415522;0.404002
0.35045;0.402399
0.412761;0.366599
0.322647;0.391143
0.393219;0.353272
0.367868;0.379001
0.289331;0.371767
0.34335;0.331869
0.404855;0.351099
0.366971;0.380066
0.326327;0.369484
0.372726;0.346066
0.362402;0.364887
0.384237;0.365752
0.369621;0.380575
0.325804;0.378131
0.419588;0.349749
0.34987;0.399883
0.439297;0.364281
0.492004;0.405733
0.451052;0.45906
0.52678;0.425601
0.51254;0.467706
0.543913;0.471913
0.401394;0.488611
0.433401;0.416081
0.398334;0.42028
0.345828;0.389386
0.475319;0.358235
0.443633;0.425607
0.358694;0.418702
0.413687;0.376454
0.46101;0.40119
0.348846;0.417789
0.328578;0.36491
0.344567;0.354208
0.280455;0.353868
0.365424;0.329422
0.370882;0.366841
0.306768;0.369743
0.292449;0.345475
0.243943;0.328376
0.267462;0.305546
0.266044;0.317646
0.293434;0.316098
0.305892;0.325963
0.23835;0.324384
0.336793;0.307578
0.321535;0.34192
0.283025;0.348722
0.231439;0.328545
0.29062;0.304777
0.317977;0.320353
0.494458;0.331413
0.563252;0.430207
0.365273;0.475706
0.364229;0.388728
0.343607;0.364839
0.401704;0.358095
0.459485;0.380245
0.359275;0.43228
0.490241;0.374395
0.628451;0.44109
0.702392;0.561565
0.61075;0.596353
0.459431;0.530902
0.588917;0.441749
0.607459;0.519512
0.488093;0.512552
0.491771;0.461749
0.532893;0.44643
0.554561;0.460349
0.579025;0.499377
0.618243;0.516252
0.511821;0.529247
0.491607;0.469961
0.516235;0.458941
0.410178;0.454893
0.4347;0.404952
0.447366;0.410888
0.505618;0.419331
0.498833;0.447696
0.416295;0.467191
0.441755;0.415449
0.430841;0.425101
0.401645;0.410915
0.373799;0.390356
0.399198;0.383136
0.422563;0.381717
0.323883;0.40008
0.461548;0.360529
0.337933;0.422326
0.301399;0.356529
0.489378;0.331877
0.448815;0.437263
0.443264;0.42393
0.442567;0.415299
0.553346;0.420034
0.389459;0.4924
0.396109;0.385385
0.317016;0.387124
0.290144;0.344294
0.522243;0.325863
0.70874;0.453198
0.518453;0.565893
0.404646;0.493787
0.49748;0.404014
0.706754;0.462987
0.503152;0.583519
0.520133;0.486963
0.564117;0.458285
0.658683;0.536763
0.55043;0.554361
0.46899;0.51599
0.448838;0.439804
0.391595;0.439339
0.592551;0.386667
0.500019;0.532351
0.545512;0.454439
0.456798;0.483072
0.450292;0.446594
0.380827;0.432689
0.348942;0.383558
0.556342;0.362844
0.445689;0.48738
0.595299;0.433976
0.504267;0.503174
0.571842;0.460427
0.444509;0.509009
0.407625;0.43291
0.401408;0.406824
0.373043;0.389492
0.518909;0.367251
0.546134;0.445154
0.694497;0.482992
0.511587;0.590359
0.403477;0.470997
0.367439;0.415286
0.4289;0.37109
0.43374;0.408322
0.393771;0.408377
0.372483;0.380236
0.385973;0.388454
0.511086;0.373438
0.37462;0.460122
0.313457;0.380117
0.301774;0.348188
0.454235;0.335466
0.457973;0.41071
0.424215;0.404662
0.318074;0.409724
0.325591;0.351891
0.395041;0.342165
0.314867;0.383829
0.387213;0.345909
0.472726;0.36868
0.60464;0.440702
0.541238;0.521969
0.450926;0.494488
0.347983;0.424723
0.423453;0.365388
0.352238;0.396933
0.443277;0.36905
0.346679;0.407276
0.551287;0.365181
0.590271;0.479842
0.559941;0.519382
0.411387;0.51436
0.34638;0.405524
0.306954;0.365326
0.31242;0.336803
0.336005;0.334782
0.30143;0.346465
0.395465;0.339001
0.352433;0.383311
0.484899;0.361031
0.354993;0.43092
0.285693;0.383034
0.245597;0.337307
0.53084;0.303141
0.508269;0.454638
0.491882;0.459345
0.381071;0.475106
0.305735;0.398287
0.349786;0.346684
0.276803;0.348467
0.278988;0.328834
0.315926;0.324435
0.363852;0.339734
0.495033;0.351774
0.435107;0.433956
0.358693;0.420488
0.293965;0.362696
0.264748;0.329262
0.230824;0.314345
0.344679;0.30959
0.355439;0.345373
0.295975;0.358033
0.243257;0.340707
0.365545;0.310743
0.405109;0.364309
0.298149;0.382917
0.260344;0.334293
0.366657;0.321067
0.4224;0.362533
0.32115;0.400501
0.262118;0.353964
0.224569;0.318033
0.347436;0.296125
0.463485;0.35139
0.327734;0.411209
0.270845;0.356234
0.273762;0.330873
0.280031;0.31896
0.266058;0.320371
0.257108;0.317954
0.277534;0.316408
0.323346;0.319488
0.561156;0.340033
0.442902;0.459751
0.328724;0.431423
0.252575;0.349949
0.251129;0.31729
0.317425;0.311649
0.424837;0.336807
0.324199;0.397442
0.467736;0.344966
0.564764;0.426277
0.494788;0.501888
0.389128;0.465015
0.290979;0.386266
0.306278;0.332442
0.324401;0.329242
0.41753;0.348749
0.371655;0.392901
0.480544;0.373818
0.451626;0.443183
0.328055;0.419784
0.358679;0.367195
0.289402;0.360266
0.446409;0.340366
0.336845;0.394085
0.348892;0.362841
0.409192;0.367129
0.42724;0.389573
0.390468;0.403078
0.291314;0.384248
0.366457;0.341639
0.364589;0.359819
0.60416;0.359593
0.443968;0.535629
0.414062;0.4325
0.411266;0.399219
0.499326;0.400469
0.477885;0.431037
0.543471;0.451607
0.448364;0.471417
0.380725;0.435937
0.620231;0.386325
0.471505;0.527989
0.426331;0.452126
0.515057;0.415737
0.661229;0.449338
0.567742;0.603642
0.644054;0.5278
0.569832;0.565756
0.438693;0.503388
0.492704;0.429326
0.381592;0.44573
0.346124;0.389647
0.350502;0.355976
0.356428;0.358039
0.393347;0.366132
0.321913;0.369392
0.323185;0.353368
0.262513;0.346289
0.331277;0.315133
0.262987;0.343296
0.300653;0.31938
0.251219;0.337101
0.246391;0.317494
0.430324;0.308751
0.307074;0.386176
0.311471;0.340783
0.247731;0.337447
0.295214;0.317185
0.468855;0.334657
0.38071;0.418964
0.300201;0.376961
0.290563;0.341897
0.528923;0.326466
0.407469;0.466167
0.607371;0.411668
0.575614;0.507119
0.393329;0.531377
0.550176;0.412694
0.445383;0.479087
0.390586;0.442114
0.392253;0.372851
0.366189;0.36952
0.310113;0.378914
0.404361;0.348987
0.519217;0.390218
0.374137;0.456593
0.524173;0.391957
0.439047;0.444685
0.33578;0.412488
0.36089;0.36305
0.33842;0.362596
0.279289;0.355307
0.246975;0.330507
0.390593;0.309661
0.293363;0.374458
0.463029;0.336308
0.339325;0.421251
0.270317;0.357992
0.265666;0.319686
0.431175;0.31907
0.347489;0.398244
0.264604;0.364789
0.312081;0.320258
0.247148;0.339165
0.477958;0.311835
0.370502;0.425819
0.338104;0.380051
0.347451;0.358514
0.269793;0.362226
0.401141;0.329744
0.315706;0.378747
0.387183;0.349829
0.406856;0.374635
0.469084;0.383801
0.500388;0.421551
0.432373;0.447128
0.386561;0.404799
0.297416;0.386658
0.275939;0.335542
0.384765;0.323199
0.491581;0.366912
0.675308;0.43017
0.653001;0.530662
0.59603;0.615623
0.55589;0.548262
0.42853;0.471212
0.343957;0.437013
0.311355;0.364125
0.432362;0.33676
0.458248;0.406596
0.383457;0.416379
0.425585;0.384143
0.645027;0.405305
0.669166;0.569801
0.525207;0.590192
0.380531;0.480499
0.320571;0.388704
0.446973;0.339572
0.409342;0.408539
0.322224;0.395459
0.292716;0.358209
0.473092;0.328866
0.427276;0.420267
0.491007;0.397322
0.365257;0.438743
0.287732;0.376808
0.242933;0.33166
0.239011;0.309887
0.2518;0.302712
0.229771;0.308602
0.259303;0.30263
0.227109;0.314927
0.297454;0.30425
0.337348;0.323124
0.329386;0.349772
0.244566;0.350148
0.240783;0.309253
0.338959;0.301806
0.252671;0.345078
0.254755;0.3227
0.226903;0.314083
0.270092;0.301105
0.239577;0.315154
0.235042;0.310523
0.397974;0.303137
0.444903;0.368635
0.402348;0.413329
0.300429;0.398409
0.28918;0.343804
0.382211;0.329136
0.406518;0.379746
0.295731;0.403171
0.243802;0.340021
0.268071;0.315715
0.392745;0.320428
0.300584;0.373644
0.363928;0.345788
0.329185;0.367424
0.365584;0.346868
0.321107;0.363374
0.262982;0.347988
0.229613;0.322923
0.249242;0.308461
0.350364;0.31027
0.278987;0.354012
0.390938;0.32857
0.384153;0.37256
0.277537;0.38802
0.299442;0.332911
0.247499;0.330037
0.243595;0.312047
0.458661;0.311021
0.34072;0.40617
0.510072;0.350703
0.642908;0.444532
0.498529;0.570903
0.349635;0.475411
0.315315;0.375269
0.257094;0.347758
0.298161;0.319828
0.536925;0.323414
0.390523;0.438304
0.381066;0.392388
0.52821;0.378096
0.533584;0.459958
0.61586;0.485042
0.425365;0.548412
0.320603;0.41414
0.304215;0.354613
0.496858;0.344801
0.462324;0.426398
0.38131;0.435262
0.4005;0.378815
0.392375;0.381256
0.416117;0.375909
0.366052;0.402693
0.334094;0.378167
0.353617;0.349553
0.291837;0.363575
0.343713;0.333707
0.397987;0.353807
0.400939;0.3865
0.37706;0.384967
0.313394;0.383193
0.502195;0.344856
0.518726;0.437618
0.36889;0.468327
0.291535;0.382105
0.325205;0.330994
0.411097;0.343597
0.361144;0.396468
0.459191;0.365608
0.371557;0.413982
0.355645;0.383024
0.286821;0.374626
0.24567;0.335289
0.266573;0.311966
0.467772;0.321203
0.359109;0.418127
0.344213;0.372808
0.333263;0.357232
0.435685;0.345577
0.349255;0.412298
0.265362;0.373815
0.270359;0.3226
0.309636;0.321004
0.50977;0.337389
0.414802;0.465743
0.354773;0.411241
0.357352;0.368546
0.484292;0.356844
0.470731;0.43901
0.339342;0.436564
0.331377;0.365689
0.476094;0.349747
0.616448;0.411483
0.549624;0.522939
0.388682;0.512103
0.398543;0.408409
0.310699;0.383192
0.326987;0.339897
0.548036;0.347778
0.473529;0.487576
0.471305;0.444679
0.599679;0.44071
0.547836;0.51442
0.408788;0.506294
0.462446;0.407075
0.346947;0.403189
0.334297;0.369162
0.593171;0.358191
0.553065;0.518457
0.465149;0.502556
0.448299;0.43905
0.559871;0.418026
0.681918;0.47414
0.767651;0.585769
0.589069;0.657329
0.570267;0.541163
0.597611;0.504904
0.563142;0.505974
0.471279;0.52051
0.401999;0.437295
0.582769;0.394719
0.450886;0.502724
0.37621;0.425349
0.33905;0.388627
0.489609;0.355144
0.52297;0.421726
0.442025;0.457982
0.361685;0.416171
0.31354;0.37059
0.550096;0.345918
0.388877;0.439121
0.30306;0.393711
0.340114;0.330321
0.4665;0.34871
0.393144;0.419724
0.429009;0.381748
0.332283;0.40019
0.385354;0.349306
0.506004;0.387767
0.372435;0.438461
0.28674;0.399817
0.299495;0.326489
0.510465;0.335657
0.388085;0.449841
0.313473;0.398196
0.286157;0.351659
0.344112;0.327841
0.290847;0.352455
0.288477;0.332633
0.238167;0.332436
0.219317;0.305777
0.36734;0.293377
0.298335;0.359924
0.242416;0.338363
0.263165;0.313793
0.307487;0.315372
0.246995;0.324155
0.214116;0.31283
0.283662;0.30225
0.242004;0.324803
0.335934;0.304716
0.293005;0.348079
0.332929;0.336422
0.335997;0.346119
0.455692;0.359346
0.318986;0.410479
0.244631;0.353897
0.397226;0.309283
0.343689;0.368374
0.505911;0.355693
0.514205;0.454232
0.464938;0.463577
0.553663;0.440092
0.597087;0.476058
0.42907;0.517799
0.323383;0.409381
0.31168;0.350794
0.374076;0.341506
0.558456;0.357845
0.567166;0.490248
0.442489;0.502484
0.39171;0.427144
0.435905;0.376
0.457645;0.418945
0.362199;0.428262
0.325455;0.381194
0.48169;0.351613
0.602186;0.431183
0.710609;0.530018
0.507546;0.595136
0.419436;0.475221
0.385878;0.40121
0.534699;0.386407
0.502489;0.476364
0.46234;0.462742
0.593225;0.43982
0.736622;0.519367
0.524425;0.643558
0.430911;0.499238
0.358797;0.417242
0.318434;0.370421
0.395746;0.342298
0.361805;0.372144
0.405674;0.365136
0.583238;0.384035
0.765932;0.510333
0.516853;0.684613
0.41527;0.491626
0.343214;0.401066
0.323804;0.362101
0.347836;0.338064
0.312613;0.352213
0.32129;0.343852
0.433646;0.342743
0.659872;0.394692
0.461089;0.539762
0.422656;0.456308
0.570613;0.40089
0.434626;0.483067
0.494258;0.42204
0.424575;0.44877
0.326335;0.413681
0.292118;0.349823
0.299827;0.331085
0.353976;0.330114
0.440556;0.353727
0.482631;0.402413
0.362645;0.445597
0.512919;0.382437
0.44955;0.438357
0.327533;0.444995
0.285139;0.359069
0.287618;0.337484
0.309296;0.331939
0.382262;0.337112
0.38096;0.373957
0.322748;0.37701
0.42236;0.349067
0.525162;0.381073
0.393973;0.469723
0.480747;0.389725
0.501022;0.421711
0.359633;0.450117
0.313837;0.370811
0.284015;0.34414
0.313992;0.323281
0.485761;0.335533
0.376128;0.427732
0.387852;0.389126
0.445033;0.379451
0.337183;0.41035
0.274017;0.358203
0.259908;0.330469
0.223597;0.31724
0.329594;0.303956
0.405075;0.346747
0.315298;0.387434
0.320718;0.356159
0.296815;0.338945
0.269195;0.336593
0.383803;0.326518
0.479696;0.376502
0.325676;0.414489
0.366161;0.359206
0.386902;0.358679
0.40745;0.380306
0.399093;0.404064
0.362333;0.388938
0.528991;0.372543
0.52078;0.460066
0.552713;0.457242
0.688293;0.502806
0.689817;0.605793
0.720618;0.569864
0.645173;0.653188
0.595852;0.595867
0.548838;0.517112
0.505039;0.501341
0.611466;0.450064
0.485373;0.536329
0.590865;0.452412
0.574771;0.529818
0.624034;0.520942
0.612959;0.548577
0.517737;0.566322
0.433443;0.468346
0.350953;0.41846
0.306295;0.36738
0.274412;0.342176
0.324043;0.325278
0.372028;0.343061
0.320335;0.367317
0.396787;0.342184
0.335822;0.394982
0.285876;0.364453
0.239496;0.336851
0.211591;0.311439
0.205625;0.296229
0.231072;0.291895
0.252326;0.300697
0.243864;0.311511
0.457352;0.309898
0.374141;0.411316
0.291922;0.373102
0.488282;0.338203
0.37144;0.421825
0.328437;0.382589
0.270923;0.356529
0.231365;0.326297
0.262048;0.302598
0.385074;0.315709
0.559728;0.366688
0.435899;0.475062
0.382266;0.408311
0.379594;0.377522
0.572388;0.37828
0.426473;0.490867
0.342056;0.416631
0.349008;0.36123
0.34186;0.351392
0.58906;0.34957
0.56416;0.493731
0.43106;0.530568
0.42643;0.432514
0.513821;0.413959
0.510565;0.434459
0.655364;0.465283
0.465176;0.544569
0.482422;0.473627
0.365432;0.437048
0.452348;0.379345
0.43165;0.415083
0.420251;0.415525
0.368027;0.413374
0.307132;0.371335
0.507298;0.343489
0.373295;0.433582
0.529345;0.381568
0.37155;0.433675
0.367793;0.373093
0.326062;0.370506
0.304077;0.353473
0.292642;0.331735
0.246691;0.328818
0.383318;0.315968
0.454103;0.373679
0.481404;0.426132
0.443623;0.443406
0.355105;0.427265
0.297515;0.365883
0.279144;0.344862
0.354307;0.325079
0.283779;0.359614
0.312689;0.336202
0.341275;0.331378
0.463401;0.347288
0.416134;0.412601
0.385866;0.40268
0.367577;0.389941
0.298095;0.374762
0.449564;0.338473
0.321141;0.402977
0.360451;0.35176
0.362967;0.366307
0.517193;0.365266
0.528996;0.447397
0.553117;0.474306
0.582704;0.493148
0.413353;0.53239
0.529799;0.414033
0.389227;0.45079
0.369941;0.402088
0.324189;0.361375
0.355822;0.354337
0.478617;0.360372
0.468756;0.430883
0.467402;0.434787
0.370316;0.440857
0.338842;0.370353
0.351308;0.351788
0.304203;0.359725
0.263115;0.333074
0.330251;0.313455
0.271405;0.343883
0.271588;0.324312
0.24521;0.325586
0.352274;0.31383
0.311501;0.344623
0.336403;0.345522
0.261566;0.35048
0.275707;0.326289
0.523834;0.31972
0.351307;0.431855
0.351724;0.369609
0.27144;0.364295
0.25605;0.328898
0.377235;0.31046
0.441022;0.363744
0.328188;0.421216
0.282684;0.348948
0.347137;0.327889
0.265441;0.345254
0.367055;0.328294
0.31334;0.36731
0.253165;0.343775
0.274693;0.318121
0.343261;0.32371
0.273132;0.356272
0.293275;0.32247
0.264399;0.333713
0.218915;0.32245
0.268757;0.297299
0.313497;0.319688
0.242457;0.334329
0.253964;0.305896
0.28262;0.307054
0.231533;0.322833
0.527321;0.302762
0.398938;0.456569
0.30702;0.415411
0.270247;0.336925
0.268545;0.322071
0.226119;0.320192
0.278113;0.299035
0.35939;0.320235
0.291424;0.354685
0.324099;0.33288
0.408364;0.336691
0.336351;0.379475
0.307689;0.362282
0.239805;0.338873
0.239214;0.305758
0.254036;0.305138
0.294245;0.310447
0.288885;0.328194
0.234319;0.331287
0.392847;0.313223
0.333668;0.371653
0.497981;0.356476
0.326789;0.446295
0.391555;0.35087
0.35326;0.373291
0.296604;0.364566
0.454452;0.331953
0.324756;0.413682
0.509958;0.345122
0.590575;0.459401
0.683057;0.523989
0.498589;0.589895
0.391638;0.466144
0.4173;0.394196
0.401386;0.397495
0.542055;0.405576
0.498005;0.487029
0.378775;0.447799
0.560378;0.384336
0.681856;0.473722
0.518126;0.59912
0.428024;0.491993
0.470458;0.412261
0.68536;0.429108
0.685536;0.587702
0.54029;0.624237
0.416991;0.518299
0.595482;0.406662
0.763498;0.516479
0.650129;0.642417
0.487108;0.588564
0.628149;0.468667
0.717923;0.514308
0.634576;0.623305
0.491452;0.586199
0.643306;0.477047
0.542674;0.537938
0.592882;0.485716
0.582753;0.510019
0.453923;0.496659
0.397066;0.448112
0.548361;0.396246
0.4383;0.47997
0.367965;0.427305
0.363232;0.381162
0.303569;0.368088
0.341968;0.338094
0.43928;0.357623
0.656846;0.393341
0.463066;0.543909
0.592248;0.446992
0.411513;0.530112
0.484393;0.402731
0.356268;0.429798
0.303357;0.370782
0.336391;0.345644
0.30898;0.352806
0.535995;0.345801
0.509943;0.459937
0.427032;0.458494
0.319378;0.415491
0.405411;0.35596
0.306943;0.384842
0.445496;0.344981
0.382812;0.396068
0.297234;0.376851
0.545696;0.339736
0.478033;0.455253
0.37979;0.430302
0.302521;0.385613
0.399825;0.341714
0.362143;0.381011
0.474904;0.366142
0.388364;0.420825
0.295671;0.387597
0.342452;0.337986
0.488836;0.349025
0.439105;0.444426
0.326612;0.425969
0.457242;0.351858
0.457213;0.42502
0.408144;0.427721
0.322838;0.394508
0.27119;0.35211
0.256504;0.327469
0.468481;0.309706
0.388786;0.412417
0.300024;0.388685
0.424767;0.341223
0.429874;0.385089
0.413924;0.391303
0.301689;0.398337
0.493421;0.342646
0.38448;0.445812
0.514584;0.391026
0.402768;0.455122
0.355006;0.403027
0.420779;0.359528
0.553158;0.389674
0.390193;0.472358
0.302455;0.403471
0.555775;0.353588
0.419623;0.47793
0.4611;0.412095
0.461693;0.430699
0.573967;0.432442
0.515788;0.483848
0.421215;0.481276
0.326222;0.411605
0.332591;0.353558
0.27359;0.360656
0.303949;0.323761
0.293608;0.344985
0.294113;0.331895
0.517099;0.338882
0.4981;0.437433
0.361214;0.443119
0.290409;0.389187
0.255349;0.334473
0.221466;0.319159
0.447517;0.297044
0.34144;0.412224
0.296731;0.361167
0.462898;0.341076
0.397034;0.436887
0.299001;0.392547
0.259698;0.341796
0.232385;0.321933
0.302624;0.303667
0.348193;0.328408
0.2773;0.354169
0.40818;0.330908
0.376801;0.386249
0.366098;0.382423
0.275169;0.376356
0.323296;0.328546
0.261085;0.340306
0.274253;0.323756
0.259931;0.321292
0.230944;0.311173
0.294593;0.309111
0.286639;0.33108
0.488915;0.328743
0.384305;0.431001
0.321687;0.379687
0.267209;0.350634
0.325819;0.324752
0.300631;0.343673
0.288584;0.341851
0.331609;0.324198
0.378661;0.350566
0.329822;0.374922
0.464191;0.354181
0.335491;0.410953
0.389465;0.359438
0.292495;0.3876
0.40268;0.337309
0.467295;0.391221
0.597181;0.435489
0.453043;0.508995
0.385221;0.439893
0.405419;0.389791
0.326407;0.38411
0.459914;0.353044
0.348884;0.415348
0.434443;0.370525
0.34495;0.408906
0.546331;0.360889
0.449641;0.45588
0.354071;0.428072
0.29061;0.376597
0.264282;0.338052
0.3638;0.315339
0.456032;0.368578
0.479667;0.428651
0.34886;0.436044
0.391102;0.360507
0.617251;0.386526
0.424545;0.527517
0.327965;0.414363
0.327782;0.362548
0.369678;0.344757
0.456471;0.362315
0.405642;0.421574
0.320714;0.404538
0.387447;0.353893
0.397497;0.38828
0.419552;0.382888
0.489797;0.39626
0.455707;0.433694
0.434139;0.419333
0.497484;0.425945
0.3669;0.458009
0.31249;0.379458
0.445828;0.344922
0.423154;0.397398
0.407031;0.417883
0.450279;0.405606
0.4053;0.419838
0.324899;0.409249
0.390938;0.356443
0.308281;0.379438
0.256746;0.349147
0.286367;0.319146
0.301539;0.322195
0.323568;0.339748
0.393588;0.344967
0.328941;0.383428
0.261405;0.362891
0.373162;0.319204
0.30959;0.364106
0.242519;0.340273
0.287882;0.30918
0.28259;0.322731
0.33545;0.328137
0.389689;0.3433
0.332984;0.377464
0.295607;0.350737
0.432377;0.33046
0.406281;0.396866
0.325314;0.391745
0.370147;0.349692
0.324032;0.364883
0.449289;0.351756
0.322226;0.396303
0.343967;0.358002
0.427349;0.356755
0.584121;0.400244
0.659864;0.478932
0.569162;0.572049
0.463596;0.519022
0.397743;0.442385
0.463444;0.389877
0.349531;0.427832
0.347678;0.366702
0.295733;0.365537
0.504582;0.334579
0.662552;0.422773
0.472223;0.568222
0.411241;0.459556
0.43036;0.413253
0.420216;0.405335
0.318493;0.396769
0.319511;0.353148
0.265492;0.343691
0.472832;0.316944
0.684615;0.420423
0.467146;0.571947
0.343213;0.461284
0.393997;0.359627
0.315799;0.389833
0.260754;0.349982
0.389519;0.316054
0.343878;0.372325
0.279117;0.353005
0.266743;0.324335
0.304513;0.321023
0.24728;0.333006
0.214785;0.31356
0.221199;0.298696
0.383919;0.299334
0.296633;0.377522
0.259596;0.337779
0.214743;0.313539
0.201525;0.299457
0.434978;0.293235
0.396439;0.394908
0.276715;0.398134
0.354643;0.329469
0.365804;0.355182
0.269588;0.357626
0.233418;0.322311
0.211357;0.308266
0.214784;0.297492
0.364222;0.296579
0.321933;0.354445
0.343969;0.351564
0.288914;0.349305
0.300478;0.321382
0.248464;0.330595
0.255092;0.312033
0.273169;0.310497
0.254917;0.316297
0.263149;0.314151
0.235539;0.310475
0.356901;0.306746
0.301256;0.348116
0.234213;0.34603
0.44779;0.305714
0.351181;0.398336
0.299281;0.369301
0.268461;0.33298
0.315423;0.319385
0.25892;0.334633
0.279058;0.313622
0.263948;0.319702
0.221434;0.319961
0.2387;0.305509
0.276963;0.301977
0.231987;0.323669
0.216653;0.304077
0.2821;0.296916
0.273934;0.320782
0.278914;0.331466
0.222249;0.32274
0.416055;0.303928
0.287459;0.376962
0.341422;0.334664
0.253999;0.353968
0.271476;0.326572
0.269306;0.316003
0.362628;0.326133
0.430807;0.364462
0.305664;0.397883
0.300502;0.344352
0.262758;0.334082
0.316324;0.320119
0.250273;0.342005
0.239007;0.312182
0.316089;0.310652
0.358215;0.345211
0.314474;0.376832
0.3341;0.342916
0.316759;0.352287
0.293226;0.354685
0.369673;0.330071
0.288868;0.359276
0.235229;0.337546
0.370107;0.309502
0.424163;0.35807
0.307564;0.40839
0.311865;0.347235
0.514268;0.343703
0.383984;0.441251
0.441112;0.393789
0.314286;0.41568
0.27062;0.353182
0.282275;0.318311
0.579841;0.322591
0.40301;0.500853
0.435062;0.408007
0.479961;0.418488
0.350894;0.445159
0.318189;0.35877
0.259997;0.343917
0.282077;0.319706
0.298808;0.327636
0.40801;0.333387
0.41745;0.389861
0.447146;0.398025
0.47258;0.421937
0.333476;0.442597
0.299532;0.36439
0.320238;0.337706
0.25566;0.344307
0.526313;0.317235
0.437067;0.440543
0.659785;0.42567
0.435913;0.558609
0.379426;0.429409
0.312034;0.387351
0.374328;0.344762
0.390539;0.36563
0.306596;0.380202
0.437725;0.344315
0.42488;0.408202
0.458926;0.425437
0.334359;0.424392
0.284848;0.353108
0.360456;0.326201
0.53874;0.362464
0.447985;0.497693
0.397434;0.431986
0.434998;0.397088
0.424199;0.408115
0.321274;0.400917
0.42941;0.358801
0.333106;0.397812
0.408461;0.363345
0.540719;0.389499
0.43706;0.476632
0.337091;0.416543
0.318054;0.363286
0.373088;0.336288
0.290282;0.369588
0.410968;0.335702
0.303735;0.386934
0.291192;0.348534
0.459976;0.329113
0.49829;0.418239
0.396157;0.454872
0.328076;0.393426
0.358522;0.363919
0.28127;0.364457
0.2803;0.337221
0.234729;0.324322
0.298315;0.30706
0.530309;0.332387
0.418704;0.468426
0.540036;0.405973
0.533692;0.473574
0.472086;0.489756
0.347457;0.42301
0.280903;0.368946
0.24217;0.323368
0.442431;0.311384
0.527139;0.401201
0.4415;0.472467
0.43849;0.414534
0.602443;0.412669
0.525423;0.541823
0.55385;0.469136
0.388147;0.47957
0.369826;0.39545
0.520539;0.37767
0.515099;0.457618
0.503251;0.453809
0.431875;0.464707
0.455175;0.405175
0.415369;0.415179
0.497358;0.389584
0.365342;0.427862
0.42191;0.39005
0.640772;0.393781
0.544864;0.552677
0.554266;0.47844
0.404371;0.493734
0.320094;0.410206
0.403189;0.351936
0.379411;0.38537
0.39834;0.383201
0.389326;0.38679
0.443514;0.380424
0.355404;0.410211
0.501345;0.37341
0.356787;0.448287
0.282263;0.37094
0.491094;0.328306
0.455426;0.426661
0.384094;0.417856
0.324903;0.392966
0.337878;0.350292
0.275038;0.352902
0.357813;0.325822
0.297073;0.368623
0.358022;0.333569
0.503698;0.362101
0.525432;0.4352
0.494628;0.467051
0.395725;0.456694
0.46532;0.395056
0.344187;0.424016
0.368177;0.360439
0.357733;0.377046
0.282778;0.376469
0.388094;0.335119
0.359343;0.38491
0.313374;0.362271
0.374904;0.333398
0.56719;0.370614
0.436077;0.463699
0.459292;0.434096
0.344182;0.423775
0.272853;0.365642
0.377001;0.32896
0.373907;0.364004
0.30101;0.377473
0.283472;0.336942
0.370771;0.325435
0.44269;0.375685
0.436133;0.418375
0.312829;0.408108
0.287472;0.353114
0.30111;0.326997
0.244696;0.328356
0.242304;0.309492
0.231984;0.311395
0.344245;0.30143
0.357318;0.354848
0.307094;0.366324
0.271721;0.341866
0.240761;0.324914
0.234727;0.309038
0.2031;0.303337
0.2017;0.293244
0.191499;0.291265
0.404092;0.287114
0.372777;0.374544
0.282558;0.389735
0.510922;0.328854
0.386375;0.436104
0.297821;0.400524
0.235478;0.338099
0.248294;0.308372
0.217218;0.311766
0.447051;0.296399
0.420625;0.399103
0.320076;0.40665
0.469053;0.350892
0.369678;0.430056
0.281581;0.378166
0.234744;0.330306
0.333693;0.308649
0.331254;0.35215
0.426562;0.352353
0.363163;0.389603
0.332067;0.365927
0.44438;0.353872
0.392724;0.422991
0.297309;0.397806
0.347706;0.339632
0.405719;0.347709
0.453713;0.378948
0.409098;0.418961
0.386114;0.395
0.333612;0.374016
0.548053;0.356204
0.620552;0.47197
0.455941;0.528391
0.349531;0.446472
0.284907;0.368825
0.341386;0.326883
0.287041;0.353705
0.390715;0.338014
0.352341;0.382646
0.496387;0.353134
0.423068;0.435227
0.350015;0.416984
0.294816;0.368529
0.242479;0.340044
0.275749;0.311345
0.243798;0.322833
0.358419;0.316194
0.275743;0.369852
0.452156;0.327749
0.346563;0.403584
0.292104;0.362903
0.390009;0.332482
0.346392;0.377441
0.387551;0.366386
0.403687;0.379613
0.445283;0.395722
0.327151;0.418367
0.530217;0.353735
0.418424;0.461572
0.321003;0.394596
0.504496;0.355321
0.531409;0.445281
0.414716;0.459371
0.470193;0.38869
0.416243;0.426945
0.415659;0.405746
0.319686;0.411365
0.374175;0.354175
0.312315;0.366664
0.541644;0.350845
0.562326;0.479057
0.421698;0.503851
0.370378;0.421182
0.321979;0.3791
0.265186;0.348785
0.232158;0.318227
0.496982;0.309298
0.488359;0.454174
0.64925;0.43909
0.787554;0.553357
0.578748;0.643148
0.476318;0.543701
0.396118;0.446964
0.313777;0.397131
0.277655;0.341064
0.397721;0.324611
0.386389;0.388968
0.597554;0.394526
0.490801;0.492886
0.370967;0.461482
0.576045;0.381747
0.530277;0.489391
0.432998;0.469225
0.370276;0.411746
0.298371;0.371938
0.281409;0.333797
0.563361;0.327403
0.424201;0.485295
0.326426;0.423833
0.278155;0.349448
0.508693;0.329413
0.357421;0.432817
0.505024;0.386561
0.351191;0.449395
0.362395;0.364621
0.500306;0.358653
0.414718;0.429867
0.344695;0.409738
0.282726;0.357948
0.492719;0.330153
0.35106;0.442899
0.534935;0.382
0.383234;0.482109
0.561626;0.390043
0.3898;0.477847
0.353461;0.400912
0.305607;0.370292
0.50099;0.341008
0.623017;0.446372
0.624357;0.527274
0.63019;0.540959
0.60879;0.547544
0.463432;0.572858
0.359278;0.445957
0.425795;0.375876
0.394908;0.390522
0.316021;0.394558
0.593279;0.354484
0.565254;0.498325
0.532399;0.500936
0.626947;0.48048
0.472383;0.542339
0.570611;0.460873
0.614619;0.499082
0.582618;0.52624
0.428319;0.524761
0.536849;0.429307
0.470515;0.479341
0.42228;0.451758
0.439894;0.428785
0.617289;0.408587
0.571091;0.506406
0.431858;0.513452
0.428311;0.431648
0.403857;0.406629
0.487915;0.406657
0.502257;0.449361
0.468335;0.461938
0.363223;0.445154
0.414749;0.365948
0.45775;0.394332
0.351788;0.414392
0.447207;0.370635
0.390067;0.411154
0.303572;0.389088
0.303488;0.345503
0.277401;0.336646
0.242915;0.32576
0.218757;0.313245
0.383965;0.300436
0.488388;0.380628
0.530486;0.440246
0.43924;0.460173
0.313015;0.43601
0.274955;0.344888
0.260097;0.322189
0.294798;0.315038
0.239421;0.323225
0.351131;0.309082
0.537195;0.345924
0.413658;0.46592
0.496156;0.407288
0.351832;0.447113
0.329021;0.365887
0.378278;0.34874
0.401884;0.37405
0.301075;0.392055
0.40889;0.334745
0.489425;0.388132
0.375849;0.438372
0.44982;0.386423
0.335903;0.422626
0.303119;0.354094
0.285506;0.340951
0.250967;0.327074
0.374583;0.312186
0.381545;0.371768
0.505923;0.376554
0.400199;0.451792
0.394244;0.395011
0.51314;0.374341
0.454726;0.444424
0.32628;0.426288
0.2717;0.360341
0.264809;0.331785
0.287255;0.316849
0.519594;0.324489
0.466017;0.451986
0.365389;0.43041
0.55495;0.372186
0.480389;0.476462
0.340258;0.447536
0.274383;0.364156
0.243793;0.335378
0.268425;0.308286
0.264732;0.314931
0.441131;0.316507
0.324205;0.396138
0.323254;0.361255
0.34636;0.338811
0.262687;0.355331
0.234614;0.326701
0.249552;0.300159
0.344975;0.311304
0.295679;0.355293
0.536134;0.329383
0.381226;0.451357
0.28907;0.396348
0.310889;0.333757
0.277216;0.343359
0.337599;0.327987
0.258785;0.35143
0.235625;0.323195
0.447036;0.30739
0.409097;0.400997
0.496399;0.39042
0.341668;0.443221
0.282049;0.375045
0.518784;0.334277
0.442555;0.439911
0.321614;0.431164
0.26078;0.35588
0.233709;0.316948
0.307897;0.307424
0.25482;0.341139
0.253575;0.312316
0.233744;0.311661
0.408016;0.301779
0.507457;0.373928
0.664449;0.440646
0.504522;0.566558
0.343096;0.463321
0.503442;0.360304
0.351483;0.4603
0.48316;0.372585
0.411931;0.433939
0.505159;0.419106
0.552381;0.446423
0.722281;0.47697
0.722528;0.617846
0.507071;0.632936
0.427008;0.502223
0.347395;0.405373
0.48807;0.373949
0.500232;0.430828
0.646257;0.463197
0.508609;0.556272
0.566354;0.466384
0.56977;0.485012
0.576799;0.499108
0.45436;0.489048
0.554218;0.43577
0.602511;0.490878
0.524764;0.525029
0.679578;0.475872
0.535008;0.616345
0.435065;0.48337
0.469335;0.417049
0.460625;0.431059
0.431304;0.423405
0.528798;0.417841
0.548871;0.462932
0.492998;0.487231
0.447415;0.452338
0.559284;0.421174
0.41247;0.488054
0.461286;0.417364
0.44202;0.427475
0.435705;0.416995
0.400088;0.421515
0.314774;0.39046
0.285485;0.342988
0.267136;0.327478
0.55228;0.316412
0.417357;0.461671
0.50317;0.413942
0.505531;0.445124
0.357177;0.468006
0.279874;0.374716
0.2383;0.327598
0.247643;0.310111
0.308424;0.311857
0.37182;0.337602
0.50132;0.362464
0.584952;0.447815
0.582817;0.504826
0.39088;0.521469
0.293653;0.404277
0.245657;0.329884
0.400446;0.31191
0.403469;0.39184
0.355493;0.391616
0.582058;0.362987
0.691098;0.496405
0.629204;0.581636
0.452182;0.559117
0.465705;0.446399
0.479937;0.438189
0.539887;0.432628
0.416676;0.457054
0.358852;0.40872
0.382114;0.361906
0.579939;0.371889
0.528194;0.493687
0.432317;0.476607
0.41335;0.414102
0.398372;0.402767
0.359006;0.381642
0.319633;0.361688
0.296374;0.348336
0.313479;0.335295
0.488083;0.336643
0.500921;0.439862
0.389361;0.453313
0.337558;0.389971
0.330991;0.361045
0.319855;0.345205
0.343194;0.347761
0.290586;0.353803
0.406572;0.328603
0.447328;0.390332
0.491924;0.417945
0.498971;0.444354
0.387201;0.46806
0.37571;0.391271
0.447656;0.374797
0.410469;0.415128
0.310011;0.39371
0.348478;0.346178
0.299317;0.347706
0.409794;0.330111
0.455385;0.388783
0.3916;0.429094
0.532313;0.391336
0.383241;0.451397
0.307154;0.40188
0.25537;0.347394
0.352313;0.31911
0.287634;0.362294
0.342598;0.335506
0.299305;0.345356
0.35713;0.337432
0.619639;0.366738
0.416379;0.522555
0.315108;0.444278
0.25054;0.349265
0.283078;0.31042
0.330607;0.326412
0.293077;0.344528
0.249673;0.329167
0.371498;0.312829
0.45499;0.381919
0.358885;0.420484
0.336937;0.366406
0.255878;0.354583
0.260644;0.315858
0.24855;0.318084
0.30865;0.314406
0.267764;0.339416
0.318956;0.318561
0.255439;0.344046
0.254335;0.314476
0.315244;0.309882
0.288603;0.339197
0.261055;0.326411
0.251751;0.316819
0.272619;0.313715
0.276131;0.323787
0.22776;0.32402
0.205384;0.30482
0.219654;0.294133
0.27618;0.298194
0.234576;0.3198
0.224631;0.307981
0.317192;0.2977
0.258134;0.338624
0.334769;0.320624
0.265048;0.347531
0.26562;0.320047
0.246066;0.318724
0.291867;0.306954
0.285444;0.327011
0.338494;0.327042
0.354706;0.346857
0.342006;0.356991
0.313756;0.350876
0.449822;0.339022
0.408235;0.402609
0.298783;0.404378
0.303103;0.343115
0.399493;0.328129
0.437881;0.381854
0.366624;0.415418
0.513433;0.37789
0.397037;0.451343
0.501307;0.399284
0.462502;0.461139
0.342447;0.431435
0.303414;0.365833
0.37553;0.336848
0.342959;0.378437
0.301529;0.365085
0.250427;0.33952
0.358347;0.31375
0.295952;0.365472
0.392669;0.329735
0.384395;0.375754
0.337841;0.378
0.265655;0.354821
0.23651;0.32126
0.312657;0.305158
0.243126;0.337546
0.36333;0.317784
0.274162;0.35951
0.24145;0.325152
0.287093;0.302245
0.315144;0.323241
0.252222;0.340351
0.219393;0.317192
0.349277;0.299443
0.304196;0.340422
0.254153;0.333624
0.223968;0.316776
0.209307;0.302872
0.257825;0.290931
0.322415;0.310573
0.408305;0.339925
0.313048;0.392083
0.24897;0.34137
0.366905;0.316762
0.287617;0.361704
0.261387;0.335826
0.340787;0.31775
0.311839;0.342514
0.333847;0.346602
0.391018;0.357429
0.378169;0.374462
0.281676;0.372554
0.238176;0.335835
0.407652;0.302571
0.302834;0.387288
0.286948;0.346485
0.27229;0.326412
0.290823;0.324733
0.305403;0.319798
0.419922;0.34224
0.294968;0.392678
0.242033;0.343844
0.369208;0.313082
0.270676;0.369746
0.253465;0.326418
0.305568;0.310431
0.382949;0.338353
0.339987;0.383337
0.487748;0.366697
0.333823;0.43307
0.299284;0.362174
0.473745;0.331466
0.339324;0.401338
0.296015;0.359365
0.4518;0.329596
0.554772;0.406353
0.537122;0.490193
0.561553;0.492484
0.732176;0.50099
0.516027;0.636118
0.507181;0.499865
0.522256;0.447049
0.476254;0.474694
0.389281;0.458481
0.412626;0.389548
0.600726;0.387295
0.595908;0.506126
0.449013;0.535622
0.412713;0.421612
0.333914;0.395125
0.297618;0.352943
0.277991;0.330486
0.245548;0.323316
0.271158;0.311771
0.426891;0.320564
0.397403;0.384557
0.293868;0.387892
0.312617;0.334804
0.259565;0.33974
0.236522;0.322168
0.221315;0.305924
0.22315;0.302107
0.226;0.297931
0.420689;0.303274
0.325418;0.383451
0.264841;0.35291
0.227566;0.316216
0.331806;0.305852
0.281827;0.346644
0.44194;0.328269
0.333765;0.39886
0.28973;0.367738
0.256963;0.332354
0.264008;0.321103
0.393104;0.317832
0.296118;0.377397
0.313921;0.334439
0.264428;0.343807
0.255334;0.319564
0.229825;0.317838
0.308754;0.299501
0.237675;0.336296
0.260984;0.314648
0.454241;0.314653
0.599815;0.402421
0.416898;0.51734
0.341879;0.412413
0.263381;0.360984
0.235299;0.320447
0.377455;0.307983
0.284398;0.363801
0.303423;0.326901
0.429476;0.33996
0.545189;0.393184
0.464848;0.490058
0.404794;0.459848
0.30573;0.387956
0.300917;0.346492
0.412557;0.329457
0.326296;0.398602
0.428438;0.355051
0.318188;0.391612
0.470178;0.355865
0.45951;0.428034
0.42019;0.423013
0.364863;0.41634
0.328573;0.377723
0.313535;0.34838
0.257292;0.345947
0.457839;0.321352
0.334168;0.426198
0.306194;0.355795
0.328027;0.339655
0.285852;0.353857
0.293609;0.332741
0.246638;0.331046
0.269202;0.309346
0.22303;0.320004
0.365377;0.296933
0.26998;0.352123
0.24212;0.331993
0.31182;0.309739
0.274826;0.329661
0.303508;0.327386
0.238852;0.332963
0.264015;0.312052
0.223878;0.32102
0.284445;0.296685
0.228028;0.324694
0.295278;0.304805
0.387976;0.328044
0.324879;0.389217
0.492371;0.344494
0.340578;0.449772
0.275893;0.37244
0.512604;0.323595
0.494404;0.447379
0.378053;0.45006
0.414691;0.375943
0.493288;0.393915
0.40222;0.462993
0.479757;0.400625
0.497901;0.447318
0.363171;0.47159
0.361474;0.379714
0.490899;0.369063
0.389539;0.437266
0.465469;0.38958
0.359808;0.42275
0.290172;0.364334
0.388679;0.330636
0.353686;0.367955
0.30213;0.369754
0.267187;0.332201
0.402558;0.318221
0.37429;0.385466
0.422231;0.380737
0.321185;0.397056
0.255414;0.353109
0.44279;0.320437
0.317228;0.400484
0.546651;0.353637
0.423167;0.459082
0.37857;0.410706
0.342804;0.381937
0.283548;0.356802
0.394583;0.336205
0.326332;0.381763
0.309069;0.356046
0.253829;0.340564
0.251399;0.316026
0.454266;0.305859
0.374297;0.406973
0.35169;0.385112
0.29275;0.367747
0.273438;0.333596
0.295297;0.320898
0.285103;0.327778
0.247306;0.325914
0.230356;0.312521
0.380418;0.30878
0.352582;0.366362
0.338146;0.358749
0.548614;0.354853
0.39659;0.465121
0.287607;0.399189
0.489132;0.335108
0.379775;0.431298
0.365667;0.387084
0.435398;0.36549
0.407725;0.406858
0.456347;0.399904
0.520006;0.424911
0.656707;0.45366
0.443;0.544894
0.594358;0.448915
0.426662;0.494162
0.402897;0.433261
0.596511;0.397966
0.55159;0.491829
0.69374;0.485005
0.542826;0.587045
0.731013;0.495786
0.703416;0.656314
0.540952;0.625236
0.432383;0.516297
0.405184;0.424219
0.603066;0.3958
0.492074;0.497845
0.397698;0.45566
0.409164;0.399107
0.640609;0.397494
0.72829;0.523597
0.522162;0.625124
0.607718;0.482079
0.491818;0.540054
0.526768;0.469661
0.416595;0.491067
0.340064;0.40651
0.592405;0.364604
0.746094;0.476774
0.642603;0.630248
0.501615;0.589753
0.66491;0.488602
0.666095;0.55921
0.574746;0.570881
0.461267;0.52466
0.399068;0.439666
0.448666;0.394619
0.682265;0.408301
0.603143;0.553481
0.467984;0.536403
0.531512;0.452432
0.652597;0.474556
0.476541;0.573027
0.480034;0.47847
0.396567;0.437622
0.388197;0.399062
0.572053;0.385125
0.581412;0.469226
0.427113;0.501358
0.358295;0.421881
0.443306;0.371032
0.338968;0.419311
0.443485;0.368723
0.4149;0.407407
0.329336;0.398284
0.469932;0.360289
0.473736;0.410492
0.347995;0.436031
0.287208;0.377109
0.311126;0.333541
0.25825;0.335612
0.25897;0.321673
0.298215;0.315452
0.248175;0.335045
0.320551;0.311403
0.307591;0.329368
0.266068;0.33962
0.219945;0.318385
0.254434;0.296981
0.231692;0.309861
0.203923;0.304346
0.203193;0.292312
0.257736;0.290826
0.246359;0.310587
0.27939;0.305474
0.340777;0.323214
0.248017;0.35355
0.354094;0.319856
0.262304;0.359592
0.21452;0.320298
0.210666;0.303396
0.27549;0.298312
0.283941;0.321052
0.288277;0.322192
0.545646;0.327045
0.349;0.457246
0.43438;0.366829
0.35815;0.41788
0.273934;0.373799
0.330716;0.324477
0.356348;0.346769
0.373527;0.357429
0.348575;0.371122
0.287533;0.351772
0.243631;0.326834
0.297833;0.31319
0.261948;0.330169
0.291145;0.320515
0.260039;0.325366
0.449057;0.314905
0.327868;0.41626
0.412652;0.357612
0.291004;0.388486
0.312938;0.340773
0.371866;0.33915
0.275941;0.371359
0.293997;0.330943
0.243314;0.331247
0.26132;0.314356
0.259826;0.309735
0.307953;0.317655
0.26157;0.330692
0.260237;0.32351
0.252444;0.318845
0.217294;0.31407
0.19406;0.304374
0.230578;0.289095
0.202128;0.301151
0.236551;0.295297
0.287682;0.30402
0.489742;0.327784
0.416962;0.426337
0.296269;0.412309
0.239773;0.334
0.205727;0.307938
0.237887;0.297092
0.223783;0.30491
0.250666;0.301032
0.360497;0.308185
0.54177;0.347998
0.461925;0.45742
0.352438;0.432488
0.266235;0.369987
0.225708;0.326174
0.2289;0.303646
0.482621;0.298002
0.391323;0.428029
0.536707;0.391759
0.67286;0.457308
0.52938;0.572586
0.380765;0.498412
0.303731;0.386059
0.267801;0.338021
0.246835;0.315353
0.511553;0.306608
0.405963;0.442373
0.390825;0.391551
0.516177;0.371203
0.377862;0.46481
0.311013;0.386009
0.313295;0.349964
0.336897;0.340571
0.276825;0.350468
0.241097;0.325737
0.280107;0.310139
0.296218;0.322223
0.463045;0.322158
0.350358;0.418225
0.327384;0.373606
0.332617;0.348838
0.354147;0.353321
0.446557;0.36091
0.317209;0.42227
0.312942;0.357324
0.299536;0.336986
0.306823;0.33168
0.556012;0.338403
0.464655;0.471465
0.365328;0.44019
0.339797;0.377396
0.370734;0.353128
0.370495;0.370053
0.421426;0.371108
0.387597;0.401965
0.316936;0.384012
0.345313;0.353709
0.471646;0.352084
0.379631;0.442663
0.387543;0.381007
0.388739;0.387913
0.331733;0.380186
0.430948;0.350625
0.65246;0.394909
0.471281;0.536641
0.363831;0.472288
0.389207;0.379306
0.393518;0.378092
0.611824;0.375609
0.441209;0.520711
0.443892;0.432242
0.363135;0.418015
0.47476;0.373732
0.404418;0.416137
0.344442;0.395202
0.328146;0.36953
0.352717;0.350218
0.347782;0.362512
0.300308;0.354574
0.281266;0.331684
0.278588;0.330143
0.31822;0.321461
0.4005;0.348238
0.428464;0.381558
0.386519;0.409942
0.296034;0.388336
0.302869;0.339717
0.436531;0.34003
0.341059;0.401731
0.509764;0.348897
0.390867;0.433672
0.55153;0.390475
0.464686;0.463913
0.621094;0.443086
0.426429;0.54164
0.370198;0.419532
0.4925;0.368643
0.496347;0.434123
0.422203;0.443334
0.411665;0.409854
0.546162;0.410555
0.464372;0.489567
0.632321;0.440316
0.481992;0.529105
0.38215;0.445359
0.628738;0.395092
0.467111;0.523918
0.408925;0.437196
0.594386;0.408314
0.620266;0.512856
0.543379;0.560009
0.441721;0.487255
0.429072;0.441245
0.424697;0.406053
0.429943;0.407249
0.367619;0.419053
0.565833;0.375709
0.443869;0.480932
0.603891;0.429316
0.482217;0.529686
0.398141;0.447466
0.350106;0.388369
0.294163;0.361125
0.326571;0.336643
0.530982;0.343624
0.625265;0.472629
0.472167;0.554333
0.373302;0.461805
0.39763;0.389632
0.337194;0.387846
0.32359;0.359624
0.280359;0.346182
0.424174;0.329776
0.371645;0.390672
0.543121;0.373652
0.478648;0.474098
0.361237;0.433248
0.468466;0.376183
0.370632;0.417495
0.417337;0.386712
0.543703;0.399275
0.413728;0.466875
0.338834;0.405805
0.444147;0.36544
0.337084;0.392797
0.526493;0.364332
0.389456;0.456338
0.31275;0.393224
0.379573;0.34507
0.397049;0.377223
0.30202;0.386612
0.299076;0.343517
0.276775;0.33525
0.246183;0.323201
0.509041;0.309453
0.355266;0.453543
0.281218;0.375865
0.476951;0.336152
0.335595;0.424175
0.270276;0.363545
0.291717;0.321103
0.249782;0.328719
0.278265;0.312299
0.303441;0.320656
0.26782;0.342658
0.445113;0.32251
0.539654;0.407831
0.357603;0.486619
0.43347;0.381716
0.333855;0.395202
0.278582;0.360646
0.268688;0.323936
0.286724;0.317545
0.297728;0.336897
0.416471;0.334428
0.386548;0.390409
0.302374;0.390615
0.272882;0.340242
0.263024;0.318983
0.244981;0.316652
0.285776;0.310471
0.325358;0.329346
0.563365;0.344809
0.470303;0.460553
0.341667;0.463493
0.375284;0.36603
0.278964;0.368546
0.435371;0.333233
0.374864;0.4078
0.328461;0.386367
0.266961;0.343482
0.310395;0.325677
0.31634;0.32984
0.292405;0.338339
0.427127;0.332564
0.300966;0.382507
0.400586;0.338682
0.357897;0.380068
0.333457;0.365862
0.26293;0.35671
0.282754;0.321213
0.368306;0.321914
0.482823;0.36653
0.389668;0.440497
0.28953;0.392351
0.309169;0.331671
0.343476;0.335884
0.460959;0.354775
0.3665;0.418929
0.409122;0.374046
0.382949;0.387648
0.485819;0.391386
0.432922;0.438952
0.35403;0.417823
0.280092;0.370526
0.589547;0.326114
0.494919;0.508785
0.362678;0.461974
0.30121;0.367649
0.342512;0.336792
0.351186;0.351319
0.584362;0.348696
0.414824;0.494504
0.319421;0.409795
0.455764;0.347576
0.390008;0.416317
0.305148;0.394107
0.260431;0.344591
0.330815;0.319199
0.279558;0.342897
0.407737;0.330028
0.428618;0.38209
0.328621;0.413894
0.356201;0.360125
0.323379;0.362409
0.314361;0.344489
0.273031;0.339191
0.284629;0.32529
0.279061;0.327204
0.284177;0.324375
0.503449;0.32328
0.364387;0.43867
0.449478;0.383195
0.332466;0.392856
0.288193;0.362727
0.260333;0.327211
0.244152;0.314697
0.383874;0.307754
0.292902;0.366581
0.34217;0.334779
0.484299;0.358637
0.42219;0.438533
0.353635;0.415778
0.282321;0.367001
0.334105;0.33793
0.297356;0.342179
0.318848;0.327634
0.251941;0.336384
0.256598;0.318234
0.312529;0.311782
0.329414;0.335781
0.327177;0.350219
0.259888;0.350696
0.497237;0.323337
0.485576;0.44008
0.396246;0.45819
0.289335;0.397555
0.27348;0.332185
0.312345;0.317501
0.447627;0.339156
0.336307;0.394469
0.26938;0.358532
0.434757;0.326076
0.349703;0.404094
