0.623326 0.0141639 0.618672 0.0141284
0.644028 0.0291132 0.639307 0.0290811
0.646601 0.0204316 0.641905 0.0204209
0.630341 0.0203623 0.625667 0.0202934
0.632729 0.0232682 0.628051 0.0232325
0.653736 0.0312048 0.649079 0.0311905
0.644229 0.0264495 0.639598 0.026454
0.649039 0.0152352 0.644406 0.0152292
0.646565 0.0242463 0.641884 0.0242344
0.658554 0.025466 0.653937 0.0254712
0.651075 0.0162668 0.64641 0.0161939
0.646599 0.0211013 0.641967 0.0210053
0.656357 0.0351613 0.65186 0.035143
0.663228 0.0211841 0.658737 0.0211696
0.637464 0.0183914 0.632893 0.0182999
0.632109 0.0201212 0.627625 0.0201595
0.641598 0.0221865 0.637175 0.0221407
0.643832 0.0215963 0.639297 0.0215542
0.636878 0.0175166 0.632337 0.0175721
0.630847 0.016889 0.626485 0.0168092
0.642109 0.0190461 0.637634 0.0189889
0.625504 0.0175578 0.621324 0.0176135
0.635222 0.0200479 0.630712 0.0199666
0.638163 0.0190728 0.633771 0.0189347
0.641708 0.0207396 0.637255 0.0207331
0.629562 0.0134605 0.625082 0.0135393
0.640459 0.0174401 0.636065 0.0173748
0.639062 0.018546 0.634636 0.0184624
0.619064 0.0145413 0.614772 0.0144746
0.626976 0.0149319 0.622565 0.0149595
0.637566 0.0175822 0.63322 0.0174152
0.619083 0.0142961 0.614609 0.0142419
0.639317 0.0198232 0.634935 0.0199111
0.628138 0.0155102 0.623747 0.0154662
0.632109 0.0212867 0.627748 0.0211205
0.62396 0.0155283 0.619698 0.0155308
0.631111 0.0231231 0.626878 0.0230251
0.625146 0.0184923 0.620766 0.0184068
0.625123 0.0193182 0.620927 0.0192213
0.627575 0.014461 0.623519 0.0144558
0.626233 0.0244342 0.622084 0.0246403
0.616163 0.0187811 0.611956 0.0188421
0.610062 0.0157828 0.605926 0.0156771
0.615685 0.010623 0.611698 0.0106531
0.615571 0.0167449 0.611689 0.0169064
0.624802 0.014865 0.620843 0.0148904
0.616559 0.0172756 0.612842 0.0173535
0.623166 0.017242 0.619196 0.0171669
0.613404 0.0163796 0.609399 0.0163101
0.622368 0.0205628 0.618529 0.0205057
0.609999 0.011022 0.606196 0.0110983
0.615464 0.0211663 0.611532 0.021087
0.618338 0.0169586 0.614624 0.017067
0.609931 0.0162151 0.606229 0.0162755
0.60327 0.0147589 0.599243 0.0144002
0.613219 0.0116485 0.609235 0.0115824
0.612357 0.0109434 0.608356 0.0108849
0.609335 0.00894798 0.605131 0.00913429
0.602123 0.00877347 0.598179 0.00855687
0.609492 0.0166035 0.60504 0.0166241
0.607148 0.017126 0.602977 0.0170571
0.606227 0.0106109 0.601615 0.0104881
0.596768 0.0141229 0.592761 0.01393
0.598602 0.0118923 0.594434 0.0121486
0.598652 0.0108369 0.59416 0.0103905
0.607062 0.011985 0.602181 0.0114338
0.604844 0.0152798 0.60025 0.0154146
0.598089 0.0129145 0.593163 0.0131702
0.605789 0.0161824 0.600214 0.0157689
0.593103 0.0128176 0.588521 0.0122832
0.597876 0.0123398 0.592944 0.0120686
0.588522 0.0103711 0.584035 0.00949257
0.599096 0.0196381 0.594342 0.019822
0.599678 0.0165992 0.595365 0.0159356
0.587189 0.012917 0.582851 0.0128428
0.600554 0.0178953 0.595789 0.0179182
0.599544 0.0261608 0.594645 0.0258104
0.590811 0.0163559 0.586239 0.0162282
0.599619 0.0170268 0.594541 0.0166053
0.600004 0.0182633 0.595158 0.0182618
