0.573986 0.0222549 0.568996 0.0221016
0.557218 0.0238744 0.552394 0.0237143
0.583903 0.0456171 0.579029 0.0454769
0.59318 0.0268958 0.588159 0.0268255
0.563728 0.0266862 0.558891 0.0265061
0.57317 0.040286 0.568303 0.0400942
0.578288 0.0184695 0.573363 0.0182827
0.561059 0.0288443 0.556332 0.0287157
0.568912 0.0296615 0.564165 0.0295157
0.574192 0.0181648 0.569388 0.017939
0.569844 0.0373696 0.565147 0.0370927
0.573582 0.0245854 0.568858 0.0243881
0.583402 0.0371396 0.578647 0.0368364
0.561419 0.017708 0.556973 0.0175276
0.554109 0.0216105 0.549699 0.0215326
0.569273 0.0310237 0.564747 0.030778
0.567046 0.0207005 0.562494 0.0205727
0.555831 0.0240589 0.551584 0.0238764
0.561227 0.0290926 0.556775 0.0289274
0.562403 0.0190352 0.557949 0.0188969
0.57354 0.0294144 0.569174 0.0291061
0.561223 0.0256598 0.55692 0.0253703
0.566203 0.0191096 0.561706 0.018929
0.557438 0.0274381 0.553327 0.0271937
0.573588 0.0276833 0.569317 0.0274721
0.573571 0.0314808 0.569264 0.0311259
0.573172 0.0376863 0.568805 0.0371785
0.556188 0.0326475 0.552195 0.0324786
0.562435 0.0274579 0.558158 0.0272493
0.574449 0.0271107 0.570136 0.0267331
0.557767 0.018065 0.553697 0.0180723
0.557701 0.0211806 0.553493 0.0209484
0.539851 0.0243675 0.535841 0.024221
0.559391 0.0177108 0.555458 0.0176665
0.541076 0.0190831 0.537173 0.0191958
0.553282 0.0182397 0.549669 0.0180998
0.557028 0.0241698 0.553066 0.0238938
0.543374 0.0144251 0.539448 0.0143094
0.561745 0.0244651 0.557732 0.0242407
0.553893 0.0172115 0.550027 0.0171363
0.557542 0.0166826 0.553718 0.0166874
0.533425 0.0110458 0.529791 0.0112476
0.548228 0.0249031 0.544424 0.02483
0.537864 0.0152332 0.534144 0.0153388
0.558519 0.0157922 0.554712 0.0158646
0.548445 0.0178145 0.544785 0.0180263
0.551095 0.0160983 0.547333 0.0161265
0.545114 0.0117442 0.541398 0.0115378
0.539508 0.0224858 0.535678 0.0223069
0.53862 0.0251382 0.534971 0.0248038
0.554683 0.0290344 0.55078 0.0288211
0.543771 0.0290544 0.540131 0.0288547
0.550672 0.0254059 0.547081 0.0252698
0.552178 0.014643 0.548727 0.0142808
0.517653 0.0180489 0.514288 0.0179401
0.539699 0.0273756 0.536057 0.0270218
0.536786 0.0211975 0.533251 0.021065
0.54238 0.0293592 0.53878 0.0289275
0.536032 0.0317242 0.532468 0.0314785
0.519822 0.0247917 0.516705 0.0245861
0.540416 0.026082 0.536949 0.0259496
0.526685 0.0229298 0.523512 0.0229851
0.522711 0.0265599 0.519336 0.0264194
0.553017 0.0389445 0.54961 0.0384217
0.534354 0.0279626 0.53118 0.0279069
0.519161 0.0200442 0.516042 0.0199776
0.525673 0.0202579 0.522635 0.020194
0.520661 0.011813 0.517576 0.0116519
0.503988 0.0180133 0.500745 0.017942
0.516532 0.0155555 0.513621 0.0154995
0.51656 0.0221252 0.513411 0.0221198
0.52468 0.0285592 0.521859 0.0285075
0.524203 0.0253761 0.521262 0.025111
0.529392 0.0349205 0.526277 0.0343945
0.530724 0.0157721 0.527724 0.0158166
0.516245 0.0303952 0.513533 0.0300412
0.519526 0.0198137 0.516568 0.0197652
0.513187 0.0355689 0.510308 0.0352913
0.516146 0.0192715 0.513431 0.0193579
0.522107 0.0257647 0.51913 0.0256958
