0.497218 0.0288609 0.493379 0.0289575
0.501203 0.0243647 0.497352 0.0243096
0.498692 0.0243803 0.495019 0.0243636
0.494446 0.024635 0.490499 0.0245734
0.503345 0.0305302 0.499699 0.0306895
0.513231 0.0304955 0.509841 0.030563
0.502183 0.0273447 0.498639 0.0276218
0.513812 0.0243784 0.510379 0.0245449
0.517934 0.0209503 0.514424 0.0211951
0.507818 0.0232247 0.504232 0.0234008
0.522129 0.0239611 0.518898 0.0240022
0.521377 0.0217475 0.518103 0.0221585
0.499548 0.0334841 0.496709 0.0333641
0.518661 0.0200554 0.515273 0.019786
0.51539 0.0314778 0.512691 0.0311309
0.518994 0.018637 0.516142 0.0187778
0.50472 0.0213315 0.501941 0.0211829
0.517235 0.0168301 0.51455 0.0166769
0.519122 0.028265 0.516274 0.0279999
0.513702 0.0186367 0.51097 0.0183395
0.520165 0.0196047 0.517528 0.0195142
0.512233 0.0188785 0.509867 0.018984
0.510076 0.0194628 0.507618 0.0197796
0.5194 0.0194472 0.51673 0.019384
0.527481 0.0173624 0.524503 0.0176012
0.533265 0.0228284 0.530762 0.0231199
0.521481 0.0184201 0.518686 0.0180342
0.521771 0.0188954 0.519683 0.0189989
0.52853 0.0172014 0.526439 0.0169179
0.527233 0.0126758 0.525231 0.0128141
0.521043 0.0185289 0.518885 0.0180106
0.518508 0.0224575 0.516319 0.0224091
0.511034 0.0179815 0.509272 0.0180566
0.520893 0.0196337 0.519167 0.0191814
0.522097 0.0270743 0.520117 0.0267717
0.523841 0.0159506 0.521934 0.0158741
0.526453 0.0103046 0.524623 0.0100115
0.528201 0.0125105 0.526438 0.0123665
0.52694 0.0135676 0.524665 0.0134271
0.531086 0.0190239 0.529259 0.0185862
0.529784 0.0108118 0.527524 0.0108093
0.528306 0.0140278 0.526343 0.0135989
0.529543 0.0154771 0.527189 0.0156995
0.538848 0.0159328 0.536707 0.0153764
0.522602 0.0234335 0.520579 0.0230747
0.536906 0.00915089 0.534366 0.00869956
0.535965 0.0137404 0.533476 0.0134629
0.533011 0.0123387 0.530662 0.0117278
0.526643 0.0146251 0.524699 0.0141272
0.533996 0.0112733 0.531298 0.0106775
0.541204 0.0229041 0.538499 0.0221956
0.533603 0.0157687 0.53125 0.0150949
0.52647 0.0153213 0.524037 0.0146034
0.531348 0.0109897 0.529043 0.010885
0.528039 0.0120337 0.525702 0.0113956
0.529133 0.017236 0.527308 0.0169069
0.534183 0.0132678 0.531653 0.0130819
0.529329 0.0143105 0.527586 0.013844
0.522531 0.011486 0.520714 0.0110743
0.525678 0.0101751 0.523577 0.0101984
0.525099 0.00976194 0.523338 0.00881025
0.527725 0.0143003 0.524882 0.0137495
0.522943 0.0207422 0.521207 0.0206087
0.533092 0.0174641 0.530955 0.0164255
0.523626 0.0111593 0.521971 0.0106101
0.521474 0.0133203 0.520243 0.0134389
0.529853 0.0201825 0.528231 0.0196515
0.516336 0.0144026 0.513693 0.0140813
0.521892 0.0216554 0.519627 0.0210264
0.530106 0.0157666 0.527923 0.014841
0.536078 0.0168008 0.533881 0.0161238
0.530681 0.0168255 0.529148 0.015422
0.520985 0.0135365 0.51965 0.0127537
0.541869 0.0198645 0.539729 0.0193982
0.542135 0.0262641 0.540329 0.0257955
0.548252 0.0215482 0.546509 0.0211208
0.55377 0.0223074 0.552395 0.0221919
0.548664 0.0236444 0.548033 0.0232755
0.557403 0.0311035 0.556994 0.0302846
0.565899 0.0228944 0.565075 0.0220694
