0.718348 0.00450598 0.713954 0.00458875
0.722881 0.0147415 0.718498 0.0148946
0.717315 0.00198948 0.712867 0.00199216
0.71721 0.00272781 0.712772 0.00272222
0.716102 0.00390909 0.711673 0.00386647
0.711524 0.00573367 0.707162 0.0056379
0.713377 0.00655004 0.708972 0.00646578
0.70967 0.00875388 0.705306 0.00862651
0.706368 0.0108556 0.702088 0.0107082
0.708273 0.00939247 0.703962 0.00923774
0.702397 0.0101468 0.698229 0.00994227
0.699038 0.0108088 0.694911 0.0105871
0.703565 0.00928 0.699357 0.00910831
0.697763 0.00836414 0.693707 0.00820636
0.694035 0.003172 0.689993 0.00312338
0.69398 0.00586153 0.689948 0.00573679
0.691567 0.00370098 0.687576 0.00365409
0.691326 0.00325761 0.687347 0.00325238
0.68943 0.00156931 0.685517 0.00157126
0.690136 0.00306239 0.68617 0.00304095
0.689064 0.00323846 0.685155 0.0031833
0.69072 0.00277436 0.686812 0.00271579
0.689037 0.00226622 0.685156 0.00222654
0.687835 0.00508404 0.683981 0.00504794
0.69028 0.00203447 0.686363 0.00201965
0.688215 0.0044734 0.684323 0.00440666
0.688877 0.00552308 0.684973 0.00548037
0.684657 0.0056451 0.680865 0.00550436
0.682841 0.00587546 0.679116 0.00571866
0.681648 0.00657183 0.677948 0.00638038
0.675329 0.0063208 0.671884 0.0061962
0.677503 0.00746158 0.673972 0.00726678
0.675926 0.00651454 0.672402 0.00632992
0.67539 0.00514166 0.671893 0.00498631
0.676262 0.00520807 0.672759 0.00507956
0.676446 0.00738146 0.67299 0.0071521
0.672169 0.00456343 0.6688 0.00442367
0.671818 0.00324638 0.668523 0.00320707
0.67255 0.00418749 0.669257 0.00407346
0.670384 0.00271444 0.667094 0.00272492
0.671732 0.00266385 0.668446 0.00263174
0.666706 0.00413976 0.663441 0.00424634
0.668438 0.00446361 0.665215 0.00458308
0.670415 0.00465911 0.667155 0.00471656
0.669777 0.00182893 0.666585 0.00184616
0.66522 0.00304853 0.661856 0.00316544
0.662855 0.00261664 0.659344 0.00271053
0.665704 0.00440247 0.662245 0.00458535
0.666291 0.00343793 0.662891 0.00354289
0.663761 0.0047325 0.660278 0.00485812
0.662577 0.00565201 0.659015 0.00580981
0.662028 0.00482741 0.658379 0.00489525
0.661448 0.00406063 0.657669 0.00388048
0.660299 0.00381153 0.656515 0.00362223
0.662099 0.00306461 0.658405 0.00295047
0.660001 0.00504518 0.656467 0.00485789
0.661624 0.00463754 0.657964 0.00438346
0.656777 0.00460813 0.653401 0.00439798
0.654864 0.00382673 0.651818 0.00372442
0.654567 0.00316752 0.651542 0.00305241
0.655138 0.00452936 0.652085 0.00429497
0.654593 0.00390085 0.651661 0.00377886
0.654997 0.00439759 0.652085 0.0041148
0.654326 0.002257 0.651534 0.00235401
0.653744 0.00387992 0.651079 0.00371349
0.65258 0.00221057 0.64978 0.00220333
0.651958 0.00172187 0.649373 0.00163209
0.652541 0.00250552 0.649883 0.00249965
0.650018 0.0021841 0.647505 0.00214831
0.650506 0.00381935 0.647873 0.00372413
0.649147 0.00261079 0.646695 0.0026261
0.649689 0.00320095 0.647248 0.0030844
0.647248 0.00262026 0.644962 0.0025266
0.6487 0.00354459 0.646363 0.00340619
0.646666 0.00270715 0.644516 0.00261792
0.647089 0.00241662 0.644939 0.00233776
0.647183 0.00421259 0.645077 0.00397689
0.646326 0.00251397 0.644278 0.00246928
0.645965 0.00408924 0.643964 0.0040955
0.645881 0.0029228 0.643832 0.00289665
