0.558949 0.0314456 0.555771 0.0310545
0.547352 0.00543898 0.544038 0.00569573
0.547732 0.00665226 0.544653 0.00679562
0.548576 0.00590823 0.545582 0.00604215
0.554927 0.0223784 0.551714 0.0219206
0.551312 0.00840307 0.548127 0.00811816
0.55396 0.0183568 0.551162 0.0182348
0.554973 0.0120412 0.551789 0.0117407
0.551717 0.00671739 0.548719 0.00662176
0.55122 0.0044598 0.54813 0.00450008
0.554795 0.0118692 0.551568 0.0115951
0.556924 0.0117326 0.553848 0.0115774
0.554857 0.00976549 0.551784 0.00939082
0.565125 0.030287 0.561969 0.0299383
0.562753 0.0162851 0.559395 0.0160803
0.551976 0.00436392 0.549081 0.00436678
0.561017 0.0163518 0.558005 0.0160089
0.554151 0.00606845 0.551091 0.00613218
0.557519 0.00650869 0.554532 0.00643317
0.561769 0.00862725 0.558809 0.00854001
0.563483 0.0189919 0.560183 0.0188088
0.561376 0.0126266 0.558098 0.0121222
0.560845 0.0093618 0.557975 0.00957624
0.557947 0.00436152 0.555224 0.00450086
0.559633 0.0108886 0.556667 0.0107798
0.563999 0.0161628 0.560922 0.0158443
0.567132 0.0202602 0.564177 0.0203835
0.556776 0.0063041 0.553919 0.00634096
0.559242 0.0114001 0.556533 0.0115251
0.559357 0.00398639 0.556533 0.00393505
0.561039 0.0177875 0.558078 0.0176488
0.563332 0.0174424 0.560106 0.0175133
0.5708 0.0220977 0.567897 0.0220396
0.563489 0.0139644 0.560484 0.0137208
0.56979 0.0219659 0.566882 0.0219897
0.56205 0.0170303 0.559107 0.0170924
0.567293 0.0227022 0.564342 0.0225556
0.56365 0.0139199 0.560784 0.0140589
0.566632 0.0189768 0.563693 0.0191
0.566443 0.0165984 0.563248 0.0163935
0.564277 0.0166356 0.561029 0.0164628
0.567235 0.0153728 0.564046 0.0152239
0.557742 0.0141112 0.55458 0.0139648
0.562318 0.00955072 0.559063 0.00959373
0.557106 0.00930535 0.553942 0.00909623
0.56513 0.0132748 0.561467 0.0128419
0.566332 0.00833781 0.562734 0.00814462
0.566744 0.0145072 0.563135 0.0146458
0.572006 0.0109708 0.568245 0.0106801
0.567326 0.00894031 0.563447 0.00900061
0.562998 0.0170474 0.55939 0.0168498
0.574852 0.0124127 0.571015 0.0123263
0.564024 0.0192984 0.560172 0.0187896
0.568756 0.013595 0.564732 0.0129804
0.574238 0.0115926 0.570393 0.011415
0.568353 0.00913421 0.564591 0.00900535
0.570772 0.0154512 0.567032 0.0152509
0.568847 0.0185664 0.564826 0.0179274
0.573341 0.0151074 0.569836 0.014899
0.575356 0.0117882 0.571823 0.011999
0.578591 0.0107862 0.574682 0.0106188
0.566042 0.0121967 0.561978 0.0119909
0.569697 0.0109508 0.566285 0.011146
0.561795 0.0115778 0.558284 0.0117394
0.563794 0.0107161 0.559817 0.0101139
0.575975 0.0120446 0.572558 0.0119252
0.57211 0.0143232 0.568158 0.0137005
0.570096 0.0166323 0.566526 0.0163836
0.561461 0.016667 0.558501 0.0163874
0.578709 0.0151536 0.575353 0.0153822
0.577655 0.0171186 0.574202 0.0171494
0.589453 0.0180302 0.586286 0.0179242
0.581643 0.0201535 0.578491 0.020085
0.585032 0.0265876 0.582648 0.0260413
0.593149 0.017472 0.590611 0.0182565
0.596876 0.0190846 0.594546 0.0190329
0.597212 0.0161296 0.594611 0.015999
0.606873 0.0138965 0.604441 0.0139642
0.60267 0.0198742 0.600642 0.0200727
0.606566 0.0105542 0.604294 0.0106631
