0.0470011 0.0012216 0.0474319 0.00118588
0.0474852 0.00269721 0.0479308 0.00264786
0.044482 0.0023516 0.0449545 0.00232413
0.0458885 0.00386608 0.0464157 0.00402647
0.0434545 0.0031566 0.0439059 0.003107
0.0426757 0.00370463 0.0431675 0.00362977
0.0420519 0.00337278 0.0425313 0.0033133
0.0393259 0.00312818 0.0398497 0.00305567
0.0396857 0.00260243 0.0401993 0.00257846
0.044707 0.0102124 0.0453709 0.0103517
0.0388269 0.00247952 0.0393828 0.00250895
0.0378294 0.00154662 0.0384129 0.0015999
0.0379513 0.00202774 0.03846 0.00202361
0.03905 0.00230223 0.0396286 0.00226104
0.0375344 0.001762 0.038105 0.00176529
0.0381935 0.00437866 0.0388418 0.00439207
0.0394563 0.00374181 0.0399846 0.00383718
0.0374366 0.00278995 0.0380002 0.00283729
0.0376356 0.00178485 0.0382636 0.00189268
0.0393703 0.00505727 0.0399836 0.00518054
0.0376961 0.00168416 0.038241 0.00167945
0.0393555 0.00372193 0.0399121 0.00366046
0.0372342 0.00193249 0.0378149 0.00186605
0.0366534 0.00247753 0.0372526 0.0024963
0.0364983 0.00160881 0.037136 0.00160183
0.0421873 0.0139778 0.0427669 0.0138412
0.0369823 0.00231177 0.0376208 0.00242437
0.0372621 0.00158157 0.0378902 0.00157394
0.0376305 0.00257436 0.0382291 0.00256286
0.0384914 0.00303057 0.0391511 0.00307261
0.0378562 0.00238262 0.0385072 0.00238259
0.0359047 0.00122386 0.0365691 0.00124664
0.0356471 0.00109708 0.0362721 0.00107093
0.0377679 0.00354895 0.0384671 0.00362675
0.0367862 0.00139015 0.0374536 0.00138862
0.0368324 0.00246285 0.0374801 0.00254019
0.0387079 0.00263296 0.0392887 0.00263408
0.0375349 0.00342829 0.0382191 0.00343427
0.0346132 0.00130637 0.0352139 0.00129946
0.0383227 0.00270938 0.0389133 0.00269117
0.0373438 0.00264844 0.0379527 0.00268862
0.0369932 0.00357967 0.0376236 0.00359407
0.0364221 0.00302396 0.0370697 0.00305307
0.0362523 0.00309016 0.0368301 0.0030969
0.0367391 0.00221602 0.0373574 0.00224443
0.0356426 0.00138499 0.0363205 0.0013763
0.0361414 0.00227677 0.0367638 0.00227205
0.0365581 0.00201647 0.0371824 0.00202949
0.037738 0.00354193 0.0383494 0.0035202
0.0358192 0.00212517 0.0364824 0.00218699
0.0378009 0.00234667 0.0384049 0.00232989
0.035705 0.00292082 0.0363142 0.0029118
0.0370913 0.00348514 0.0377821 0.00361748
0.0361002 0.00290447 0.0367525 0.00291929
0.0372268 0.00341056 0.0378776 0.00353356
0.0365495 0.00241865 0.0371758 0.00246326
0.0344586 0.00230098 0.0351024 0.0023909
0.0358327 0.00177037 0.0364619 0.00184955
0.0369013 0.00254392 0.037539 0.0025395
0.0369167 0.00265891 0.0375084 0.0026519
0.0381708 0.00392274 0.038773 0.00392256
0.0351799 0.00216143 0.0358195 0.00218769
0.0352772 0.00121121 0.0359156 0.00123324
0.0356318 0.00254187 0.0362646 0.0025752
0.0352827 0.0027968 0.0359116 0.0027808
0.0354303 0.00304192 0.0360578 0.00299084
0.0386894 0.00233034 0.039289 0.00236787
0.0362983 0.00407549 0.0368876 0.00406861
0.0386204 0.00290016 0.0393215 0.00291763
0.0355172 0.00335252 0.0361032 0.00333976
0.0331866 0.00191164 0.0337785 0.00192423
0.0384701 0.00488841 0.0391364 0.00503265
0.0385147 0.00429292 0.0391465 0.00429564
0.0349656 0.00302263 0.0355457 0.00303501
0.0373798 0.00283883 0.0380283 0.00286824
0.0333515 0.0019194 0.0339987 0.00196568
0.0361808 0.00332753 0.0368461 0.00336389
0.0376209 0.00334601 0.0381917 0.00332645
0.0348721 0.00210142 0.0355321 0.00213045
0.0347615 0.002775 0.0353603 0.00277592
