0.740478 0.0197685 0.736912 0.0196745
0.72236 0.0213395 0.718345 0.0213919
0.686342 0.0218829 0.681986 0.0220403
0.664992 0.017882 0.660256 0.01788
0.654097 0.0228828 0.649152 0.0230224
0.629972 0.0242782 0.624877 0.0242988
0.639471 0.0164549 0.63443 0.0164782
0.611177 0.0153185 0.606069 0.0152317
0.605423 0.0168103 0.600334 0.0168346
0.60389 0.0192386 0.598649 0.0191205
0.611647 0.0168769 0.606481 0.0167983
0.602664 0.0177989 0.59755 0.0177994
0.599686 0.024086 0.594543 0.0239724
0.59802 0.0214305 0.592915 0.0212636
0.597728 0.0257303 0.592593 0.0256234
0.583599 0.0179131 0.578547 0.0177631
0.588736 0.0202455 0.583791 0.0202811
0.573585 0.0173595 0.568633 0.0171482
0.578755 0.0246437 0.57383 0.0245142
0.566114 0.0245161 0.561245 0.0242549
0.570089 0.026028 0.56527 0.0257006
0.571167 0.0328275 0.566306 0.0324553
0.562616 0.0279021 0.55786 0.0275408
0.55099 0.0211043 0.54633 0.0207958
0.56843 0.0315678 0.563671 0.0313892
0.546401 0.0132358 0.541929 0.0130669
0.556812 0.0214676 0.552199 0.0212256
0.566889 0.0270697 0.56217 0.0266952
0.558278 0.0265607 0.553679 0.0262259
0.551064 0.00721489 0.546495 0.00704312
0.542035 0.0133052 0.537618 0.0131134
0.539268 0.011972 0.534852 0.0118224
0.559169 0.017691 0.554587 0.0176495
0.547451 0.0250894 0.542969 0.0247128
0.541736 0.0169652 0.537303 0.0167047
0.545652 0.0207766 0.541274 0.0204814
0.552949 0.0324445 0.548554 0.0321061
0.552775 0.0265042 0.548395 0.026107
0.545605 0.0234508 0.54131 0.023263
0.540679 0.0225195 0.5364 0.0222635
0.527986 0.0218143 0.523836 0.0215398
0.539909 0.0194409 0.535499 0.0192174
0.539436 0.0227129 0.535205 0.0224847
0.529665 0.0216191 0.525481 0.021367
0.522608 0.0114607 0.518488 0.0111989
0.550712 0.0264133 0.546293 0.0261171
0.541942 0.0274731 0.537754 0.027053
0.53619 0.0257564 0.531983 0.0254278
0.529395 0.0342239 0.525263 0.0337297
0.515457 0.018791 0.511538 0.0184137
0.535277 0.0204198 0.531147 0.0202757
0.530517 0.0252336 0.526513 0.0248876
0.535799 0.0306227 0.531569 0.0302244
0.523965 0.0276128 0.520003 0.0272262
0.523282 0.017753 0.51929 0.0176456
0.519002 0.0236759 0.515024 0.0233664
0.524034 0.0239852 0.519926 0.0237372
0.511626 0.0353833 0.507982 0.0348275
0.54286 0.0367824 0.538637 0.0364557
0.516154 0.0240426 0.512428 0.0236446
0.515936 0.0327559 0.512052 0.0322565
0.512744 0.0239967 0.508951 0.0235266
0.518335 0.0300104 0.514448 0.0295085
0.514622 0.0268752 0.510838 0.0263748
0.510193 0.0243778 0.506375 0.0241407
0.493907 0.0154609 0.490449 0.0151605
0.511224 0.0293399 0.507438 0.0286414
0.51643 0.0240599 0.512545 0.0238234
0.506006 0.0267407 0.502335 0.0262787
0.513267 0.0278002 0.509478 0.0274674
0.508174 0.0338251 0.504417 0.0332917
0.49481 0.0215577 0.491249 0.0210953
0.497352 0.0260193 0.49373 0.0256117
0.499189 0.0320712 0.495836 0.0315588
0.505461 0.0328604 0.501873 0.0324234
0.508216 0.0294269 0.504594 0.0288348
0.507346 0.0308413 0.503708 0.030415
0.513426 0.021586 0.50971 0.0211476
0.5055 0.0198905 0.501926 0.0194547
0.496442 0.0252928 0.49294 0.0249324
