0.0651145 0.000997866 0.0647422 0.000992321
0.0647673 0.000309979 0.0643979 0.000308761
0.0652502 0.00245842 0.0648822 0.00245165
0.0639176 0.00131189 0.0635565 0.00129967
0.0646326 0.00100488 0.0642646 0.000998384
0.0618705 0.00367717 0.0615336 0.00363379
0.0599727 0.00512715 0.059657 0.00506025
0.06049 0.00517467 0.0601773 0.00510344
0.0551227 0.00574186 0.0548838 0.00565929
0.0566928 0.0057512 0.0564269 0.00567204
0.0527334 0.00510748 0.0525297 0.0050266
0.0561487 0.00776271 0.0559096 0.00764615
0.0528671 0.0060691 0.052679 0.00596697
0.0525865 0.00542173 0.0523965 0.00532418
0.0509203 0.00481571 0.0507639 0.00473283
0.0501857 0.00382316 0.0500495 0.00374994
0.0489629 0.00204272 0.0488471 0.0019991
0.0518323 0.00444606 0.0516649 0.00436504
0.0495775 0.00306543 0.0494501 0.00300854
0.048767 0.00128186 0.0486526 0.00124825
0.0481733 0.00124791 0.048069 0.0012195
0.0480313 0.000922589 0.0479274 0.00090152
0.0479455 0.00171714 0.0478451 0.00168265
0.0480799 0.00238987 0.0479772 0.0023493
0.0478404 0.00174556 0.0477346 0.0017199
0.0462602 0.00203993 0.046178 0.00202048
0.0460874 0.00273058 0.0460134 0.00270466
0.046037 0.00269409 0.0459607 0.00266841
0.0463453 0.00186938 0.0462618 0.00184616
0.0442884 0.00266553 0.04423 0.00263687
0.0456537 0.00323289 0.0455822 0.00318835
0.0426001 0.00320379 0.0425572 0.00316672
0.0426874 0.00308727 0.0426466 0.00304867
0.0434316 0.00241152 0.0433804 0.00238047
0.0424329 0.00191242 0.0423988 0.00188569
0.0418658 0.00231404 0.0418402 0.00227998
0.0416396 0.00196346 0.0416044 0.00193513
0.0405408 0.00160731 0.0405291 0.00158555
0.0408107 0.00153093 0.0407979 0.0015089
0.039902 0.00104008 0.0398982 0.00103524
0.0404966 0.00062129 0.040485 0.000614286
0.0399346 0.00107024 0.0399313 0.00106136
0.0406064 0.00150072 0.0405955 0.0014864
0.0400237 0.00132518 0.0400097 0.00131041
0.0384093 0.00145132 0.0384186 0.00143578
0.0393711 0.00150803 0.0393663 0.00148779
0.0382879 0.00175153 0.0382959 0.0017262
0.0392069 0.00217656 0.0392031 0.00215082
0.0377816 0.00154041 0.0377909 0.00151921
0.0375275 0.00102664 0.0375312 0.0010132
0.0369653 0.00107048 0.0369828 0.00105641
0.0377777 0.00192176 0.0377883 0.00189954
0.0363459 0.001432 0.036369 0.00140793
0.0367031 0.00164142 0.0367263 0.00161482
0.0360812 0.00115877 0.036109 0.001131
0.0363069 0.00171764 0.0363304 0.00167774
0.0357578 0.00105059 0.0357968 0.00101841
0.0355967 0.00125696 0.0356392 0.00121776
0.034652 0.000818213 0.0347237 0.000804512
0.0350417 0.00102435 0.0351087 0.000994675
0.0346625 0.00139203 0.0347244 0.0013513
0.0338009 0.00155386 0.0338908 0.00152805
0.0342126 0.000509373 0.0342934 0.000510232
0.0338886 0.00140012 0.0339765 0.00137257
0.0338798 0.00100287 0.0339587 0.000980241
0.0332018 0.000814101 0.033282 0.000791175
0.0327238 0.00102423 0.0328137 0.00100966
0.0327121 0.000721965 0.0328121 0.000716032
0.0335393 0.000649125 0.0336139 0.000626936
0.0334434 0.00150491 0.0335255 0.00146492
0.03231 0.000932648 0.0324052 0.000905249
0.0329354 0.00136332 0.0330259 0.00132074
0.0318156 0.00141898 0.0319393 0.00137758
0.0317133 0.00114748 0.0318325 0.00111362
0.0315696 0.000935378 0.0316973 0.000918765
0.0317726 0.00145338 0.0318891 0.00140585
0.0314242 0.000831686 0.0315634 0.000811674
0.0308795 0.000836086 0.0310313 0.000822384
0.0307513 0.00106088 0.0309024 0.00103144
0.0318255 0.00187373 0.0319417 0.00181766
