0.601728 0.0352583 0.597054 0.0351342
0.617486 0.0333698 0.612753 0.0332856
0.610913 0.0292013 0.606229 0.0290809
0.602494 0.0242586 0.597798 0.0241404
0.599817 0.0193951 0.595157 0.019318
0.594515 0.0146543 0.589953 0.0145153
0.609254 0.0391509 0.604689 0.0390303
0.60801 0.0305254 0.603404 0.0304609
0.610556 0.0215328 0.605908 0.0214324
0.606787 0.0282958 0.602267 0.0280722
0.594828 0.0187697 0.590299 0.0185828
0.614239 0.0203205 0.60971 0.0201282
0.603446 0.0170688 0.598976 0.0168011
0.616101 0.0261862 0.611568 0.0260749
0.599511 0.0261676 0.595093 0.0259725
0.608856 0.0245238 0.604392 0.02433
0.606681 0.0197294 0.602317 0.0195582
0.620855 0.0309971 0.616428 0.0308854
0.607825 0.0293662 0.603553 0.0291867
0.616955 0.0254888 0.612529 0.0252613
0.600924 0.0153445 0.596712 0.0152126
0.601357 0.0256399 0.597164 0.0256416
0.604121 0.0193952 0.600007 0.0192035
0.607324 0.0243672 0.603165 0.0243059
0.602598 0.0195379 0.598412 0.0191895
0.612427 0.0220293 0.608099 0.021893
0.605602 0.0177972 0.601441 0.017695
0.599642 0.0248863 0.595207 0.0248116
0.604734 0.0181648 0.600628 0.0179364
0.605731 0.0217702 0.601669 0.0216566
0.622545 0.0225396 0.61807 0.0222402
0.602469 0.0225376 0.598389 0.0224247
0.606079 0.0146496 0.601976 0.0145387
0.60848 0.0223608 0.604302 0.0221979
0.599435 0.0194905 0.595431 0.0196094
0.617916 0.0166539 0.613915 0.0162848
0.591965 0.0131787 0.587954 0.0131349
0.605449 0.0168284 0.601367 0.0168653
0.605151 0.0159555 0.601255 0.0157646
0.60377 0.0137775 0.599733 0.0137004
0.59611 0.0114148 0.591942 0.0112785
0.595569 0.0125283 0.591543 0.0123705
0.603146 0.0194898 0.599281 0.0194147
0.603092 0.0187909 0.599321 0.0184505
0.59355 0.0149371 0.589643 0.01489
0.598653 0.0209214 0.594763 0.0207443
0.60389 0.019467 0.600067 0.0192482
0.593276 0.0197621 0.589617 0.0196532
0.592358 0.0204994 0.588705 0.0202186
0.592452 0.0194212 0.588678 0.0192442
0.587444 0.0079489 0.58403 0.00789917
0.582504 0.0138519 0.579174 0.0137759
0.59049 0.0165069 0.587012 0.0164534
0.580914 0.0130002 0.577466 0.0127777
0.584904 0.00941355 0.581663 0.00962055
0.583621 0.0165966 0.580162 0.0163259
0.590474 0.0167515 0.586929 0.0166783
0.585101 0.0217902 0.581636 0.0215973
0.593599 0.0169851 0.590347 0.0166937
0.589157 0.0239795 0.585738 0.023541
0.58237 0.0162926 0.579046 0.0163288
0.579111 0.0123062 0.575796 0.0122082
0.585472 0.0104635 0.581916 0.0105907
0.578578 0.0126291 0.574931 0.0125344
0.573835 0.0120972 0.570134 0.0116643
0.590309 0.0091023 0.586497 0.00899629
0.580629 0.00525601 0.577043 0.00513595
0.581055 0.015541 0.577236 0.0150603
0.57547 0.0149431 0.571987 0.0146017
0.580315 0.0109024 0.576436 0.0111159
0.578095 0.0186538 0.57447 0.0183569
0.580915 0.0177984 0.577304 0.0175128
0.582457 0.0060072 0.578558 0.00606617
0.578699 0.0118033 0.575152 0.0116397
0.574097 0.0211723 0.570685 0.0209959
0.565636 0.0227812 0.561665 0.0218626
0.57141 0.0153528 0.567938 0.0149501
0.566764 0.0173713 0.563068 0.016903
0.568959 0.00858268 0.565644 0.00826319
0.568357 0.023532 0.565053 0.022736
