0.599264 0.0250871 0.594789 0.024902
0.590862 0.0205859 0.586469 0.0204139
0.590077 0.0322311 0.585739 0.0319876
0.603955 0.02875 0.599451 0.0285987
0.602934 0.0324846 0.598453 0.0323453
0.583115 0.0184054 0.578888 0.0182412
0.59319 0.0304395 0.588905 0.0302691
0.581769 0.015065 0.577646 0.0148446
0.592032 0.02169 0.587757 0.0215114
0.591124 0.0230651 0.587008 0.0229107
0.604342 0.0259308 0.599937 0.0258029
0.593534 0.0136748 0.589407 0.0136046
0.59786 0.0255127 0.593738 0.02539
0.597592 0.0345342 0.593615 0.0343334
0.602706 0.0287565 0.598417 0.0286149
0.606595 0.0276196 0.602343 0.0275957
0.611154 0.0238608 0.60694 0.0238925
0.600929 0.0204378 0.596697 0.0202489
0.606507 0.0273532 0.60223 0.02734
0.609868 0.0236881 0.605684 0.0237087
0.618856 0.0192259 0.614606 0.0191279
0.619681 0.0243328 0.6154 0.0242887
0.613146 0.0220342 0.609104 0.0217977
0.615284 0.0250517 0.611197 0.0249796
0.613803 0.0163038 0.609659 0.0162927
0.609354 0.0154807 0.605353 0.0155097
0.607774 0.0197111 0.6036 0.0198939
0.612563 0.0264997 0.608507 0.0265038
0.607162 0.0179851 0.603174 0.0179011
0.611741 0.0224947 0.607903 0.022496
0.614856 0.0181817 0.610781 0.0181611
0.617228 0.0146094 0.61352 0.014544
0.609068 0.0134127 0.60545 0.0133237
0.60524 0.0204206 0.601518 0.0204805
0.60805 0.0181244 0.604346 0.018256
0.617792 0.0109876 0.61422 0.0110664
0.621455 0.0127265 0.61782 0.0127884
0.612886 0.0165191 0.609122 0.0167461
0.614795 0.0170541 0.611068 0.0170506
0.619415 0.0202848 0.615867 0.0203466
0.611325 0.0104645 0.607402 0.010646
0.606565 0.00928548 0.602613 0.00931403
0.614836 0.0124767 0.61112 0.0124516
0.624221 0.0159194 0.620549 0.0159717
0.613618 0.0142096 0.609443 0.0143174
0.620911 0.0118271 0.616436 0.0120214
0.609286 0.0111762 0.604873 0.0109745
0.614783 0.0172893 0.610765 0.0174823
0.612365 0.0134915 0.6078 0.0135884
0.608964 0.0121062 0.604281 0.0121924
0.609434 0.0109715 0.604873 0.0112978
0.61276 0.0141631 0.607966 0.0141089
0.617217 0.015437 0.612828 0.0154347
0.611052 0.00994246 0.606949 0.0100713
0.608879 0.0130022 0.604585 0.0134646
0.619615 0.0125439 0.615038 0.0124416
0.608234 0.0135831 0.604083 0.0138095
0.61454 0.011073 0.610859 0.0106267
0.614178 0.0105545 0.610586 0.0105978
0.613368 0.013907 0.609589 0.0141309
0.61649 0.0133975 0.612459 0.0136707
0.612427 0.0158887 0.608461 0.016534
0.618496 0.012114 0.614802 0.0123879
0.613144 0.0147212 0.608936 0.0145544
0.614921 0.0126065 0.611762 0.0128603
0.622936 0.0125921 0.619225 0.0131757
0.620808 0.010807 0.617289 0.0109189
0.617215 0.0160588 0.614047 0.0163124
0.618946 0.0142817 0.616134 0.0146072
0.626017 0.0157218 0.622936 0.0155459
0.625325 0.0101847 0.622676 0.0101379
0.623426 0.0151396 0.620534 0.0149186
0.620671 0.0112084 0.618426 0.011485
0.631252 0.00440716 0.628838 0.00433833
0.627433 0.00845672 0.625374 0.00863903
0.625097 0.00973609 0.622938 0.00959113
0.633948 0.00702007 0.631879 0.00721514
0.635116 0.0077999 0.632911 0.00777334
0.632872 0.00929576 0.630782 0.00908069
0.634199 0.00506206 0.632332 0.00513756
