0.505908 0.0131199 0.502246 0.0131114
0.519795 0.0162082 0.516198 0.0163147
0.511911 0.0142849 0.508183 0.0143771
0.514544 0.013038 0.510764 0.0132137
0.502967 0.0116115 0.49907 0.0116704
0.503169 0.0149241 0.499286 0.0149963
0.505468 0.0115805 0.501542 0.0117141
0.503086 0.0200306 0.499196 0.0201986
0.496145 0.0116384 0.492067 0.0116517
0.508717 0.0234929 0.504754 0.023754
0.502632 0.0136121 0.498548 0.0136671
0.49136 0.0166322 0.487238 0.016695
0.491832 0.0052498 0.487673 0.00524366
0.497357 0.0160045 0.493243 0.0160886
0.493151 0.0150458 0.489044 0.0150703
0.499868 0.0136513 0.495766 0.0136858
0.494306 0.018092 0.490195 0.0181248
0.495773 0.0143751 0.491613 0.0143747
0.495978 0.0125298 0.491892 0.0125849
0.487795 0.0137075 0.483692 0.0137238
0.48956 0.0134312 0.48546 0.0133587
0.489826 0.0138327 0.485658 0.0138287
0.504734 0.0331551 0.500502 0.0328913
0.505796 0.0190122 0.501658 0.0189395
0.498294 0.0193786 0.494258 0.0193531
0.480047 0.0179354 0.476077 0.0178019
0.483508 0.0186032 0.479531 0.0184944
0.490797 0.0388805 0.486764 0.03844
0.481329 0.0182535 0.477362 0.0181457
0.494032 0.015374 0.489964 0.0152935
0.475586 0.0140861 0.471666 0.0139574
0.481094 0.0117641 0.477111 0.0115857
0.485017 0.0127622 0.480915 0.0127011
0.473719 0.0187552 0.469937 0.0186347
0.487144 0.0180042 0.483377 0.0178958
0.4824 0.0092255 0.478409 0.00922401
0.480771 0.0202073 0.476861 0.0199978
0.482024 0.015442 0.478004 0.015361
0.476609 0.0182474 0.472814 0.0180485
0.47145 0.0119696 0.467597 0.0118612
0.4886 0.0268271 0.484748 0.0266135
0.480512 0.0149416 0.476509 0.0148407
0.483985 0.0129651 0.479981 0.0129814
0.491172 0.0292536 0.487204 0.0288601
0.494299 0.016818 0.490279 0.0167396
0.470127 0.0287012 0.466421 0.0283321
0.472741 0.0175366 0.468991 0.0172035
0.477339 0.0291129 0.473676 0.028783
0.480812 0.0221915 0.477032 0.0219016
0.474995 0.0209778 0.471351 0.0208083
0.472615 0.0195462 0.468775 0.019388
0.479115 0.0229508 0.475414 0.0225134
0.483523 0.0170045 0.479868 0.0168222
0.482347 0.0322496 0.478485 0.0319436
0.476469 0.021759 0.472939 0.0213998
0.474058 0.0163262 0.470385 0.0161099
0.472343 0.0195348 0.468605 0.0191504
0.483876 0.018471 0.479973 0.0183683
0.478798 0.0228291 0.475103 0.0225913
0.465442 0.0217411 0.461919 0.0216483
0.461578 0.021495 0.458081 0.0212499
0.47019 0.0190869 0.466594 0.0189465
0.472118 0.0155739 0.468555 0.0153353
0.465178 0.0184334 0.461746 0.0180519
0.467626 0.0232034 0.464108 0.0230817
0.479 0.0153017 0.475622 0.0151441
0.489725 0.0224459 0.485849 0.0222882
0.469621 0.0261482 0.466215 0.0259905
0.475502 0.0159322 0.471724 0.0155809
0.457323 0.0184384 0.454113 0.0183078
0.474599 0.0103024 0.470894 0.0102062
0.471108 0.0270018 0.467579 0.0264542
0.464448 0.0214151 0.460978 0.0211966
0.477627 0.0146188 0.473966 0.0146759
0.466854 0.0174347 0.463196 0.0171649
0.469328 0.0197433 0.465995 0.019402
0.468053 0.0188085 0.464625 0.0187509
0.462671 0.0196713 0.459548 0.0194114
0.463975 0.0259353 0.460673 0.025594
0.471481 0.0152018 0.468156 0.0147651
