0.546976 0.0118824 0.5439 0.0121781
0.539905 0.00836765 0.536692 0.00850517
0.545541 0.0101415 0.542476 0.0101738
0.54524 0.010003 0.542187 0.0100996
0.544328 0.0100289 0.541362 0.0101675
0.544343 0.00919085 0.54137 0.00926389
0.547074 0.0110676 0.544168 0.0111874
0.54925 0.00922168 0.546305 0.00932203
0.548882 0.0111987 0.545893 0.0114555
0.549602 0.00875284 0.546886 0.00880441
0.555141 0.00813117 0.552183 0.00831929
0.547865 0.0168174 0.544893 0.0169279
0.553359 0.0119085 0.550568 0.012151
0.561021 0.0140699 0.558117 0.0139394
0.553399 0.010786 0.550617 0.0111124
0.552991 0.00877823 0.550122 0.00882184
0.555574 0.00951124 0.552608 0.00974235
0.557242 0.0168565 0.554444 0.0170869
0.551226 0.0103455 0.548325 0.0101958
0.551339 0.0140175 0.548855 0.0143287
0.546758 0.0122125 0.543761 0.0123195
0.55607 0.0112182 0.553523 0.0115395
0.55409 0.0128196 0.551101 0.0126591
0.546212 0.0119295 0.543463 0.0120637
0.545069 0.0147796 0.542279 0.0148359
0.559598 0.0148555 0.556939 0.0147793
0.542283 0.0167013 0.539649 0.0167364
0.549603 0.0157501 0.546925 0.0157563
0.544218 0.014371 0.541558 0.0142034
0.551381 0.0121125 0.548888 0.0122122
0.543299 0.0146551 0.540761 0.014788
0.544158 0.0136985 0.541696 0.0137869
0.548753 0.00782676 0.546144 0.00747346
0.540904 0.0103261 0.538222 0.0102434
0.550835 0.00972483 0.548067 0.00969373
0.549714 0.011874 0.547109 0.0118228
0.541137 0.0162156 0.538476 0.0162384
0.548126 0.0105528 0.545436 0.0102509
0.544841 0.014197 0.542533 0.0141135
0.541934 0.0117169 0.539091 0.0114344
0.554167 0.0103111 0.551309 0.0102449
0.54389 0.0123686 0.541163 0.0123901
0.548498 0.0130936 0.54569 0.0133649
0.552644 0.0143132 0.549794 0.0143539
0.550161 0.0127259 0.547264 0.012573
0.547166 0.00948112 0.543912 0.00924428
0.54473 0.0134505 0.541826 0.0134769
0.544801 0.00995006 0.541643 0.0097743
0.544827 0.00705818 0.54169 0.00705966
0.548963 0.0160963 0.545622 0.0156952
0.54465 0.00893637 0.541749 0.00863221
0.54431 0.0103136 0.541565 0.010193
0.544757 0.0101283 0.542342 0.0101352
0.550442 0.0119784 0.547636 0.0115563
0.545231 0.00894532 0.542181 0.00889738
0.544711 0.00890107 0.541878 0.00835623
0.542542 0.0112202 0.540275 0.010989
0.542943 0.0117271 0.540609 0.0106898
0.545776 0.0126135 0.542897 0.0122269
0.538409 0.0108275 0.536147 0.0104968
0.545229 0.0140848 0.542648 0.0141794
0.547146 0.0145646 0.544462 0.0142084
0.543615 0.0135432 0.540699 0.0133859
0.544395 0.0219651 0.541405 0.0214633
0.545449 0.0144054 0.542383 0.0142349
0.546254 0.0125029 0.54326 0.0121443
0.545034 0.0184993 0.542297 0.017894
0.545284 0.0206397 0.542199 0.0201093
0.551635 0.0254426 0.548786 0.025214
0.545724 0.00993308 0.542486 0.00982033
0.551236 0.0214491 0.548897 0.0210577
0.542276 0.0151593 0.539194 0.0146879
0.547269 0.0247998 0.544823 0.0241842
0.561652 0.0148395 0.558882 0.0146549
0.56538 0.022127 0.56278 0.0219383
0.568854 0.01978 0.566019 0.0199617
0.554905 0.0142938 0.552945 0.0144575
0.570461 0.0221121 0.568519 0.0213477
0.576765 0.0295124 0.574867 0.0293058
0.581528 0.0239394 0.579973 0.0235108
