0.577939 0.0309829 0.573243 0.0308672
0.600427 0.0389091 0.595598 0.0387197
0.577323 0.0381891 0.572655 0.0380164
0.583016 0.0213119 0.578315 0.0212067
0.567267 0.0224948 0.562765 0.0222911
0.591442 0.0403584 0.586802 0.0401346
0.571492 0.0176749 0.566968 0.0174869
0.574896 0.0262275 0.57039 0.0259888
0.585358 0.0238191 0.580698 0.0235831
0.570622 0.024271 0.566208 0.0241198
0.5835 0.0137535 0.579024 0.0137348
0.577984 0.0257925 0.573555 0.0256548
0.588101 0.0428841 0.58369 0.0426228
0.57882 0.0200809 0.574504 0.0199072
0.586677 0.0242335 0.582199 0.0241687
0.582918 0.0233218 0.578678 0.0229881
0.58234 0.0212347 0.578048 0.0208887
0.576465 0.0186191 0.572251 0.0184716
0.579625 0.0394068 0.5754 0.0391685
0.569514 0.0199429 0.565355 0.0197855
0.592068 0.0267782 0.587676 0.0264583
0.587118 0.019633 0.583054 0.0194392
0.573718 0.0223375 0.569822 0.0221516
0.579254 0.0166357 0.57533 0.0166847
0.591373 0.0316395 0.587215 0.0312849
0.585774 0.0215893 0.581863 0.0214047
0.574406 0.0199663 0.570277 0.0197475
0.564561 0.0237909 0.560758 0.0235585
0.587972 0.0276719 0.584059 0.0272885
0.574837 0.0254966 0.570837 0.0253093
0.579665 0.0183777 0.575893 0.0180954
0.588314 0.0232605 0.584393 0.0231027
0.569665 0.0185738 0.566139 0.018438
0.57066 0.0196847 0.56692 0.0197521
0.576131 0.0197131 0.572228 0.019501
0.583308 0.0207404 0.57944 0.0206096
0.578401 0.0186804 0.574703 0.0186654
0.592316 0.0259705 0.588169 0.0258042
0.559642 0.013729 0.556071 0.0136985
0.566674 0.0177919 0.562832 0.0178057
0.567244 0.0321348 0.563748 0.031792
0.575093 0.0087335 0.571553 0.00882525
0.578271 0.0197248 0.574781 0.0197754
0.57645 0.0170124 0.572674 0.0167226
0.589474 0.0266751 0.585575 0.0260534
0.558989 0.0144636 0.555599 0.0141963
0.559097 0.0186825 0.55544 0.0183786
0.574964 0.0190142 0.571415 0.0187975
0.584487 0.0232267 0.580882 0.0230759
0.582032 0.0187459 0.578575 0.0184502
0.571208 0.0185835 0.567903 0.0184493
0.573168 0.0223541 0.569606 0.0221632
0.570723 0.0149187 0.567423 0.014801
0.558481 0.0186685 0.555246 0.0184638
0.570215 0.0246024 0.566745 0.0244302
0.556819 0.0135182 0.553793 0.0136009
0.561916 0.017106 0.558611 0.0169403
0.573242 0.0207163 0.569883 0.0203469
0.559837 0.0184868 0.556824 0.0182985
0.562033 0.0200976 0.559215 0.0197917
0.563019 0.012651 0.5599 0.0125792
0.558075 0.0205539 0.554932 0.0205425
0.560463 0.0209092 0.557183 0.0206102
0.564402 0.0211245 0.561422 0.0210723
0.553472 0.019554 0.550481 0.0195692
0.555724 0.0224176 0.552834 0.0222904
0.575652 0.0162108 0.57241 0.0158932
0.565947 0.0159665 0.562963 0.0156465
0.542019 0.021052 0.539471 0.0210479
0.550516 0.0131946 0.547765 0.0130118
0.552345 0.020586 0.549503 0.0204638
0.550934 0.0156604 0.548175 0.0155723
0.545027 0.0221363 0.542273 0.0218901
0.556932 0.0249724 0.554172 0.0249218
0.552968 0.0177319 0.549697 0.0174854
0.548284 0.0178746 0.545489 0.0179436
0.547394 0.0168441 0.544712 0.0167369
0.544868 0.0261357 0.542101 0.025846
0.558829 0.0238204 0.555928 0.0236123
0.55265 0.0227764 0.549963 0.0225011
