0.237118 0.0141378 0.236772 0.0141621
0.233306 0.0147106 0.232977 0.0147592
0.220161 0.00425024 0.219849 0.00429773
0.216172 0.00707402 0.215902 0.00709571
0.208479 0.00522625 0.208236 0.00521511
0.205277 0.00667491 0.205047 0.00668714
0.199502 0.00503151 0.199302 0.00500409
0.19676 0.00758076 0.196558 0.0075952
0.193032 0.0101443 0.192849 0.0101062
0.182937 0.0116844 0.182736 0.0117148
0.177902 0.0127985 0.177701 0.0127942
0.184329 0.0101505 0.184179 0.0101675
0.175027 0.015443 0.174815 0.0155211
0.176951 0.0119932 0.176737 0.0120402
0.171011 0.0189208 0.170826 0.0189893
0.169822 0.0162088 0.16954 0.0162952
0.164574 0.0138472 0.164305 0.0139328
0.16652 0.0192377 0.16627 0.0193394
0.155332 0.0205631 0.155026 0.0206342
0.15716 0.0190817 0.156867 0.0191687
0.152145 0.0202364 0.151855 0.0203211
0.158609 0.018467 0.158386 0.0185723
0.159827 0.0208635 0.159549 0.0209395
0.141125 0.0161062 0.140801 0.016188
0.15252 0.0237065 0.152256 0.0237852
0.158306 0.0215672 0.158044 0.0216441
0.153899 0.0143361 0.153649 0.014413
0.142632 0.0167901 0.142334 0.0168566
0.13461 0.0146111 0.134265 0.014735
0.141493 0.0142149 0.141143 0.0142552
0.138968 0.0143815 0.138632 0.0144628
0.134725 0.0098581 0.134416 0.00991093
0.135649 0.0115835 0.135353 0.0116471
0.134419 0.0164996 0.134073 0.0165652
0.129403 0.00752966 0.129003 0.00754224
0.132314 0.00868294 0.131963 0.0087358
0.129362 0.0083389 0.128972 0.00838211
0.128037 0.00922449 0.127711 0.00928895
0.126657 0.00506421 0.126313 0.0050973
0.124166 0.00654106 0.123769 0.00654366
0.126558 0.010107 0.126216 0.0101129
0.120627 0.00297494 0.120293 0.00298326
0.123027 0.00656977 0.122694 0.00658459
0.118801 0.00223977 0.118447 0.00223984
0.120919 0.00571547 0.120609 0.00574895
0.11972 0.00602533 0.119402 0.00603688
0.122259 0.0100089 0.121901 0.01004
0.12037 0.00681649 0.120034 0.00681408
0.11774 0.00557355 0.117395 0.0055492
0.121905 0.0131157 0.121606 0.01317
0 0 0 0
0 0 0 0
0 0 0 0
0 0 0 0
0 0 0 0
0 0 0 0
0 0 0 0
0 0 0 0
0 0 0 0
0 0 0 0
0 0 0 0
0 0 0 0
0 0 0 0
0 0 0 0
0 0 0 0
0 0 0 0
0 0 0 0
0 0 0 0
0 0 0 0
0 0 0 0
0 0 0 0
0 0 0 0
0 0 0 0
0 0 0 0
0 0 0 0
0 0 0 0
0 0 0 0
0 0 0 0
0 0 0 0
0 0 0 0
