0.23501 0.0147991 0.234698 0.0148416
0.233036 0.0164466 0.232757 0.016474
0.22909 0.0153266 0.228826 0.0153387
0.219437 0.00888782 0.219149 0.0088895
0.222085 0.010474 0.22181 0.0104974
0.212059 0.0100472 0.21179 0.0100142
0.211851 0.00547169 0.211617 0.00545708
0.204589 0.00667929 0.204401 0.0066716
0.202856 0.0106544 0.202632 0.0106289
0.203373 0.0142166 0.203156 0.0141547
0.203792 0.00670036 0.203649 0.00670448
0.192799 0.0198614 0.192591 0.0199291
0.184659 0.0147986 0.18447 0.0148872
0.184301 0.017165 0.18408 0.0172326
0.169074 0.0220146 0.168778 0.0220878
0.180199 0.0144512 0.179998 0.014534
0.183434 0.0154969 0.183161 0.0155557
0.169285 0.0192686 0.169068 0.019292
0.173653 0.0184866 0.17342 0.0185412
0.165198 0.0156061 0.164997 0.0156878
0.166832 0.0187679 0.16665 0.018795
0.150481 0.0202467 0.150193 0.0203804
0.162177 0.0283502 0.161846 0.028366
0.154452 0.0262 0.154132 0.0262632
0.145896 0.0218218 0.145557 0.0219164
0.148873 0.0165192 0.148582 0.0166076
0.151991 0.0157047 0.151723 0.0157816
0.160371 0.016969 0.160122 0.0170114
0.143794 0.0171632 0.143473 0.0172212
0.148513 0.0200005 0.14819 0.0200933
0.146629 0.0172489 0.146313 0.0173481
0.146439 0.0187406 0.146098 0.0188029
0.133373 0.0134835 0.13296 0.0135267
0.149584 0.0188008 0.149266 0.0188383
0.137638 0.0112135 0.1373 0.0112829
0.141988 0.0162603 0.141631 0.0162696
0.132785 0.0109552 0.132418 0.0110673
0.134064 0.0139053 0.133618 0.0139919
0.135482 0.011639 0.135171 0.0116943
0.137675 0.0182385 0.13729 0.0182849
0.13624 0.0114912 0.135859 0.0115679
0.127658 0.00530257 0.127259 0.00532558
0.13265 0.0131493 0.13229 0.0131707
0.133398 0.0139696 0.13299 0.0139236
0.130644 0.0106902 0.130262 0.0107441
0.12848 0.00667534 0.128058 0.00665723
0.126343 0.0075141 0.125995 0.00759923
0.123482 0.00374297 0.123108 0.00375275
0.12664 0.00532985 0.126232 0.00537243
0.128796 0.00808008 0.128374 0.00808716
0.12134 0.00741981 0.12097 0.00740211
0.123522 0.00868972 0.123119 0.00873096
0.118913 0.00714872 0.118551 0.00718223
0.120663 0.00677658 0.120292 0.00679262
0.120379 0.0100658 0.120034 0.0100189
0.11963 0.0069096 0.119277 0.00683835
0.120954 0.0077799 0.120557 0.00773894
0.116648 0.00634169 0.116346 0.00641133
0.124344 0.00837217 0.123982 0.0083375
0.112731 0.00840914 0.11242 0.00837293
0.115658 0.0117673 0.115301 0.011754
0.117771 0.00881049 0.117391 0.00875615
0.111611 0.0111824 0.111371 0.0112224
0.11545 0.00702681 0.115103 0.00702083
0.113598 0.00973663 0.113287 0.00974509
0.109638 0.00774058 0.109342 0.00770662
0.115017 0.00783649 0.114708 0.00783757
0.107261 0.00925106 0.106921 0.00926551
0.11287 0.00991242 0.112568 0.00996178
0.102672 0.0104237 0.10241 0.0104814
0.0993387 0.00897434 0.0990331 0.00905697
0.104939 0.0062179 0.104658 0.00631129
0.0994118 0.00661073 0.0991253 0.00670162
0.101998 0.0085709 0.101681 0.00862909
0.102059 0.0106762 0.101753 0.0107451
0.100892 0.00970107 0.100608 0.00976225
0.0976679 0.00795495 0.0973287 0.00801428
0.0982235 0.0116986 0.0978856 0.011784
0.101616 0.00957212 0.101328 0.00962057
0.0955015 0.0100803 0.0951861 0.0101546
