0.0210393 0.00054502 0.0209969 0.000541603
0.031146 0.00333869 0.0310397 0.0033022
0.0316376 0.00104252 0.0316036 0.00103358
0.0358104 0.00151054 0.0358091 0.00154969
0.0374647 0.00138001 0.0373477 0.00141781
0.0398245 0.00130179 0.0394398 0.00130417
0.0429068 0.00115014 0.0427553 0.00113687
0.0453911 0.00174854 0.045179 0.00164242
0.0485805 0.00179162 0.0485067 0.00184118
0.0521987 0.00374765 0.0520213 0.00359736
0.0535868 0.00256559 0.0536184 0.00271411
0.0566286 0.00308627 0.0565044 0.00376419
0.0605823 0.00501264 0.060419 0.00514082
0.0634002 0.00410402 0.0634753 0.00415224
0.063866 0.00311997 0.0636031 0.00309246
0.0687145 0.00467462 0.0686486 0.00484597
0.0693608 0.00372483 0.0693251 0.00351795
0.0758979 0.00492357 0.0758294 0.0047517
0.0747302 0.00263425 0.0743902 0.00253437
0.0823513 0.00481929 0.0817251 0.00445559
0.0839883 0.00448642 0.0837342 0.00489076
0.0863244 0.00389349 0.0858484 0.00420135
0.0873348 0.0048758 0.0868117 0.00480936
0.0921215 0.00517992 0.0916976 0.00513868
0.0913963 0.00477491 0.0908504 0.00439911
0.0947144 0.00535447 0.0938438 0.00489476
0.097264 0.00755548 0.0970824 0.00736941
0.099723 0.00621069 0.0995087 0.00599616
0.101804 0.00702286 0.102233 0.00685542
0.105657 0.00602806 0.104738 0.00588193
0.107671 0.00716282 0.106823 0.00698429
0.109044 0.00352055 0.108903 0.0034312
0.110475 0.00527727 0.110306 0.00492609
0.111579 0.00734533 0.111223 0.00709077
0.113562 0.00581691 0.113688 0.00626616
0.115186 0.005439 0.114759 0.005204
0.117288 0.00477 0.116172 0.0048789
0.121467 0.00592022 0.121757 0.00680483
0.120771 0.00538448 0.120195 0.00588299
0.125672 0.00557116 0.125058 0.00472715
0.125305 0.00340745 0.124775 0.00364961
0.123892 0.00449702 0.123814 0.00347253
0.127152 0.00504068 0.126585 0.00535703
0.130843 0.00595241 0.129593 0.00621667
0.131781 0.00475055 0.131598 0.00471112
0.135088 0.0040376 0.134799 0.0037593
0.13513 0.00536423 0.13544 0.00564898
0.134834 0.00480367 0.135052 0.00495874
0.138787 0.00706377 0.138107 0.00684268
0.139181 0.00311819 0.140001 0.00240164
0.141678 0.00386246 0.142028 0.00406512
0.142277 0.00492914 0.14202 0.00502153
0.145062 0.00498751 0.145235 0.00442052
0.147514 0.00386921 0.146678 0.00421684
0.146745 0.00373617 0.146609 0.00308367
0.147016 0.00441389 0.146865 0.00485873
0.150722 0.00482538 0.150008 0.00455545
0.149279 0.00293184 0.148775 0.00252231
0.150191 0.00476101 0.150391 0.00572715
0.151473 0.00429011 0.150921 0.00375828
0.154929 0.00363085 0.153462 0.00334597
0.154317 0.00312227 0.154616 0.00275895
0.154332 0.00315331 0.153815 0.00324266
0.156646 0.00413065 0.15672 0.00416295
0.156187 0.00326811 0.155869 0.00351456
0.156937 0.00404359 0.156614 0.00468436
0.159318 0.00465269 0.158838 0.00454045
0.16163 0.00397899 0.160964 0.00358036
0.16166 0.00324967 0.161549 0.00318272
0.161893 0.00479808 0.162271 0.00460502
0.16424 0.00373211 0.164141 0.00369828
0.163397 0.00284696 0.162688 0.00305613
0.16406 0.00302486 0.164863 0.00307799
0.167405 0.0033039 0.166573 0.0032583
0.165598 0.00423849 0.166318 0.0037461
0.167528 0.00333458 0.167256 0.00354298
0.167599 0.00289215 0.1673 0.00269425
0.169635 0.00334896 0.169868 0.00312548
0.169639 0.0030112 0.169541 0.00284661
0.170393 0.00246948 0.170059 0.00327755
0.171599 0.0034513 0.171166 0.00383228
0.173682 0.00257574 0.174066 0.00261135
0.174457 0.00166465 0.174413 0.000959693
0.174467 0.00221129 0.174194 0.00249395
0.174605 0.00297926 0.174893 0.00308162
0.177694 0.00314986 0.176592 0.00235788
0.17888 0.00189682 0.178338 0.00229867
0.179123 0.00291482 0.178385 0.00251267
0.177718 0.00278865 0.177492 0.00198293
0.179691 0.00262315 0.179613 0.00234295
0.179603 0.00219627 0.178981 0.00253368
0.180296 0.0027273 0.180031 0.00245266
0.181841 0.00273019 0.181207 0.00273165
0.182962 0.00262085 0.182252 0.0021028
0.183238 0.00337679 0.182337 0.00311136
0.186932 0.00290703 0.185811 0.00320356
0.18341 0.0032492 0.183583 0.00254012
0.184943 0.00259393 0.184021 0.00246492
0.186163 0.0028448 0.185456 0.00259245
0.187249 0.00325307 0.18665 0.00293034
