1.00053 3.31841e-05 0.999336 4.58431e-06
1.00059 8.58357e-06 0.99933 2.64329e-06
1.0006 1.96891e-05 0.999328 2.60291e-06
1.00061 4.75598e-05 0.999322 6.42191e-06
1.00061 3.20191e-05 0.999324 7.61927e-06
1.00062 5.90878e-05 0.999316 1.68129e-05
1.00065 6.61538e-05 0.999307 2.24983e-05
1.00067 7.56058e-05 0.999291 3.71526e-05
1.00066 6.10028e-05 0.999291 3.30355e-05
1.0007 8.09935e-05 0.999276 4.18267e-05
1.0007 7.54574e-05 0.999288 3.51529e-05
1.00076 0.000126791 0.999274 5.03476e-05
1.0007 6.52233e-05 0.999286 3.51568e-05
1.00076 0.000136971 0.999253 5.88807e-05
1.00081 0.00014734 0.999226 6.80326e-05
1.0008 0.000105742 0.999236 5.49195e-05
1.00087 0.00017154 0.999181 8.76768e-05
1.00087 0.000169331 0.999196 8.17567e-05
1.0008 0.000166532 0.999202 7.82582e-05
1.00075 9.80509e-05 0.999237 4.86835e-05
1.00077 0.00011506 0.999235 6.35308e-05
1.00084 0.000128845 0.999186 7.60605e-05
1.00095 0.000203892 0.999148 9.7564e-05
1.00095 0.000205374 0.999114 8.77406e-05
1.00085 0.000155414 0.999169 5.72647e-05
1.00088 0.000161914 0.999169 8.93435e-05
1.00107 0.000259573 0.999058 0.00011764
1.00114 0.000233259 0.999066 0.000103659
1.00087 0.000174755 0.999139 0.000127914
1.00101 0.000269024 0.999099 0.000164202
1.00113 0.000186763 0.999031 7.77803e-05
1.00102 0.000163147 0.999042 0.000102307
1.00103 0.000228761 0.999112 8.69984e-05
1.00105 0.000254041 0.999032 0.000141099
1.00109 0.000224934 0.999032 0.000106479
1.00133 0.000275119 0.998975 0.000123108
1.00133 0.000188539 0.998958 6.92998e-05
1.00121 0.000376112 0.998978 0.00016151
1.00132 0.000258788 0.998922 0.000108795
1.00132 0.000247616 0.998939 8.15391e-05
1.00122 0.000395613 0.998994 0.000140358
1.00132 0.000247184 0.998943 0.000112975
1.00128 0.000225583 0.998913 7.36566e-05
1.00123 0.000247095 0.998884 5.03739e-05
1.0013 0.000290996 0.998924 0.000110478
1.00124 0.00029533 0.998921 0.000193961
1.00154 0.000159009 0.998829 9.012e-05
1.00117 0.000283346 0.998889 0.000103779
1.00132 0.000312807 0.998931 0.000186248
1.00129 0.000315762 0.998919 0.000163791
1.00157 0.000109776 0.998778 0.000132835
1.00155 0.000223873 0.998756 7.37679e-05
1.00159 0.000231661 0.998811 9.74577e-05
1.00152 0.00027567 0.998865 0.000114697
1.00159 0.000287018 0.998784 0.000168472
1.00173 0.000362843 0.998794 0.000148038
1.0018 0.000341914 0.998719 0.000167853
1.00167 0.000473501 0.998827 0.000190231
1.00159 0.000325879 0.998759 0.000159073
1.0019 0.000425684 0.998721 0.000164791
1.00174 0.000278234 0.998781 0.000182001
1.00167 0.000285299 0.998763 0.000141358
1.00178 0.000216779 0.998695 0.000126771
1.00186 0.000471444 0.998736 0.00013422
1.00189 0.000386576 0.99865 0.000128438
1.00206 0.000532463 0.998662 0.000272667
1.00191 0.000367643 0.998736 0.000149591
1.002 0.000389242 0.998665 0.000137315
1.00174 0.000251555 0.998795 0.000140289
1.00213 0.000438748 0.998655 0.000115178
1.00244 0.000493865 0.998601 0.000136291
1.00182 0.000488547 0.998747 0.000187252
1.00207 0.000531443 0.998665 0.000149243
1.00237 0.000394972 0.998667 9.35881e-05
1.00219 0.000550343 0.998597 0.000157384
1.0021 0.00039134 0.998731 0.000162059
1.00231 0.000514 0.998692 0.000150084
1.00255 0.000428999 0.998554 0.000135162
1.00207 0.000505109 0.998749 0.000120755
1.00203 0.000506481 0.998712 0.000189453
