0.954744 0.000298548 0.945452 0.000300385
0.954972 0.0028822 0.945899 0.00306302
0.95317 0.00182626 0.944014 0.00187961
0.948989 0.0073732 0.940085 0.00717989
0.950876 0.00462163 0.941807 0.00448551
0.949102 0.00693344 0.940024 0.00666476
0.946117 0.00758326 0.93718 0.00735351
0.944472 0.00773254 0.935554 0.00749822
0.943942 0.00710169 0.934936 0.00700212
0.945214 0.0075626 0.936403 0.0073727
0.94732 0.00685769 0.938256 0.0067189
0.938962 0.00646257 0.929998 0.00635235
0.941942 0.00669797 0.932946 0.00647089
0.940698 0.00880595 0.931691 0.00865392
0.936366 0.00626009 0.927425 0.00622525
0.938016 0.00765976 0.929126 0.00753922
0.938756 0.00705805 0.929855 0.00696833
0.941325 0.00664386 0.932165 0.00663634
0.935828 0.00443439 0.926906 0.00437826
0.935727 0.00574085 0.926738 0.00576456
0.938835 0.00708458 0.929908 0.00707073
0.93228 0.00281169 0.92329 0.00305278
0.934161 0.00208044 0.925199 0.00222903
0.932079 0.00479665 0.922994 0.00485606
0.931348 0.00391166 0.922099 0.00426634
0.933883 0.00696169 0.92469 0.00719101
0.934642 0.00786012 0.925359 0.00822954
0.930916 0.0041169 0.921573 0.00417941
0.928566 0.00981104 0.918807 0.0104408
0.92997 0.0100879 0.920247 0.0109207
0.928553 0.0157975 0.918876 0.0166245
0.924615 0.0126631 0.914495 0.01379
0.929928 0.0148689 0.920268 0.0160533
0.925862 0.00914818 0.91622 0.00964419
0.927482 0.0146487 0.917058 0.0157054
0.92836 0.0101763 0.918766 0.0105932
0.919461 0.0122109 0.909733 0.0133718
0.922051 0.0130616 0.912022 0.013637
0.916388 0.0135441 0.906405 0.0145079
0.918132 0.0177508 0.907708 0.0190429
0.907365 0.0153375 0.895942 0.0166726
0.917552 0.0153257 0.90706 0.0164364
0.91318 0.014097 0.902342 0.0151062
0.905227 0.0120814 0.894131 0.0132214
0.907135 0.0134925 0.89608 0.0139111
0.910547 0.00963301 0.89967 0.0105727
0.898456 0.00651523 0.886099 0.00661942
0.904281 0.011407 0.892289 0.0123045
0.911056 0.0133891 0.899887 0.0145803
0.901191 0.0132897 0.889247 0.0149634
0.906547 0.0168231 0.89478 0.0184459
0.89999 0.0154571 0.887963 0.016961
0.902375 0.0177578 0.890992 0.0187948
0.899098 0.0102783 0.886439 0.0111697
0.895763 0.0156823 0.883056 0.0163287
0.891647 0.00858954 0.878928 0.0084414
0.902671 0.0117768 0.890846 0.0132013
0.893655 0.012816 0.881366 0.0133621
0.892454 0.00830354 0.879739 0.0086186
0.901123 0.0144621 0.889077 0.0145699
0.891897 0.00656122 0.878501 0.00605152
0.894929 0.0104956 0.881969 0.0105946
0.892298 0.00841392 0.879131 0.00801819
0.890662 0.00876083 0.878512 0.00876582
0.893348 0.0102481 0.880699 0.010307
0.889737 0.00945181 0.877127 0.00913026
0.898991 0.0145891 0.886001 0.015119
0.890799 0.0144143 0.878461 0.0148674
0.893209 0.0144036 0.880802 0.0131834
0.886415 0.00594984 0.874447 0.00580794
0.890473 0.00918377 0.877147 0.0088205
0.88554 0.0106657 0.873801 0.00933012
0.891762 0.00928757 0.877791 0.00817142
0.88395 0.00821144 0.87213 0.00704338
0.890434 0.00997351 0.877974 0.00826446
0.886997 0.0111723 0.874667 0.0104988
0.887728 0.0103889 0.875086 0.00925498
0.889022 0.0119958 0.876996 0.0107504
0.889912 0.0101042 0.877758 0.00926842
0.887434 0.00818951 0.874685 0.00764737
