0.806273 1.87104e-05 0.792801 1.58485e-05
0.806267 1.21803e-05 0.792803 1.37485e-05
0.806267 1.51704e-05 0.792802 1.51909e-05
0.806262 1.42014e-05 0.792804 1.60217e-05
0.806271 1.74954e-05 0.792795 1.50285e-05
0.80627 1.73104e-05 0.792795 1.48159e-05
0.806254 1.16095e-05 0.792808 1.20017e-05
0.806271 1.76894e-05 0.792787 1.4612e-05
0.806256 1.21496e-05 0.792801 1.50271e-05
0.806252 1.12828e-05 0.792799 8.44074e-06
0.806242 1.4493e-05 0.792799 1.76548e-05
0.806256 1.81601e-05 0.792797 1.36128e-05
0.806247 1.37169e-05 0.792794 1.29549e-05
0.806242 1.98139e-05 0.792791 2.452e-05
0.806247 2.23445e-05 0.792784 1.54196e-05
0.806247 2.5263e-05 0.792794 1.91439e-05
0.80624 2.04319e-05 0.79279 1.53442e-05
0.80623 1.83805e-05 0.792774 2.69627e-05
0.80623 2.80293e-05 0.792772 1.94073e-05
0.806233 2.79245e-05 0.792774 1.0316e-05
0.806215 2.42335e-05 0.792783 2.1669e-05
0.806227 2.83141e-05 0.792772 2.5528e-05
0.806223 2.82689e-05 0.792771 2.33689e-05
0.806226 2.74533e-05 0.792786 2.25831e-05
0.806213 2.8668e-05 0.792763 3.63659e-05
0.806194 3.40072e-05 0.792751 3.41786e-05
0.806221 4.81621e-05 0.792759 3.56021e-05
0.806196 3.14789e-05 0.792759 1.86803e-05
0.806194 4.39639e-05 0.792754 3.6233e-05
0.806213 7.4846e-05 0.792755 4.65251e-05
0.806149 5.53523e-05 0.792721 4.60335e-05
0.806177 5.28751e-05 0.792738 4.27077e-05
0.806192 5.05498e-05 0.79274 3.93861e-05
0.80616 4.83935e-05 0.792704 3.73644e-05
0.806156 5.47143e-05 0.79273 4.90231e-05
0.806138 5.68348e-05 0.792719 4.76255e-05
0.806147 8.75108e-05 0.792724 6.92547e-05
0.806153 8.19558e-05 0.792723 6.00982e-05
0.806134 7.79607e-05 0.792702 6.19773e-05
0.806142 7.11043e-05 0.792705 5.38944e-05
0.806152 6.31199e-05 0.792706 6.18963e-05
0.806063 6.87753e-05 0.79265 4.42499e-05
0.806144 7.7114e-05 0.792699 4.92553e-05
0.80606 0.000103591 0.792662 8.69112e-05
0.806148 7.30156e-05 0.792702 6.47828e-05
0.806109 9.18471e-05 0.79269 6.96469e-05
0.806065 9.43729e-05 0.792648 8.31258e-05
0.806101 8.7409e-05 0.792674 8.61009e-05
0.806106 8.55928e-05 0.792666 7.73983e-05
0.806075 0.000164581 0.792658 0.000121692
0.806052 7.65304e-05 0.792626 6.53124e-05
0.806131 8.16569e-05 0.792698 8.33766e-05
0.806023 0.000117754 0.792628 8.71128e-05
0.806028 0.000109425 0.792619 8.66201e-05
0.806069 0.000108143 0.79265 7.53319e-05
0.806038 0.00013367 0.792609 0.000109064
0.806086 0.000122585 0.792651 9.64477e-05
0.805972 0.000159947 0.79259 0.000129066
0.806065 0.000165698 0.792659 0.000130947
0.805976 0.00013586 0.792568 0.000100337
0.806051 0.000135623 0.792635 0.000111157
0.80595 0.000157048 0.792567 0.000124178
0.806029 0.000164518 0.7926 0.000122811
0.806001 0.000179511 0.7926 0.000143128
0.806057 0.000178004 0.792632 0.000132217
0.805951 0.000162834 0.792555 0.000115926
0.805914 0.000170449 0.792539 0.000131299
0.805932 0.000191786 0.792541 0.000139118
0.805873 0.000149664 0.792513 0.000121785
0.805941 0.000104268 0.792566 8.08115e-05
0.805892 0.000190322 0.792521 0.000152032
0.805829 0.000129223 0.792476 0.000106181
0.80593 0.000241423 0.792545 0.000192966
0.805785 0.000217866 0.792428 0.000180211
0.805912 0.000203302 0.792536 0.000155726
0.805878 0.000177642 0.792493 0.00013992
0.805826 0.000204377 0.792457 0.000154619
0.805849 0.000264723 0.792484 0.00020045
0.805747 0.000225905 0.792387 0.00016787
0.805846 0.000232997 0.792484 0.000172502
