0.806271 1.22474e-05 0.792793 1.09567e-05
0.806267 8.9965e-06 0.792795 9.69592e-06
0.806262 9.09787e-06 0.792801 8.58195e-06
0.806268 9.91474e-06 0.792792 1.05712e-05
0.806265 5.4751e-06 0.792792 6.07026e-06
0.806258 8.31821e-06 0.792797 1.15283e-05
0.806266 2.61146e-05 0.792787 1.9087e-05
0.806264 9.19879e-06 0.792786 9.29849e-06
0.806255 7.8452e-06 0.79279 1.03814e-05
0.806256 1.36491e-05 0.792793 1.09618e-05
0.806256 1.35982e-05 0.792784 1.97231e-05
0.806248 1.77703e-05 0.792789 9.52609e-06
0.806258 1.45755e-05 0.792776 1.05346e-05
0.806252 1.67919e-05 0.792785 1.35049e-05
0.806249 1.68158e-05 0.792778 1.20861e-05
0.806237 1.43408e-05 0.792772 1.89254e-05
0.806234 2.25468e-05 0.792778 1.72583e-05
0.80624 1.97399e-05 0.79277 1.71906e-05
0.806236 2.44102e-05 0.792786 1.73604e-05
0.806229 1.71542e-05 0.792769 2.38232e-05
0.806231 2.55049e-05 0.792774 1.54305e-05
0.806221 1.99066e-05 0.792769 2e-05
0.806218 2.69532e-05 0.792767 2.46705e-05
0.806212 3.76042e-05 0.79275 1.57226e-05
0.806244 2.28879e-05 0.792769 1.92474e-05
0.806197 2.29281e-05 0.792758 2.45333e-05
0.806205 4.47083e-05 0.792745 3.38471e-05
0.806199 3.9395e-05 0.792748 3.45133e-05
0.806173 4.40345e-05 0.792731 3.01416e-05
0.8062 2.3343e-05 0.792748 2.96184e-05
0.806213 4.47344e-05 0.792759 3.75041e-05
0.806157 6.9043e-05 0.792717 5.09153e-05
0.806168 6.31718e-05 0.792721 5.11713e-05
0.806176 5.71904e-05 0.792721 4.19301e-05
0.806119 7.64246e-05 0.792689 6.78275e-05
0.806128 6.30643e-05 0.792696 5.41436e-05
0.806109 4.95574e-05 0.792676 3.11093e-05
0.806162 4.70832e-05 0.792715 3.65142e-05
0.806139 5.41642e-05 0.792705 3.89855e-05
0.806106 8.38415e-05 0.792682 6.12612e-05
0.806124 8.58236e-05 0.792691 6.76856e-05
0.806126 0.000103337 0.792704 8.24079e-05
0.806164 3.96224e-05 0.792713 3.60549e-05
0.806112 8.3877e-05 0.792678 6.6519e-05
0.806108 8.72892e-05 0.792668 6.87773e-05
0.806069 0.000141624 0.79264 0.000100035
0.806079 8.30421e-05 0.792654 6.34619e-05
0.806033 0.000115316 0.792608 0.000106994
0.806019 0.000114339 0.79261 9.01592e-05
0.806081 0.00010843 0.79265 9.11364e-05
0.806067 0.000160734 0.792643 0.000111296
0.806026 0.000138855 0.792616 0.000112832
0.806083 0.000123294 0.792651 9.44128e-05
0.805921 0.000165021 0.792541 0.000122745
0.806036 0.000178959 0.792629 0.000129619
0.805943 0.000122171 0.792546 9.15086e-05
0.805999 0.000150688 0.792592 0.000107054
0.805977 0.000185848 0.792573 0.000143858
0.806052 0.000158158 0.792628 0.000114096
0.80616 9.24198e-05 0.792731 8.14965e-05
0.806009 0.000143704 0.792606 0.000110712
0.805963 0.000210859 0.792561 0.000155758
0.805987 0.000102054 0.792585 8.55955e-05
0.806032 0.000166919 0.792611 0.000127475
0.805914 0.000165773 0.79252 0.000119641
0.805989 0.000168838 0.792583 0.000129169
0.805986 0.000172944 0.792577 0.000128278
0.805901 0.000176412 0.792516 0.000132618
0.805953 0.000154519 0.792555 0.000118179
0.805887 0.000128315 0.792513 0.000103425
0.8059 0.000158107 0.792523 0.000121568
0.805918 0.000212275 0.792532 0.000163435
0.805897 0.000249189 0.79252 0.000190772
0.805735 0.000266343 0.792381 0.000205596
0.805908 0.000133054 0.792516 9.86681e-05
0.805925 0.000159895 0.792537 0.000124831
0.805935 0.000152883 0.792539 0.000124846
0.805819 0.000292645 0.792452 0.000221484
0.805927 0.000223773 0.792535 0.000182661
0.805845 0.000197251 0.79247 0.000150274
