0.954682 0.000611432 0.94552 0.000725285
0.954545 0.00139117 0.945473 0.00152648
0.953507 0.00263878 0.944393 0.00247706
0.950275 0.00407675 0.941065 0.00407252
0.951552 0.00323302 0.942385 0.00314239
0.949121 0.00697455 0.94002 0.00671567
0.949114 0.00611861 0.93991 0.00592842
0.941693 0.00678788 0.932693 0.00662033
0.942541 0.00712073 0.933302 0.0070627
0.944291 0.00868092 0.93501 0.00863188
0.939739 0.00821608 0.93067 0.00802804
0.941482 0.00653857 0.932243 0.00648706
0.939166 0.00834588 0.929897 0.00822597
0.939033 0.00713354 0.929571 0.0070616
0.937222 0.00490516 0.927783 0.00492821
0.937199 0.00578331 0.927691 0.0056145
0.939938 0.00709066 0.930614 0.00702505
0.937181 0.00598593 0.92779 0.00597431
0.93481 0.00439691 0.925341 0.00428123
0.936857 0.0047421 0.927343 0.00479762
0.931946 0.00722023 0.922293 0.00734273
0.933224 0.0033699 0.923629 0.00339627
0.931726 0.0063953 0.921942 0.00672093
0.935066 0.00397582 0.925338 0.0040253
0.927226 0.00750642 0.91732 0.0079033
0.925506 0.00976146 0.915543 0.0103653
0.925509 0.00881009 0.915599 0.00911386
0.922991 0.0114068 0.912992 0.0120815
0.9315 0.00559522 0.921621 0.0055993
0.917779 0.0123445 0.907524 0.0132191
0.920252 0.0133533 0.910135 0.0137784
0.918955 0.0118313 0.908983 0.0122112
0.919585 0.0122055 0.909469 0.0128158
0.920415 0.0153418 0.910177 0.0158764
0.903151 0.017489 0.891504 0.0185935
0.911808 0.0166639 0.90076 0.0175989
0.905548 0.0139196 0.893919 0.0148444
0.911845 0.0148312 0.900947 0.015814
0.900029 0.0127702 0.888331 0.0136113
0.904713 0.012661 0.893202 0.0136925
0.902921 0.0128199 0.891069 0.0136441
0.896917 0.0120371 0.884764 0.0124393
0.901772 0.0112505 0.889479 0.0119578
0.899187 0.00808827 0.886876 0.00878279
0.897904 0.00895353 0.884881 0.00964719
0.893401 0.00547771 0.880267 0.00559986
0.892048 0.00913679 0.878851 0.00854128
0.888996 0.00585717 0.87547 0.00532783
0.891794 0.0100846 0.878657 0.00995398
0.892851 0.0136246 0.879941 0.0130729
0.888693 0.0117415 0.875589 0.0106259
0.887746 0.0079456 0.874357 0.00748774
0.888733 0.0077507 0.874822 0.00716796
0.889053 0.00917987 0.875469 0.00802486
0.884781 0.00905084 0.871561 0.00803953
0.886249 0.00947039 0.872831 0.0081122
0.888747 0.00937678 0.875123 0.00824202
0.879687 0.00978059 0.867058 0.00846127
0.881609 0.00720516 0.868367 0.00632878
0.878707 0.00988332 0.866213 0.00842345
0.87927 0.00796136 0.866517 0.00630065
0.874296 0.00835923 0.862348 0.00699698
0.875592 0.00772177 0.863474 0.00641053
0.873979 0.00737519 0.861904 0.00632169
0.869971 0.00578688 0.858527 0.00472254
0.871443 0.00497056 0.859848 0.00411499
0.871606 0.00667034 0.860208 0.00552821
0.870261 0.00640285 0.858735 0.00537527
0.869173 0.00736556 0.857762 0.00596439
0.868252 0.00532643 0.856492 0.00459386
0.8679 0.00498469 0.856539 0.00466537
0.868337 0.00554953 0.856623 0.00437553
0.866186 0.00356495 0.854714 0.00319589
0.86765 0.00408047 0.856154 0.00317152
0.866068 0.00650629 0.854179 0.00586004
0.865524 0.00256265 0.85392 0.00212938
0.863516 0.00420919 0.852131 0.00394139
0.866055 0.00470775 0.854159 0.00425801
0.863677 0.00421831 0.851832 0.00391317
0.864394 0.00505138 0.852138 0.00468793
