0.804178 0.000458939 0.790286 0.000204904
0.803953 7.1109e-05 0.790126 5.25251e-05
0.803876 0.000163044 0.790031 0.000158869
0.803856 0.00024007 0.790001 0.000228609
0.803715 0.000411173 0.789839 0.000392892
0.803622 0.000340984 0.789731 0.000333933
0.803688 0.000479675 0.789786 0.000473232
0.803541 0.00050989 0.789622 0.000520299
0.803152 0.000502425 0.789202 0.00050349
0.803413 0.000471486 0.789479 0.000475804
0.802786 0.0001187 0.788823 8.83204e-05
0.803361 0.000414071 0.789356 0.000436519
0.803092 0.000460706 0.789096 0.000488776
0.803228 0.000497656 0.789174 0.000527496
0.803009 0.000374558 0.788969 0.000394653
0.802975 0.00038083 0.788865 0.000399207
0.803063 0.0004386 0.788918 0.00050137
0.802962 0.000439477 0.788828 0.000482895
0.802855 0.00033648 0.788679 0.000357417
0.802804 0.000160348 0.788536 0.000158656
0.802842 0.000289981 0.788587 0.00029376
0.802743 0.000159783 0.788406 0.000122564
0.802845 0.000270852 0.788449 0.00032871
0.802816 0.000195203 0.788469 0.000277586
0.802841 0.000117613 0.788425 0.000105592
0.802757 0.00022137 0.788272 0.00022063
0.802741 0.000129024 0.788283 0.000129041
0.802758 0.000156164 0.788285 0.000134653
0.802659 0.000261646 0.788168 0.000223596
0.802621 0.000317121 0.788087 0.000234861
0.802709 0.00023856 0.788169 0.000223089
0.802708 0.000200349 0.788092 0.000151708
0.802714 0.000192981 0.788078 0.00011203
0.802622 0.000445336 0.787997 0.000307123
0.802408 0.000361647 0.78789 0.000268117
0.802604 0.000321165 0.78795 0.00018281
0.802473 0.000311669 0.787884 0.000179001
0.802723 0.000358174 0.788056 0.000196018
0.802266 0.000358127 0.787822 0.000242474
0.802401 0.000372915 0.787787 0.000215337
0.802383 0.000378069 0.787747 0.000249438
0.802321 0.000335857 0.787756 0.000190036
0.802166 0.000522962 0.787577 0.000390719
0.802007 0.000428531 0.787456 0.000280978
0.802189 0.00048282 0.787572 0.000402432
0.801996 0.000340227 0.787461 0.000190259
0.801752 0.000383981 0.78735 0.000350486
0.802115 0.000636358 0.787539 0.000418515
0.801677 0.000331223 0.78717 0.00027073
0.801325 0.000559407 0.786734 0.000525688
0.801501 0.000269767 0.786886 0.000225377
0.801597 0.000560408 0.787008 0.000647583
0.801604 0.000508829 0.787046 0.000486194
0.801462 0.000349556 0.786801 0.000360306
0.801565 0.000357424 0.786961 0.000412325
0.801216 0.000526746 0.786478 0.00061906
0.801119 0.000797838 0.786289 0.000966909
0.801028 0.00055996 0.786179 0.000671433
0.801293 0.00030189 0.786527 0.00042641
0.800869 0.000478131 0.785873 0.000649861
0.801121 0.000694886 0.786386 0.000796064
0.80065 0.000544719 0.785473 0.000615227
0.800992 0.000825975 0.786061 0.00103433
0.800857 0.00074584 0.785816 0.0010212
0.800343 0.00076605 0.785079 0.000947309
0.800593 0.000736852 0.785254 0.00104483
0.800706 0.000503521 0.785393 0.000787992
0.800309 0.000855663 0.785035 0.000830964
0.800261 0.00087472 0.78466 0.00106961
0.800446 0.000751459 0.785139 0.000864686
0.800102 0.00124296 0.784501 0.00149682
0.800014 0.000922307 0.784307 0.00121642
0.799828 0.00104285 0.784299 0.00113418
0.800124 0.000632964 0.784437 0.000748655
0.799884 0.000908198 0.783929 0.00110816
0.799732 0.00108785 0.783827 0.0013406
0.79991 0.000705269 0.783818 0.00111139
0.799725 0.000787737 0.783866 0.00122418
0.79961 0.00102511 0.783616 0.00126632
0.799865 0.000521893 0.783893 0.000625919
