1.18985;1.16709
1.20476;1.21475
1.22141;1.1772
1.23957;1.23093
1.25829;1.2227
1.27593;1.38113
1.29025;1.30609
1.29817;1.30212
1.29592;1.28979
1.28;1.32296
1.24925;1.25197
1.20579;1.19415
1.15378;1.2511
1.0974;1.15294
1.0398;1.10731
0.98297;1.03232
0.927917;0.957516
0.874955;0.859338
0.823995;0.849735
0.774802;0.840014
0.727204;0.728991
0.681203;0.721255
0.637001;0.688007
0.594969;0.635607
0.555631;0.609455
0.519702;0.590713
0.488212;0.558972
0.462681;0.533755
0.445327;0.514684
0.439203;0.498005
0.447976;0.49031
0.474884;0.513302
0.520804;0.529158
0.582643;0.549476
0.653806;0.618042
0.726637;0.67728
0.794787;0.711874
0.854186;0.80226
0.902856;0.843841
0.940314;0.93591
0.967002;0.912659
0.98389;0.992971
0.992233;0.980737
0.993464;0.984057
0.989185;0.95491
0.981233;0.968289
0.971785;0.964193
0.963466;0.97079
0.959328;1.01449
0.962525;0.986187
0.975597;0.958092
0.999498;0.926174
1.03261;1.02542
1.07013;1.03813
1.10493;1.06053
1.13053;1.09774
1.14407;1.12454
1.14664;1.12645
1.14145;1.13787
1.13221;1.14599
1.12213;1.1288
1.11367;1.12141
1.10837;1.08679
1.10685;1.0931
1.10873;1.0895
1.11267;1.11317
1.11645;1.10498
1.11704;1.07378
1.11079;1.10952
1.09416;1.10899
1.06542;1.01242
1.02619;1.06394
0.980788;1.01947
0.933979;1.0518
0.889498;0.908276
0.849718;0.845634
0.815823;0.84409
0.788015;0.802739
0.765689;0.772064
0.747646;0.757424
0.732391;0.713107
0.718493;0.720649
0.704936;0.726381
0.691389;0.687032
0.678379;0.702817
0.667415;0.679966
0.661114;0.673761
0.663166;0.664636
0.677617;0.682034
0.707044;0.674791
0.750493;0.722162
0.803336;0.749821
0.859567;0.812463
0.914307;0.851685
0.964739;0.916123
1.00976;0.968276
1.04928;0.985476
1.08361;0.997947
1.11317;1.0735
1.13829;1.13212
1.15926;1.16006
1.17635;1.16287
1.19002;1.13634
1.20103;1.21992
1.21061;1.2487
1.22055;1.21207
1.23276;1.1654
1.2484;1.22255
1.26632;1.30536
1.28214;1.29169
1.28936;1.32936
1.28255;1.32864
1.26001;1.33089
1.22356;1.3111
1.17677;1.30072
1.12336;1.14888
1.06648;1.17155
1.00856;1.07702
0.951343;1.03904
0.896036;0.930367
0.843376;0.852199
0.793693;0.824165
0.746925;0.753553
0.702663;0.736725
0.660324;0.72226
0.619475;0.682008
0.580193;0.632002
0.543189;0.59292
0.509668;0.565071
0.481178;0.538818
0.459678;0.530408
0.44775;0.516932
0.44874;0.512763
0.46633;0.50228
0.503047;0.540839
0.558029;0.548873
0.62598;0.581364
0.698947;0.645045
0.769503;0.703912
0.832653;0.753905
0.885887;0.814564
0.928397;0.87593
0.960316;0.90438
0.982276;0.924524
0.995231;0.94883
1.0004;1.00204
0.99924;0.974865
0.993454;0.94523
0.98503;0.97466
0.976345;0.98939
0.970235;0.965339
0.969871;0.944155
0.978246;0.965859
0.997224;0.975079
1.02642;1.02892
1.06231;0.978544
1.09841;1.07957
1.12751;1.08457
1.14503;1.13876
1.1505;1.19465
1.1464;1.14682
1.13638;1.09399
1.12398;1.09473
1.11208;1.05802
1.10271;1.04346
1.097;1.07447
1.09507;1.07777
1.09609;1.07262
1.09825;1.10829
1.0988;1.04814
1.09425;1.10057
1.08089;1.07468
1.05614;1.03406
1.02036;1.07535
0.977018;0.960997
0.930838;0.996119
0.885965;0.894088
0.845289;0.872489
0.810507;0.825529
0.782302;0.814127
0.760474;0.781616
0.74409;0.758241
0.731718;0.743528
0.721766;0.722872
0.71286;0.722809
0.704203;0.706127
0.695843;0.697805
0.688859;0.709684
0.685514;0.673204
0.689234;0.682986
0.70401;0.715625
0.73269;0.684763
0.774813;0.746359
0.826139;0.742544
0.88076;0.812649
0.933751;0.860226
0.982286;0.938454
1.02536;0.971649
1.06304;1.01174
1.09586;1.04876
1.12439;1.13734
1.14914;1.10846
1.17045;1.08934
1.18862;1.16801
1.20398;1.1657
1.21713;1.17008
1.22902;1.20714
1.24104;1.24201
1.25471;1.35936
1.27061;1.22909
1.28699;1.31815
1.29894;1.34257
1.30014;1.29968
1.28633;1.36705
1.2572;1.32898
1.21545;1.26122
1.1648;1.24203
1.10876;1.15107
1.0501;1.14216
0.990905;0.988912
0.932646;0.959813
0.876329;0.943071
0.822579;0.879832
0.771685;0.787339
0.723637;0.760814
0.678167;0.722354
0.634899;0.66813
0.593619;0.61723
0.554549;0.610828
0.518437;0.571919
0.486455;0.559448
0.460146;0.544614
0.441561;0.513185
0.433495;0.494017
0.439531;0.499494
0.46335;0.509079
0.506861;0.517849
0.567877;0.533
0.63973;0.583307
0.713885;0.676722
0.783214;0.720247
0.84342;0.74303
0.892673;0.872357
0.930693;0.879126
0.958004;0.957836
0.975536;0.957759
0.98446;0.966247
0.986149;0.964187
0.982164;0.930924
0.974289;0.953094
0.964611;0.97439
0.955636;0.950486
0.950341;0.925518
0.951965;0.94166
0.963353;0.955679
0.985886;0.974303
1.01837;1.00296
1.05635;1.02195
1.09287;1.04101
1.12131;1.15667
1.13834;1.14718
1.14449;1.1419
1.14261;1.17027
1.13623;1.16548
1.12859;1.14556
1.12218;1.07787
1.11863;1.09743
1.11865;1.06374
1.122;1.12201
1.12751;1.09653
1.13315;1.10945
1.13611;1.20515
1.1328;1.12442
1.11943;1.12582
1.09362;1.14251
1.05626;1.03259
1.01133;1.01817
0.963747;1.00518
0.917492;0.894488
0.875161;0.865161
0.838096;0.828965
0.806618;0.833022
0.780239;0.770032
0.757885;0.744874
0.738186;0.762412
0.719816;0.741595
0.701813;0.691014
0.683823;0.699611
0.666238;0.675655
0.65031;0.664863
0.638279;0.671594
0.633478;0.646409
0.639995;0.640667
0.661363;0.629326
0.698436;0.664748
0.748158;0.704968
0.804803;0.719837
0.862625;0.775688
0.917601;0.829325
0.967637;0.886875
1.01198;0.934782
1.05059;1.02966
1.08367;1.01258
1.11147;1.07802
1.13424;1.06249
1.15225;1.08672
1.16593;1.14093
1.17601;1.17903
1.18368;1.20213
1.19074;1.17447
1.19943;1.21244
1.21187;1.23659
1.22889;1.16171
1.24863;1.23736
1.26596;1.2713
1.27407;1.32624
1.26775;1.28911
1.24566;1.37304
1.2099;1.20016
1.16415;1.21709
1.1122;1.07931
1.05723;1.09308
1.00166;1.01741
0.94725;1.01689
0.895137;0.915582
0.845965;0.857687
0.799881;0.817462
0.756552;0.751574
0.715244;0.756902
0.675107;0.741876
0.635639;0.671188
0.597072;0.646698
0.56039;0.596506
0.527071;0.589866
0.49889;0.544859
0.477985;0.518999
0.467065;0.52966
0.469459;0.526871
0.488547;0.514924
0.526225;0.548552
0.58099;0.572825
0.647458;0.619373
0.718287;0.670635
0.786875;0.717625
0.84879;0.756925
0.901696;0.828029
0.944669;0.910889
0.977587;0.972752
1.00082;0.979397
1.01513;0.940475
1.02163;0.983097
1.02175;0.996886
1.01722;0.99712
1.01009;1.03985
1.00281;0.967954
0.998255;1.00407
0.999518;0.982062
1.00937;1.00434
1.02932;1.0042
1.05853;0.998026
1.09299;1.05506
1.12588;1.10595
1.15001;1.10465
1.16122;1.20047
1.15958;1.17824
1.14805;1.19189
1.13057;1.1674
1.11083;1.16388
1.09177;1.08011
1.07547;1.07768
1.06304;1.06415
1.05465;1.03512
1.04941;1.06985
1.04536;0.987375
1.0396;1.02946
1.02863;1.05216
1.00917;0.962186
0.979656;0.973659
0.941406;0.980834
0.898159;0.95434
0.854279;0.883948
0.813442;0.835848
0.778288;0.791364
0.7505;0.772059
0.730871;0.738721
0.719302;0.707255
0.714843;0.696024
0.715911;0.72161
0.720656;0.715731
0.727432;0.697934
0.735229;0.722491
0.744047;0.695442
0.755132;0.7101
0.770968;0.740805
0.794695;0.726346
0.828519;0.793166
0.87173;0.837839
0.920341;0.862566
0.969179;0.937838
1.0143;0.988199
1.05387;1.01319
1.08777;1.02664
1.11683;1.0756
1.14222;1.05816
1.16502;1.1247
1.18601;1.12523
1.2057;1.19636
1.22432;1.2219
1.242;1.16165
1.25889;1.20343
1.27518;1.30912
1.29091;1.28053
1.3054;1.31325
1.31615;1.39169
1.31845;1.35177
1.30733;1.30447
1.28077;1.33919
1.24059;1.20868
1.19059;1.27948
1.13459;1.20943
1.07556;1.03733
1.01554;1.09472
0.955882;0.990004
0.897465;0.975877
0.84088;0.816293
0.786524;0.778696
0.734647;0.77722
0.685387;0.744615
0.638796;0.668281
0.594906;0.62989
0.553854;0.611239
0.516038;0.575281
0.482234;0.534309
0.453648;0.530336
0.432013;0.497398
0.41978;0.488167
0.42025;0.491604
0.437239;0.495936
0.473697;0.500584
0.529357;0.537904
0.599175;0.560585
0.674725;0.613099
0.747671;0.672568
0.812252;0.769626
0.865632;0.807616
0.907086;0.87326
0.937076;0.889169
0.95664;0.91967
0.967069;0.917582
0.969789;0.924928
0.96635;0.972236
0.958466;0.905122
0.948095;0.952886
0.937568;0.929634
0.929683;0.887219
0.927638;0.911076
0.934578;0.907982
0.952674;0.900267
0.981992;0.932885
1.01955;0.918844
1.05934;1.00692
1.09428;1.06177
1.11951;1.03623
1.13405;1.133
1.13987;1.17692
1.14021;1.10366
1.1383;1.1253
1.13678;1.19388
1.13745;1.14225
1.14122;1.13426
1.14808;1.15181
1.15717;1.16273
1.1669;1.15201
1.17502;1.13905
1.17855;1.18833
1.17372;1.17133
1.15686;1.2357
1.12656;1.12856
1.0852;1.06204
1.03758;1.06609
0.988432;1.0325
0.941128;0.994919
0.897562;0.949718
0.858437;0.883618
0.823568;0.828217
0.79216;0.802052
0.763117;0.776722
0.735353;0.746971
0.708071;0.741254
0.680945;0.702473
0.654184;0.668637
0.628556;0.667679
0.605467;0.617281
0.587134;0.609215
0.576747;0.597767
0.57823;0.596002
0.595172;0.611488
0.628963;0.622711
0.677389;0.648977
0.735254;0.6766
0.796629;0.746251
0.856761;0.790948
0.912633;0.858372
0.962635;0.89723
1.00602;0.987208
1.0425;1.04868
1.07204;1.04069
1.0948;1.10215
1.11117;1.11291
1.12182;1.12511
1.12778;1.12069
1.13055;1.11903
1.13221;1.14316
1.13538;1.11846
1.1428;1.14826
1.15653;1.14836
1.17679;1.17132
1.20092;1.17959
1.22318;1.19743
1.2364;1.18792
1.23518;1.19355
1.2182;1.30134
1.18771;1.26224
1.14766;1.1619
1.10204;1.15765
1.05422;1.0515
1.00672;1.05832
0.961266;1.01829
0.918908;0.980702
0.879997;0.889467
0.844155;0.84053
0.810272;0.829214
0.776746;0.81216
0.742055;0.756712
0.705502;0.751427
0.667662;0.711788
0.630193;0.676462
0.595283;0.630891
0.56526;0.582643
0.542569;0.569878
0.529906;0.568177
0.530138;0.550499
0.545713;0.555994
0.577541;0.573969
0.62399;0.61515
0.680984;0.6252
0.743338;0.681134
0.806315;0.733927
0.866408;0.803403
0.92129;0.843009
0.969393;0.887683
1.00957;0.971496
1.0411;0.977928
1.06379;0.992697
1.07817;1.07556
1.08536;1.10533
1.08702;1.04748
1.08523;1.13312
1.08243;1.08725
1.08139;0.980141
1.08487;1.07444
1.09517;1.01218
1.11338;1.13893
1.1385;1.10957
1.16674;1.1416
1.19163;1.18662
1.20601;1.17992
1.20528;1.19149
1.18921;1.19274
1.16103;1.22026
1.12527;1.13179
1.08617;1.14389
1.04704;1.0683
1.01018;1.02917
0.976924;1.00497
0.947712;0.98959
0.922023;0.897324
0.89841;0.936256
0.874692;0.876263
0.848463;0.879913
0.817926;0.832759
0.782731;0.768633
0.744278;0.793477
0.705189;0.709915
0.668463;0.70335
0.636984;0.678634
0.613451;0.656774
0.600378;0.621728
0.599844;0.613823
0.61291;0.606746
0.639053;0.619545
0.676108;0.645146
0.720918;0.669081
0.770277;0.726617
0.821623;0.767199
0.873218;0.795486
0.923875;0.858536
0.972429;0.922004
1.01729;0.963063
1.05652;1.08056
1.08848;1.03927
1.11248;1.11562
1.12895;1.14388
1.13924;1.16691
1.14536;1.154
1.14969;1.17183
1.15475;1.12914
1.16279;1.09286
1.17535;1.27637
1.19282;1.15396
1.21397;1.23376
1.23571;1.24216
1.25321;1.29237
1.26085;1.23319
1.25411;1.24669
1.23146;1.2458
1.19487;1.27505
1.14855;1.21218
1.09706;1.17599
1.04413;1.09778
0.992365;1.02707
0.943297;0.986147
0.897542;0.979119
0.85495;0.899781
0.814759;0.831977
0.775862;0.794738
0.737193;0.735635
0.698127;0.698585
0.658748;0.702035
0.61985;0.637683
0.582753;0.618326
0.549112;0.602719
0.520887;0.593923
0.500492;0.567643
0.490922;0.533945
0.495546;0.524717
0.51717;0.55027
0.556444;0.554985
0.610713;0.572802
0.674607;0.632069
0.742002;0.661716
0.807737;0.743654
0.868199;0.794215
0.921113;0.854887
0.965153;0.944289
0.999701;0.98668
1.02475;0.999362
1.04083;1.0292
1.04898;1.02111
1.05061;1.01826
1.04751;1.05968
1.04187;1.03722
1.03628;1.02208
1.03371;1.03564
1.03713;0.986817
1.04892;1.04218
1.06995;1.00301
1.09873;1.07242
1.13075;1.0766
1.15892;1.13762
1.17623;1.14266
1.17902;1.13977
1.16807;1.26574
1.14696;1.15923
1.12003;1.20897
1.09112;1.06332
1.06319;1.11344
1.03829;1.03735
1.01749;0.986582
1.0009;1.01967
0.987528;0.971571
0.975327;0.950373
0.9614;0.910087
0.942596;0.967319
0.916529;0.962871
0.882767;0.903974
0.843294;0.87715
0.801663;0.802408
0.761651;0.787162
0.726483;0.731302
0.698703;0.731049
0.680195;0.70305
0.672064;0.694228
0.674411;0.657163
0.686229;0.660672
0.705623;0.692345
0.730327;0.70927
0.758321;0.732917
0.78833;0.721214
0.820106;0.784386
0.854386;0.813105
0.892335;0.869351
0.93436;0.876992
0.978936;0.907458
1.02276;0.938574
1.06239;0.974682
1.09575;1.06494
1.12251;1.13121
1.14363;1.04094
1.16082;1.12398
1.17596;1.17733
1.19075;1.18388
1.2064;1.0786
1.22342;1.20547
1.24161;1.25033
1.26013;1.29153
1.27763;1.25512
1.29221;1.34413
1.30118;1.37374
1.30094;1.32723
1.28773;1.25661
1.25969;1.32116
1.21829;1.29713
1.16745;1.25989
1.11141;1.12732
1.05352;1.09703
0.995954;1.08463
0.939852;1.01001
0.885665;0.888209
0.833419;0.852517
0.782985;0.781883
0.734268;0.781
0.687306;0.738465
0.642292;0.684712
0.599546;0.661403
0.559507;0.620484
0.522784;0.56657
0.490278;0.554175
0.463349;0.532849
0.444019;0.522842
0.435136;0.484539
0.440284;0.495805
0.462988;0.510233
0.50493;0.534103
0.564031;0.559295
0.63427;0.601929
0.707822;0.666768
0.777737;0.74543
0.839344;0.775672
0.890263;0.81793
0.92981;0.888299
0.958351;0.919359
0.976829;0.920379
0.98649;1.00144
0.988754;0.978912
0.985186;0.96842
0.977559;0.989544
0.967958;1.027
0.958891;0.954351
0.953326;0.956123
0.954454;0.924782
0.965065;0.915507
0.986601;0.925113
1.01814;0.968956
1.05564;1.03325
1.09231;1.05832
1.12126;1.12396
1.13869;1.15377
1.14487;1.15584
1.14265;1.16203
1.13565;1.09454
1.12719;1.11422
1.11986;1.12111
1.11538;1.1801
1.11453;1.0588
1.11713;1.06854
1.12205;1.16192
1.12731;1.09172
1.13011;1.12209
1.12693;1.0533
1.11405;1.06318
1.08895;1.12899
1.05227;1.06755
1.00782;1.01907
0.960518;1.01549
0.914461;0.929722
0.872355;0.92343
0.835628;0.797255
0.804671;0.83935
0.779034;0.775016
0.757652;0.769718
0.739121;0.762512
0.722052;0.734983
0.705401;0.703551
0.688738;0.714591
0.672402;0.656902
0.657607;0.651021
0.64657;0.654974
0.642604;0.650192
0.649792;0.628812
0.67165;0.640133
0.708982;0.668041
0.758652;0.72882
0.814911;0.73758
0.872073;0.817182
0.926233;0.85688
0.975419;0.921041
1.01898;0.994292
1.05696;1.02537
1.0896;1.02941
1.11721;1.11413
1.14003;1.14877
1.15832;1.1612
1.17248;1.15385
1.18322;1.14189
1.19167;1.22858
1.19954;1.24475
1.20901;1.24565
1.22205;1.19009
1.23924;1.27375
1.25836;1.26416
1.274;1.25854
1.27943;1.27794
1.26998;1.25197
1.24491;1.33531
1.20667;1.2527
1.15903;1.26289
1.10566;1.13277
1.04961;1.06726
0.993185;0.978372
0.938017;0.959386
0.885185;0.948412
0.835281;0.862564
0.788436;0.81081
0.744337;0.773519
0.702315;0.721529
0.661625;0.667235
0.621882;0.654057
0.583396;0.63645
0.547163;0.601858
0.514626;0.577635
0.487542;0.550034
0.468079;0.535132
0.459045;0.523029
0.463885;0.530073
0.485995;0.509675
0.527002;0.531612
0.584806;0.571263
0.65338;0.623468
0.72506;0.666819
0.793315;0.727662
0.853986;0.760846
0.90504;0.890833
0.945812;0.903181
0.976392;0.952369
0.997325;0.971261
1.00951;0.957639
1.01415;0.968718
1.01274;1.04891
1.00706;1.0021
0.999201;0.989932
0.991668;0.920482
0.987401;0.987591
0.989537;0.963725
1.00078;0.959671
1.02241;0.945202
1.05319;0.978319
1.08865;1.07228
1.12172;1.08153
1.14552;1.0926
1.15656;1.15241
1.15538;1.19928
1.14514;1.23885
1.1297;1.19414
1.11259;1.2015
1.09656;1.10387
1.08351;1.08735
1.07437;1.05156
1.06912;1.1316
1.06667;1.04761
1.06491;1.03865
1.06083;1.03598
1.05081;1.04613
1.03156;1.00277
1.00162;1.02154
0.962613;1.00016
0.918562;0.900791
0.873935;0.918721
0.832363;0.860628
0.796348;0.804618
0.767373;0.815539
0.745999;0.762991
0.731911;0.719085
0.724026;0.711664
0.720735;0.720004
0.720284;0.712306
0.721207;0.731971
0.722726;0.719497
0.725077;0.708185
0.729726;0.706855
0.73941;0.71046
0.757663;0.702634
0.787342;0.751
0.828475;0.773376
0.877421;0.808044
0.928684;0.814566
0.977591;0.926632
1.02157;1.01206
1.05993;1.11035
1.09311;1.0336
1.12201;1.09362
1.14756;1.15375
1.17049;1.14007
1.19127;1.08602
1.21022;1.19198
1.22758;1.18677
1.24367;1.25817
1.25896;1.31087
1.27409;1.23736
1.28944;1.3106
1.30407;1.32405
1.31456;1.3811
1.31536;1.36122
1.30176;1.29712
1.27277;1.37033
1.23083;1.36144
1.17975;1.27025
1.1231;1.12524
1.06365;1.16336
1.00338;1.08471
0.943647;1.00187
0.885393;0.947493
0.829244;0.886763
0.775591;0.791161
0.724632;0.724578
0.676401;0.735336
0.630826;0.644635
0.587848;0.626761
0.547605;0.607293
0.510599;0.573392
0.477743;0.57338
0.450367;0.528443
0.430328;0.505556
0.420228;0.497973
0.42353;0.483801
0.444076;0.494011
0.484449;0.500165
0.5435;0.542872
0.615217;0.582833
0.69082;0.637852
0.762354;0.707058
0.824736;0.773298
0.875699;0.798527
0.914848;0.852662
0.942792;0.924069
0.9606;0.952644
0.969563;0.932331
0.97111;1.00134
0.966808;0.94324
0.958406;0.933022
0.947919;0.936602
0.937758;0.975916
0.930814;0.882912
0.930338;0.922117
0.939383;0.994009
0.959801;0.954901
0.991087;0.899813
1.02956;0.987418
1.06874;1.01729
1.10175;1.0584
1.12447;1.06965
1.13665;1.12085
1.14066;1.1804
1.13982;1.13576
1.13729;1.15873
1.13556;1.10994
1.13629;1.12812
1.14022;1.11237
1.14719;1.15828
1.15618;1.17627
1.16546;1.15877
1.17262;1.12355
1.17445;1.19942
1.16709;1.20977
1.14717;1.11712
1.11408;1.12439
1.07094;1.11603
1.02271;1.0687
0.973894;0.986549
0.927517;0.966482
0.885208;0.910119
0.847469;0.84209
0.813967;0.794162
0.783813;0.798805
0.755866;0.768478
0.729045;0.733244
0.702605;0.733112
0.676294;0.693565
0.650423;0.646481
0.625894;0.619697
0.604302;0.637132
0.588124;0.599227
0.580809;0.592787
0.58636;0.623413
0.607987;0.619369
0.646169;0.633777
0.697692;0.673963
0.756886;0.669314
0.818008;0.776051
0.876815;0.840488
0.930789;0.887628
0.978672;0.906399
1.01993;0.942133
1.05439;1.04548
1.08209;0.987615
1.10324;1.02738
1.11828;1.12876
1.12791;1.12261
1.13327;1.17519
1.13597;1.14878
1.13822;1.12209
1.1427;1.15776
1.15204;1.16594
1.16785;1.10684
1.18953;1.2015
1.21337;1.13094
1.23288;1.17868
1.24113;1.23671
1.23401;1.23785
1.21155;1.29195
1.17678;1.166
1.13375;1.18327
1.08631;1.117
1.03752;1.06944
0.989608;0.998647
0.944096;1.00041
0.901813;0.894717
0.862913;0.859292
0.82683;0.879213
0.792331;0.809627
0.757843;0.811045
0.722095;0.728227
0.684799;0.72694
0.646894;0.703658
0.610206;0.663369
0.576925;0.624048
0.549359;0.601045
0.530012;0.580057
0.521695;0.563963
0.527309;0.549382
0.549025;0.551899
0.587031;0.580622
0.638726;0.599011
0.699287;0.658134
0.76331;0.690781
0.826266;0.780994
0.885003;0.81389
0.937499;0.875724
0.982418;0.94188
1.01886;0.943318
1.04638;1.02112
1.06516;1.08299
1.076;1.07931
1.08027;1.15107
1.07977;1.10606
1.07672;1.0864
1.0737;1.07418
1.07354;1.05036
1.07896;1.08198
1.09199;1.05149
1.11312;1.13263
1.14044;1.14576
1.16907;1.14062
1.19188;1.16617
1.20222;1.23219
1.19702;1.21893
1.17754;1.13458
1.14769;1.21255
1.11199;1.14071
1.07433;1.07228
1.03763;1.09754
1.00384;1.0168
0.973979;0.970723
0.948114;0.966428
0.92535;0.913713
0.903864;0.915033
0.881195;0.84587
0.854897;0.868445
0.823466;0.817
0.787141;0.844929
0.747934;0.763096
0.70884;0.708146
0.672973;0.687581
0.643196;0.679431
0.622114;0.646849
0.612015;0.625514
0.614539;0.621749
0.630124;0.633229
0.657651;0.641732
0.694666;0.672617
0.738134;0.678873
0.785279;0.744148
0.834076;0.766203
0.883284;0.772636
0.932076;0.858565
0.979418;0.920174
1.0236;0.989748
1.06248;1.04423
1.09427;1.03676
1.11829;1.11794
1.13507;1.16565
1.14604;1.08247
1.1533;1.17405
1.15921;1.18925
1.16617;1.19678
1.17616;1.16432
1.19034;1.12476
1.20867;1.29216
1.22958;1.18281
1.24982;1.2318
1.26474;1.19692
1.26921;1.33169
1.2592;1.27785
1.23357;1.28379
1.19446;1.25463
1.1461;1.17344
1.09297;1.11564
1.03865;1.08606
0.985607;0.964016
0.935202;0.969909
0.887936;0.935535
0.843588;0.868716
0.801431;0.854788
0.760515;0.78292
0.720028;0.753435
0.679613;0.704398
0.639523;0.673112
0.600565;0.663802
0.563949;0.592976
0.531184;0.574812
0.504133;0.57912
0.485199;0.537051
0.47745;0.521346
0.484372;0.538822
0.508806;0.537506
0.55122;0.549119
0.608539;0.598361
0.674905;0.645701
0.743845;0.670922
0.810042;0.766031
0.869887;0.862333
0.921232;0.822067
0.962984;0.944056
0.994826;0.97808
1.01705;0.950102
1.03045;0.985343
1.03619;1.06602
1.0358;1.04201
1.0311;1.00575
1.0243;1.01692
1.01805;1.02167
1.01537;1.03765
1.01928;0.961535
1.03211;0.952318
1.05459;0.989668
1.08498;1.13064
1.11839;1.04928
1.14758;1.05116
1.16578;1.09774
1.1699;1.13948
1.16112;1.21972
1.1431;1.08821
1.12003;1.13764
1.09555;1.08007
1.07247;1.09789
1.05264;1.07655
1.037;1.08563
1.02545;1.01077
1.01679;1.04264
1.00878;0.986925
0.998324;1.01019
0.982042;1.04263
0.95737;0.917277
0.923868;0.975595
0.883769;0.934926
0.84098;0.884027
0.799521;0.821599
0.762672;0.801292
0.732844;0.735435
0.711634;0.736403
0.69978;0.696991
0.697058;0.677683
0.7023;0.689999
0.713662;0.701251
0.729093;0.720582
0.746873;0.738874
0.766078;0.72869
0.786901;0.745804
0.810733;0.770171
0.839761;0.801219
0.875774;0.807556
0.918444;0.879144
0.96464;0.922281
1.00992;0.929813
1.05075;1.00691
1.08556;1.07751
1.11447;1.06541
1.13861;1.12409
1.15951;1.14565
1.17862;1.15679
1.19703;1.23966
1.21535;1.20657
1.23373;1.20422
1.25196;1.28063
1.26968;1.27988
1.2863;1.27544
1.30081;1.32194
1.31121;1.34229
1.31387;1.3893
1.30432;1.32792
1.27977;1.3409
1.24112;1.33405
1.192;1.20003
1.13658;1.15314
1.07821;1.13374
1.01913;1.04933
0.960658;1.05305
0.903496;0.924616
0.84802;0.895855
0.794452;0.810906
0.742975;0.765849
0.69376;0.733867
0.646978;0.686616
0.602807;0.652856
0.561486;0.60357
0.523412;0.569806
0.489288;0.557397
0.460248;0.532511
0.438002;0.507403
0.425007;0.502209
0.424552;0.486328
0.440385;0.50207
0.475374;0.512277
0.529335;0.528173
0.597623;0.56816
0.672309;0.605431
0.745272;0.681888
0.810607;0.732859
0.865169;0.817409
0.907953;0.829166
0.939249;0.890579
0.960015;0.910058
0.971518;0.930389
0.975173;0.93642
0.972515;0.973115
0.965238;0.941712
0.955289;0.945435
0.944983;0.988224
0.937101;0.948431
0.934809;0.940433
0.94122;0.883472
0.95853;0.921024
0.986948;0.9027
1.02373;0.925022
1.06304;1.06114
1.0977;1.05782
1.12256;1.06279
1.13636;1.12432
1.14105;1.14633
1.1399;1.19063
1.13626;1.17328
1.13286;1.09516
1.13163;1.14271
1.1336;1.08331
1.13883;1.15091
1.14654;1.12962
1.15514;1.15675
1.16233;1.13997
1.16507;1.11631
1.15961;1.13418
1.14236;1.15135
1.11197;1.14313
1.07075;1.1556
1.02347;1.05353
0.974874;1.05187
0.928365;0.947911
0.885891;0.924406
0.848208;0.859184
0.815162;0.777104
0.785951;0.804686
0.759414;0.79692
0.734355;0.73944
0.709838;0.734526
0.685417;0.712987
0.661229;0.69437
0.638045;0.662666
0.61735;0.647092
0.601511;0.610496
0.5939;0.623262
0.598551;0.59065
0.618876;0.596325
0.655677;0.641353
0.705993;0.670449
0.764217;0.727212
0.824546;0.74158
0.88268;0.823709
0.936111;0.855952
0.983647;0.919281
1.02484;0.971325
1.05958;1.00569
1.08793;1.1298
1.11007;1.10484
1.12636;1.0693
1.13742;1.08155
1.14422;1.18166
1.14826;1.13727
1.15163;1.15344
1.15688;1.174
1.1666;1.17281
1.18235;1.16709
1.20346;1.20543
1.22611;1.18098
1.24375;1.28071
1.24964;1.36698
1.23998;1.27629
1.21508;1.26822
1.17806;1.17718
1.13295;1.16238
1.08348;1.08456
1.03264;1.06201
0.982608;1.00047
0.934861;0.922113
0.890226;0.940295
0.848905;0.862878
0.81044;0.819725
0.773766;0.768203
0.737512;0.779903
0.700579;0.757893
0.662764;0.670212
0.624963;0.677804
0.588862;0.635366
0.556494;0.613535
0.530067;0.58994
0.512076;0.56165
0.505424;0.556376
0.513184;0.531206
0.537679;0.548708
0.579038;0.573268
0.634272;0.608452
0.697964;0.649201
0.764191;0.723664
0.828143;0.780088
0.88662;0.814864
0.937726;0.886694
0.980365;0.92187
1.01396;0.978973
1.03841;1.01482
1.05419;1.07256
1.06229;1.03607
1.06419;1.05924
1.06175;1.07886
1.05721;1.07039
1.05319;1.0329
1.0526;1.09566
1.05824;1.04265
1.07215;1.02428
1.09474;1.02218
1.12378;1.15769
1.154;1.15787
1.17802;1.13012
1.18945;1.17903
1.18578;1.18312
1.16869;1.16919
1.14217;1.24742
1.11056;1.14471
1.07756;1.04859
1.04594;1.13511
1.01751;1.02394
0.993156;1.02057
0.972795;0.977129
0.955307;0.922329
0.93859;0.93397
0.919859;0.918811
0.896341;0.914115
0.866338;0.848656
0.83018;0.865547
0.79024;0.848517
0.749934;0.796163
0.712656;0.747469
0.68134;0.696601
0.658439;0.681205
0.645891;0.67145
0.644865;0.681232
0.655405;0.651582
0.676284;0.677381
0.705304;0.673177
0.739935;0.714433
0.777993;0.731094
0.818078;0.77305
0.859686;0.800097
0.902898;0.870322
0.94762;0.893072
0.992658;0.852252
1.03551;0.964648
1.07338;1.02578
1.10443;1.05523
1.12832;1.10374
1.14599;1.14672
1.15917;1.0922
1.17001;1.2063
1.18063;1.15805
1.19278;1.25854
1.20752;1.14805
1.22497;1.20236
1.24417;1.20515
1.26313;1.21174
1.27889;1.25559
1.28769;1.36756
1.28547;1.29471
1.26901;1.25283
1.23767;1.26925
1.1939;1.18555
1.14196;1.25562
1.08607;1.12614
1.02943;1.10275
0.974056;0.964759
0.920965;0.946931
0.870409;0.899047
0.822132;0.827049
0.775641;0.812872
0.730476;0.777036
0.686418;0.719263
0.643589;0.648122
0.602426;0.672041
0.563622;0.616444
0.528101;0.574691
0.49709;0.551255
0.472292;0.549826
0.456107;0.517316
0.451742;0.509407
0.462856;0.504298
0.49232;0.504505
0.540253;0.528911
0.60284;0.58556
0.673356;0.63425
0.744658;0.674157
0.811111;0.75254
0.869141;0.817176
0.916951;0.815154
0.954008;0.89714
0.980618;0.92254
0.997617;0.974174
1.00618;1.03843
1.0077;1.00994
1.00381;0.944884
0.996395;0.978455
0.98771;0.994466
0.980474;0.947269
0.977783;1.00835
0.98271;0.935186
0.997523;0.986057
1.02272;1.00377
1.05611;1.00129
1.09231;1.04377
1.12398;1.14294
1.14498;1.09917
1.15315;1.1563
1.15016;1.09762
1.1396;1.13836
1.1253;1.12
1.11052;1.07948
1.09768;1.06452
1.0883;1.02303
1.08295;1.05654
1.08116;1.05727
1.08144;1.05193
1.08133;1.08657
1.07758;1.0395
1.0665;1.11417
1.04508;1.08297
1.01261;1.05417
0.97156;1.02098
0.926399;0.98486
0.881567;0.871364
0.840422;0.812022
0.805115;0.783541
0.776746;0.786478
0.75548;0.791076
0.740645;0.765325
0.730914;0.730517
0.724608;0.730969
0.720098;0.682565
0.716214;0.726044
0.712587;0.683968
0.709895;0.695095
0.710025;0.697501
0.716077;0.7258
0.731857;0.766154
0.760326;0.699194
0.801405;0.767115
0.851226;0.820381
0.904067;0.837731
0.955067;0.885384
1.00147;0.936197
1.0424;0.962619
1.0781;1.01209
1.10927;1.05015
1.13664;1.10524
1.16082;1.15686
1.18222;1.20841
1.20112;1.19941
1.21782;1.20315
1.23275;1.25708
1.24662;1.2351
1.26044;1.21456
1.27518;1.29137
1.29077;1.25509
1.30464;1.31424
1.3115;1.34294
1.30559;1.362
1.28415;1.38271
1.2483;1.28655
1.20142;1.21927
1.14724;1.18095
1.08893;1.13051
1.0289;1.09478
0.968884;1.01811
0.910082;0.957262
0.853317;0.956449
0.799097;0.845147
0.747671;0.796974
0.699058;0.755206
0.653102;0.698734
0.609599;0.662994
0.56852;0.589921
0.530216;0.564815
0.495487;0.552423
0.46553;0.533263
0.441979;0.501702
0.427098;0.500794
0.423998;0.481595
0.4365;0.491887
0.468032;0.505018
0.519324;0.512159
0.586358;0.558791
0.661102;0.61419
0.734919;0.694109
0.801492;0.709704
0.857502;0.817965
0.901884;0.846438
0.934865;0.863393
0.957304;0.881782
0.970354;0.909464
0.975345;0.918607
0.973758;0.982834
0.967245;0.96597
0.957687;0.928173
0.947304;0.959641
0.93878;0.927847
0.935251;0.907932
0.93996;0.93215
0.955409;0.92424
0.98221;0.920805
1.01805;0.956677
1.05743;1.0001
1.0932;1.0666
1.11975;1.08917
1.13524;1.09311
1.14117;1.11481
1.14067;1.09174
1.13712;1.18103
1.13337;1.10116
1.13151;1.14
1.13271;1.13566
1.13724;1.16784
1.14447;1.10958
1.15293;1.15867
1.16045;1.1948
1.16409;1.23457
1.16015;1.12102
1.14487;1.151
1.11641;1.14254
1.07657;1.07584
1.0299;1.02785
0.981257;0.956051
0.934264;1.04258
0.891089;0.927188
0.85267;0.882784
0.818997;0.84509
0.789363;0.789266
0.76265;0.777992
0.73764;0.74555
0.713325;0.750146
0.689149;0.718179
0.665135;0.676049
0.641942;0.637649
0.620937;0.639739
0.604354;0.62521
0.595438;0.598914
0.598189;0.579591
0.616226;0.636506
0.650833;0.641498
0.699568;0.667675
0.757045;0.727745
0.81734;0.781442
0.875894;0.802843
0.929974;0.874437
0.978259;0.962211
1.02024;0.91495
1.05581;1.04045
1.085;1.1057
1.108;1.08462
1.12513;1.09326
1.13694;1.11696
1.14436;1.12714
1.14878;1.09012
1.15221;1.14186
1.15714;1.15482
1.16619;1.18317
1.18113;1.15819
1.20165;1.17759
1.22434;1.20667
1.24289;1.2196
1.2504;1.25965
1.24261;1.28189
1.21936;1.27905
1.18351;1.25382
1.13908;1.15414
1.08985;1.13286
1.03891;1.07015
0.988525;1.09166
0.940256;0.966869
0.895012;0.901124
0.853082;0.858464
0.814103;0.850426
0.777096;0.791884
0.740715;0.769881
0.703804;0.75855
0.666025;0.731865
0.628139;0.667386
0.591747;0.650248
0.558842;0.611407
0.5316;0.581368
0.512463;0.57946
0.504288;0.543233
0.510172;0.532208
0.532624;0.556735
0.572133;0.558854
0.62609;0.585172
0.689257;0.629951
0.755622;0.689074
0.820154;0.715214
0.879449;0.841619
0.931479;0.892659
0.975086;0.91103
1.00965;0.975738
1.03505;0.988899
1.05168;1.05801
1.06051;1.0258
1.06294;1.07061
1.0608;1.08585
1.05628;1.06055
1.05196;1.04739
1.05073;1.06488
1.05543;1.06752
1.06827;1.04236
1.08989;1.0388
1.11846;1.10014
1.14905;1.11465
1.17441;1.15917
1.18781;1.12212
1.18623;1.16232
1.1709;1.18311
1.14564;1.20127
1.1148;1.15048
1.08218;1.0953
1.05067;1.05085
1.02219;1.06125
0.997732;0.981135
0.97733;1.01977
0.959986;0.980762
0.943696;0.959006
0.925712;0.937113
0.903178;0.898641
0.874176;0.86688
0.838745;0.851883
0.799057;0.811058
0.758496;0.791171
0.720521;0.754097
0.688136;0.725101
0.663844;0.686933
0.649633;0.657603
0.646759;0.669705
0.655397;0.649633
0.674471;0.674807
0.701892;0.676913
0.735167;0.698696
0.772072;0.715981
0.811138;0.774128
0.851803;0.833645
0.894183;0.855209
0.938356;0.871409
0.983387;0.932249
1.02692;0.944277
1.06604;1.05774
1.09862;1.05122
1.12405;1.11012
1.14305;1.11977
1.15725;1.09749
1.16873;1.20995
1.17962;1.12789
1.19172;1.15012
1.20619;1.18343
1.22329;1.20259
1.24225;1.16267
1.26132;1.24698
1.27778;1.27824
1.2881;1.30003
1.28829;1.31258
1.27481;1.35949
1.24635;1.2472
1.20474;1.23549
1.15404;1.1694
1.09856;1.15281
1.04174;1.05736
0.985827;0.990471
0.932;0.972076
0.880652;0.925476
0.83162;0.872427
0.784465;0.817321
0.738737;0.754806
0.694192;0.758136
0.650899;0.698954
0.609238;0.628298
0.569835;0.625431
0.533541;0.57491
0.501481;0.561548
0.475226;0.533521
0.456998;0.530088
0.449833;0.511409
0.457368;0.512387
0.482815;0.521584
0.527068;0.532529
0.587166;0.590316
0.656793;0.627644
0.72864;0.658437
0.796602;0.746992
0.856644;0.815132
0.906634;0.819297
0.945832;0.881078
0.974427;0.94359
0.99319;0.959557
1.00325;0.969275
1.00598;1.01341
1.00295;0.986938
0.995982;1.0218
0.987245;1.0391
0.979354;0.986531
0.975344;0.928564
0.978352;0.963852
0.990908;0.905339
1.01399;0.944133
1.04606;1.00047
1.08242;1.07674
1.11594;1.08822
1.13992;1.14689
1.15126;1.1627
1.15093;1.12346
1.14226;1.13172
1.12909;1.0742
1.11482;1.09942
1.10205;1.15348
1.09248;1.12168
1.08688;1.08303
1.08499;1.08132
1.08554;1.0936
1.08628;1.11038
1.0841;1.1039
1.07536;1.10925
1.05673;1.09462
1.0268;0.968685
0.987335;1.02454
0.94257;0.99352
0.897111;0.929615
0.854607;0.889057
0.81746;0.834106
0.786972;0.802353
0.763483;0.744933
0.74648;0.784627
0.734754;0.733484
0.72669;0.731981
0.72064;0.734618
0.715335;0.690776
0.710234;0.69943
0.705781;0.711022
0.703579;0.663412
0.706459;0.726097
0.718185;0.678227
0.74224;0.697835
0.779656;0.73952
0.827583;0.781182
0.880505;0.780304
0.933023;0.869006
0.981662;0.888918
1.02498;1.01692
1.06291;1.03935
1.09599;1.04411
1.12495;1.05324
1.15038;1.16259
1.17275;1.20876
1.19235;1.17763
1.20948;1.21477
1.22453;1.21611
1.23816;1.23659
1.2514;1.30418
1.26544;1.21252
1.28087;1.30649
1.29629;1.32233
1.30733;1.30741
1.30788;1.3182
1.29356;1.28875
1.26393;1.39435
1.22163;1.25173
1.1704;1.23188
1.11372;1.205
1.05435;1.09206
0.994312;0.9898
0.935059;0.964744
0.87758;0.94764
0.822513;0.850806
0.770207;0.812081
0.720749;0.771096
0.674011;0.74656
0.629744;0.704491
0.587788;0.630965
0.548316;0.596053
0.511963;0.58416
0.479787;0.547868
0.453237;0.51591
0.43429;0.506702
0.425681;0.511451
0.43099;0.491102
0.45402;0.494061
0.496956;0.499089
0.557913;0.538181
0.630275;0.591871
0.705256;0.646162
0.775386;0.707686
0.836135;0.825747
0.885598;0.876643
0.923534;0.865462
0.950558;0.929363
0.967692;0.902457
0.976176;0.930305
0.977415;0.97659
0.972977;0.970862
0.964633;0.937219
0.954444;0.956319
0.944885;0.936792
0.938915;0.896702
0.939803;0.920923
0.950487;0.871543
0.972517;0.913716
1.00491;0.896147
1.04345;0.952256
1.08133;1.01094
1.11188;1.10861
1.13156;1.06374
1.14062;1.13714
1.14177;1.13027
1.1384;1.18829
1.13368;1.13709
1.13007;1.0817
1.12916;1.07086
1.13163;1.10182
1.13724;1.14326
1.14486;1.11785
1.1526;1.13037
1.15781;1.14917
1.15706;1.14854
1.14646;1.15404
1.12314;1.23907
1.08739;1.12203
1.04293;1.05271
0.994733;1.02074
0.947008;0.955349
0.902503;0.952245
0.862636;0.891683
0.827769;0.86531
0.797457;0.781928
0.770703;0.76198
0.746259;0.769083
0.72295;0.721552
0.699957;0.729379
0.677017;0.666602
0.654505;0.673142
0.633503;0.658021
0.615922;0.640595
0.604672;0.620779
0.603592;0.598734
0.616642;0.608983
0.646097;0.618819
0.690737;0.659933
0.745861;0.669198
0.805436;0.779863
0.86438;0.803822
0.919468;0.824967
0.969081;0.895706
1.01259;0.958873
1.04987;0.996323
1.08095;1.05139
1.106;1.04538
1.12526;1.12696
1.13918;1.14993
1.14849;1.15753
1.15438;1.1009
1.15859;1.13837
1.16343;1.17166
1.1715;1.11807
1.18489;1.17999
1.20391;1.19562
1.22598;1.201
1.24536;1.27828
1.25505;1.2138
1.25001;1.30654
1.22922;1.28463
1.19503;1.21456
1.1513;1.22649
1.10192;1.18135
1.05012;1.14834
0.998316;0.99117
0.948228;0.94398
0.900916;0.947124
0.856847;0.852834
0.815879;0.806183
0.777262;0.826162
0.739814;0.738207
0.702367;0.702009
0.664384;0.718512
0.62634;0.663898
0.5896;0.617697
0.556006;0.627294
0.527619;0.571156
0.506771;0.565758
0.496237;0.549832
0.499179;0.522027
0.518475;0.526558
0.555303;0.557367
0.607738;0.577784
0.670776;0.638945
0.73809;0.709842
0.804095;0.740693
0.864921;0.783209
0.918298;0.857706
0.963017;0.933049
0.998505;0.970079
1.02468;1.03
1.04196;0.998119
1.05126;1.03558
1.05394;1.02176
1.05175;1.08042
1.04681;1.06015
1.0416;1.00683
1.03898;1.02999
1.04191;1.01329
1.05286;0.991799
1.07294;1.03315
1.10094;1.0805
1.13256;1.10384
1.16082;1.17832
1.17858;1.15236
1.18193;1.16237
1.17131;1.15749
1.15014;1.15489
1.12269;1.12493
1.09287;1.20811
1.06372;1.0962
1.03733;1.04222
1.01488;1.03866
0.996572;0.985509
0.981574;1.00708
0.968006;0.982988
0.95312;0.941996
0.933832;0.924552
0.907712;0.922194
0.874181;0.883179
0.835036;0.859822
0.793689;0.815397
0.75384;0.78593
0.718698;0.742049
0.690841;0.726546
0.672244;0.665451
0.664157;0.681893
0.666852;0.702575
0.679472;0.668631
0.700198;0.689936
0.726754;0.700004
0.75703;0.728228
0.789594;0.746869
0.823982;0.782627
0.86066;0.797536
0.900484;0.829041
0.943587;0.882891
0.988328;0.920427
1.03151;0.967716
1.06995;1.02535
1.10184;1.01512
1.12702;1.14764
1.14657;1.13549
1.16226;1.21833
1.17607;1.23745
1.18977;1.15062
1.20466;1.21826
1.2213;1.19998
1.23946;1.22594
1.25818;1.28671
1.27583;1.25583
1.29015;1.31112
1.29808;1.27533
1.29581;1.31658
1.27987;1.3451
1.2491;1.31538
1.20563;1.15659
1.15361;1.18778
1.09723;1.10458
1.03964;1.13515
0.982825;1.01432
0.927792;0.999415
0.874855;0.848901
0.823922;0.84547
0.774756;0.829519
0.727182;0.822116
0.681201;0.723245
0.637013;0.66527
0.594992;0.641665
0.555662;0.615606
0.519742;0.577761
0.488262;0.561494
0.462745;0.536148
0.445411;0.505713
0.439317;0.508616
0.44813;0.510397
0.475083;0.506924
0.521042;0.525166
0.582904;0.565746
0.654068;0.599579
0.726882;0.659289
0.795009;0.743692
0.854384;0.80802
0.903034;0.822058
0.940475;0.883071
0.967152;0.920346
0.984031;0.906647
0.992367;0.973344
0.993593;1.01758
0.989312;1.00456
0.981362;1.01277
0.971921;0.973102
0.963615;0.951312
0.959496;0.984794
0.962719;0.915335
0.975819;0.964688
0.999743;0.991279
1.03287;0.961559
1.07038;0.986907
1.10515;1.01217
1.13069;1.1069
1.14417;1.17734
1.14668;1.12736
1.14144;1.12248
1.13214;1.08639
1.12202;1.07174
1.11352;1.07176
1.10819;1.08156
1.10664;1.12041
1.10849;1.12949
1.1124;1.11729
1.11614;1.1535
1.11669;1.1224
1.11039;1.1604
1.09369;1.10496
1.0649;1.08999
1.02565;1.06223
0.980236;0.991959
0.933442;0.984195
0.888995;0.912711
0.84926;0.83511
0.815421;0.831769
0.787678;0.801477
0.765424;0.770209
0.747459;0.749857
0.732285;0.716677
0.71847;0.737539
0.704996;0.690305
0.691533;0.692184
0.678611;0.686883
0.667743;0.663974
0.661554;0.672346
0.663737;0.671947
0.678335;0.662983
0.707903;0.67173
0.751453;0.714056
0.804333;0.751023
0.860541;0.797382
0.915215;0.865007
0.96556;0.925443
1.01049;0.926462
1.04992;1.03172
1.08418;1.04503
1.11368;1.08914
1.13875;1.121
1.15969;1.14291
1.17677;1.18243
1.19044;1.15605
1.20147;1.25569
1.21109;1.2015
1.22108;1.24271
1.23336;1.24751
1.24903;1.26676
1.26693;1.25483
1.28264;1.23758
1.28962;1.2898
1.28252;1.33548
1.2597;1.29412
1.22302;1.32685
1.17606;1.2402
1.12254;1.14534
1.0656;1.15844
1.00764;0.999461
0.950411;1.00476
0.8951;0.922855
0.842441;0.847338
0.792758;0.841558
0.745986;0.778207
0.701718;0.735582
0.659372;0.708614
0.618524;0.660086
0.579262;0.600464
0.542302;0.602481
0.508851;0.587213
0.480463;0.543868
0.459099;0.534021
0.447355;0.505337
0.448589;0.491845
0.46648;0.497806
0.503526;0.52829
0.558798;0.550641
0.62693;0.600001
0.699944;0.6145
0.770433;0.709937
0.833441;0.760411
0.886494;0.815185
0.928807;0.876079
0.960528;0.918253
0.9823;0.955242
0.995085;0.950666
1.00011;1.0384
0.998832;1.03114
0.992962;0.998078
0.984492;0.979225
0.975806;0.969538
0.969747;0.963042
0.96949;0.9412
0.978019;0.998912
0.997174;0.970173
1.02653;0.970007
1.06251;1.01793
1.09858;1.0578
1.12757;1.015
1.14497;1.17908
1.15035;1.14629
1.14622;1.10923
1.13624;1.16283
1.12394;1.12641
1.11218;1.05718
1.10298;1.08303
1.09743;1.04821
1.09566;1.1355
1.09681;1.08789
1.09905;1.07118
1.09963;1.0816
1.09506;1.13553
1.08161;1.07878
1.05673;1.0974
1.02083;1.04287
0.9774;1.02037
0.931184;0.948102
0.886307;0.890832
0.845644;0.908994
0.810872;0.828625
0.782658;0.784179
0.760787;0.752843
0.744314;0.752368
0.731806;0.773569
0.721673;0.709607
0.712556;0.718246
0.703673;0.721827
0.69509;0.708903
0.687903;0.667044
0.684386;0.672668
0.687977;0.645503
0.702674;0.689804
0.731322;0.708307
0.773457;0.708812
0.824829;0.766937
0.879527;0.827464
0.932616;0.924441
0.981264;0.942448
1.02445;1.00287
1.06224;1.04324
1.09515;1.04061
1.12375;1.06071
1.14854;1.13282
1.16985;1.05378
1.18799;1.12354
1.20329;1.15298
1.21635;1.16714
1.22814;1.21856
1.24007;1.29028
1.25367;1.31306
1.26956;1.29989
1.28603;1.19144
1.29822;1.18875
1.29977;1.31961
1.28636;1.26494
1.25759;1.26338
1.21612;1.2365
1.16568;1.22438
1.10976;1.17609
1.05118;1.09179
0.992034;1.00919
0.933806;0.959627
0.877514;0.92313
0.823789;0.848718
0.772926;0.812498
0.72491;0.750456
0.679471;0.722924
0.636223;0.653453
0.594942;0.637819
0.555841;0.596346
0.519665;0.595081
0.487584;0.554451
0.461139;0.524039
0.442371;0.503502
0.43406;0.492991
0.439774;0.495071
0.463203;0.497532
0.506304;0.51127
0.566983;0.562032
0.638649;0.602632
0.712785;0.642439
0.782232;0.71377
0.84264;0.770583
0.892139;0.85362
0.930419;0.858754
0.957987;0.920934
0.975759;0.903837
0.984897;0.947524
0.986767;0.935973
0.982924;0.972633
0.975148;0.93557
0.965519;0.993247
0.956535;0.967891
0.951163;0.999648
0.952642;0.971655
0.963827;0.943531
0.986139;0.955161
1.01843;1.00918
1.05632;1.03233
1.09286;1.06385
1.1214;1.11149
1.13852;1.13326
1.1447;1.12598
1.14276;1.12689
1.13624;1.13584
1.1284;1.07164
1.12175;1.10042
1.11795;1.1336
1.11772;1.15599
1.12085;1.12328
1.12618;1.11284
1.1317;1.1616
1.1346;1.14821
1.13131;1.13991
1.11802;1.1113
1.09234;1.12976
1.05511;1.07319
1.01028;1.03821
0.962754;0.977734
0.916539;0.944995
0.874248;0.894986
0.837246;0.831959
0.805874;0.839799
0.779657;0.797169
0.757529;0.756127
0.738113;0.733268
0.720071;0.746398
0.702418;0.701855
0.684777;0.703369
0.667527;0.715412
0.651907;0.681611
0.640155;0.667415
0.635607;0.647869
0.642352;0.643467
0.663914;0.659511
0.70112;0.674139
0.750885;0.705399
0.807468;0.761568
0.865139;0.781809
0.919906;0.868509
0.96971;0.906893
1.01383;0.930191
1.05224;1.02703
1.08518;1.06989
1.11289;1.09404
1.13564;1.07087
1.15369;1.12336
1.16746;1.1499
1.17768;1.21961
1.18553;1.15457
1.19279;1.13477
1.20168;1.18255
1.21429;1.22744
1.23139;1.14318
1.25101;1.29815
1.26793;1.33232
1.27536;1.25877
1.26823;1.3247
1.24536;1.31292
1.20896;1.30146
1.16273;1.26603
1.11043;1.17669
1.05521;1.04292
0.999455;1.06269
0.944881;0.97439
0.892617;0.980712
0.84329;0.86649
0.797041;0.818325
0.753538;0.788155
0.712063;0.74179
0.67179;0.693937
0.632251;0.679208
0.5937;0.653406
0.557128;0.62217
0.524008;0.589433
0.496111;0.548304
0.475582;0.526867
0.465154;0.529188
0.468185;0.518277
0.488056;0.522325
0.526591;0.521785
0.582135;0.559731
0.649142;0.623015
0.720191;0.672404
0.7887;0.734664
0.850306;0.778221
0.902748;0.818694
0.945168;0.864426
0.977497;0.869482
1.00015;0.955161
1.01392;0.987151
1.01994;1.00066
1.01968;1.03132
1.01485;1.01581
1.00754;1.05789
1.0002;0.956256
0.995727;0.987832
0.997221;0.93121
1.00744;1.00203
1.02782;1.01245
1.05743;0.957041
1.09214;1.02482
1.12505;1.09813
1.14905;1.14111
1.16014;1.17178
1.15854;1.1136
1.14725;1.13105
1.13021;1.10881
1.11107;1.11519
1.09272;1.14642
1.07719;1.08235
1.06555;1.007
1.05791;1.04402
1.05334;1.00482
1.04983;1.07157
1.04446;1.05325
1.03368;1.04035
1.01423;1.00931
0.984574;0.995321
0.946117;0.96261
0.902669;0.943936
0.858624;0.880543
0.817645;0.855022
0.782333;0.82123
0.754323;0.752202
0.734348;0.721933
0.722251;0.723554
0.717046;0.73683
0.717136;0.7199
0.720696;0.712546
0.726117;0.712884
0.732451;0.729109
0.739759;0.746416
0.74935;0.739213
0.763784;0.767139
0.786303;0.765132
0.819264;0.802564
0.862103;0.820795
0.910878;0.869402
0.960322;0.922196
1.00633;0.993733
1.0469;1.04086
1.08181;1.0507
1.1118;1.1256
1.13797;1.09701
1.16138;1.14449
1.1828;1.14206
1.20272;1.18487
1.2214;1.25543
1.23901;1.30502
1.25575;1.2772
1.27187;1.31002
1.28758;1.26952
1.30247;1.28876
1.31438;1.3428
1.3188;1.42086
1.31048;1.40038
1.28674;1.35507
1.24885;1.23221
1.2004;1.2585
1.14527;1.17798
1.08658;1.17957
1.02654;1.08017
0.966627;1.00417
0.907828;0.968298
0.850801;0.933725
0.795988;0.846675
0.743668;0.806304
0.693983;0.74241
0.646977;0.704688
0.602656;0.663397
0.561108;0.619293
0.522675;0.607791
0.488068;0.570529
0.458418;0.539264
0.43535;0.517
0.42116;0.492698
0.418998;0.485075
0.432659;0.495469
0.465434;0.498324
0.517841;0.509139
0.585692;0.557964
0.660908;0.610912
0.734862;0.671308
0.801243;0.765891
0.856745;0.7858
0.900344;0.854982
0.932351;0.882565
0.953727;0.922338
0.965726;0.934959
0.969749;0.942326
0.96732;0.968144
0.960115;0.991929
0.95004;0.959065
0.939345;0.936873
0.930738;0.939817
0.927367;0.893638
0.932448;0.875787
0.948421;0.90338
0.975819;0.915066
1.01226;0.948369
1.05218;0.974101
1.08848;1.05003
1.11569;1.0796
1.13211;1.11737
1.13931;1.13835
1.14043;1.17878
1.13873;1.06859
1.13698;1.15871
1.13717;1.14958
1.14036;1.14618
1.1467;1.1769
1.15548;1.10999
1.16525;1.23336
1.17388;1.13903
1.17853;1.14584
1.17553;1.16137
1.16109;1.20917
1.13319;1.12848
1.09353;1.14359
1.04667;1.07123
0.997496;1.05536
0.949661;0.932336
0.905313;0.933612
0.865349;0.846996
0.829725;0.826212
0.797739;0.836492
0.768326;0.779464
0.740377;0.792277
0.713026;0.75038
0.685853;0.695964
0.658966;0.686725
0.633028;0.666218
0.609316;0.648286
0.589882;0.622501
0.577736;0.598948
0.576718;0.599457
0.590603;0.59613
0.621333;0.618058
0.667385;0.616729
0.72397;0.698712
0.785116;0.719446
0.845767;0.803063
0.902595;0.801573
0.953768;0.918559
0.998414;0.939771
1.03618;1.01428
1.06699;1.05534
1.09098;1.01601
1.10849;1.11568
1.12012;1.13401
1.12683;1.14343
1.13003;1.17653
1.13171;1.1333
1.13437;1.14065
1.14081;1.0696
1.15327;1.19281
1.17242;1.13896
1.1962;1.18709
1.21937;1.20912
1.23479;1.23401
1.23652;1.21102
1.22241;1.22549
1.19419;1.21276
1.15563;1.14942
1.1108;1.08552
1.0632;1.14071
1.01551;1.06024
0.969611;1.01995
0.926662;0.950104
0.88715;0.889987
0.850835;0.865847
0.816731;0.82646
0.783294;0.800663
0.748927;0.752783
0.712729;0.745801
0.67503;0.718435
0.637331;0.666586
0.601761;0.628137
0.570636;0.618531
0.546371;0.606097
0.531609;0.576358
0.529209;0.5639
0.541767;0.569161
0.570573;0.578018
0.614504;0.59313
0.669872;0.616214
0.731577;0.662163
0.794715;0.728762
0.855538;0.791587
0.91153;0.876731
0.96101;0.918028
1.00277;1.01143
1.03597;1.01924
1.06033;1.00826
1.07622;1.0478
1.08468;1.07083
1.08726;1.11323
1.08595;1.13484
1.08316;1.09155
1.08159;1.08974
1.08404;1.07204
1.09294;0.989178
1.10967;1.04449
1.13368;1.16927
1.16174;1.12885
1.1878;1.16002
1.20459;1.18705
1.2068;1.20025
1.19339;1.15273
1.1671;1.16463
1.13236;1.11964
1.09355;1.13967
1.05416;1.03898
1.01668;1.02674
0.982633;0.966383
0.952609;1.0115
0.926278;0.885969
0.902361;0.90156
0.878789;0.864379
0.853148;0.852929
0.823462;0.868139
0.789065;0.760548
0.751047;0.782687
0.711861;0.748923
0.674486;0.705076
0.641837;0.675587
0.616643;0.64303
0.601467;0.628999
0.598508;0.656589
0.609074;0.636326
0.632967;0.646852
0.668297;0.645536
0.712012;0.688625
0.760841;0.73456
0.812064;0.734241
0.863789;0.814335
0.914755;0.832021
0.963825;0.896322
1.0095;0.935328
1.04987;1.03748
1.08321;1.07958
1.10861;1.02483
1.12633;1.14338
1.13756;1.14523
1.14421;1.11006
1.14863;1.14208
1.15333;1.19086
1.16064;1.12144
1.17228;1.13067
1.18888;1.11882
1.20955;1.17313
1.23153;1.17412
1.25026;1.27194
1.26013;1.27887
1.25626;1.19828
1.23647;1.26975
1.20217;1.24015
1.1573;1.21313
1.10648;1.16463
1.05363;1.14793
1.00157;0.972882
0.952004;1.00542
0.905707;0.982551
0.862657;0.89645
0.822183;0.831856
0.783213;0.834705
0.744632;0.768234
0.705704;0.740541
0.666371;0.703651
0.627312;0.681027
0.589773;0.642402
0.555361;0.598585
0.525981;0.574774
0.503954;0.564518
0.49217;0.5547
0.493973;0.530123
0.512369;0.528696
0.548511;0.537599
0.600356;0.574253
0.662907;0.617883
0.730035;0.674598
0.79634;0.731177
0.857941;0.791889
0.912352;0.856277
0.958095;0.942721
0.994429;0.933679
1.02123;0.972659
1.03893;1.0188
1.04847;1.03492
1.05121;1.03201
1.04887;1.01303
1.04354;1.0358
1.03776;1.00337
1.03444;0.963218
1.0366;0.97518
1.04676;1.08089
1.06614;1.04213
1.09374;1.08441
1.12559;1.08209
1.15497;1.15078
1.17456;1.14779
1.17994;1.21117
1.17114;1.2198
1.15142;1.13614
1.12508;1.14108
1.09613;1.11425
1.0677;1.09774
1.04198;1.12683
1.02024;0.982854
1.00277;0.980923
0.988782;0.964749
0.976413;0.969521
0.962896;0.950237
0.945068;0.976936
0.920327;0.924286
0.887829;0.887124
0.849149;0.837053
0.807653;0.834611
0.767147;0.826892
0.730973;0.734484
0.701793;0.710426
0.681623;0.708539
0.671732;0.700546
0.672427;0.645187
0.682898;0.673362
0.701375;0.709007
0.725605;0.709735
0.753473;0.721148
0.78353;0.725995
0.815322;0.777028
0.849412;0.817289
0.886921;0.917821
0.928449;0.880034
0.97282;0.867316
1.01695;0.961133
1.05732;1.01592
1.09161;1.04982
1.11922;1.17599
1.14098;1.10776
1.15849;1.14364
1.17367;1.14674
1.18828;1.22191
1.20364;1.17683
1.22037;1.27658
1.2384;1.22304
1.25697;1.19295
1.27477;1.32476
1.28995;1.30606
1.29993;1.34798
1.30122;1.2873
1.29;1.25381
1.264;1.29884
1.22427;1.33122
1.17448;1.23211
1.11895;1.18635
1.0612;1.0608
1.00354;1.06232
0.947272;1.02717
0.892905;0.872849
0.840504;0.890128
0.789938;0.819703
0.741084;0.767829
0.69395;0.727436
0.648706;0.67692
0.605657;0.635725
0.565232;0.626522
0.528019;0.58814
0.494873;0.575055
0.467085;0.53912
0.446579;0.511964
0.43609;0.493121
0.439131;0.505597
0.459315;0.494099
0.498688;0.509009
0.555731;0.540155
0.624869;0.59231
0.698366;0.626176
0.769059;0.700733
0.831957;0.738728
0.884403;0.83979
0.925515;0.839894
0.95554;0.899222
0.975357;0.949082
0.986176;0.956526
0.989394;0.99828
0.986554;0.942569
0.979397;0.937264
0.969958;0.939349
0.960684;0.954781
0.954489;0.910604
0.954561;0.956602
0.963789;0.966335
0.983851;0.930361
1.01419;0.970598
1.0512;1.00542
1.08836;1.08541
1.11855;1.08515
1.13746;1.1611
1.14486;1.17258
1.14338;1.10032
1.13663;1.15532
1.128;1.11779
1.12021;1.16139
1.11509;1.10933
1.11357;1.1432
1.11559;1.06591
1.12015;1.06394
1.12537;1.12975
1.12856;1.14381
1.12627;1.17487
1.11474;1.10407
1.0912;1.04305
1.05584;1.12616
1.01214;1.06054
0.964992;0.969192
0.918666;0.94409
0.876046;0.858059
0.838718;0.896354
0.8072;0.807044
0.781145;0.786148
0.759552;0.744626
0.741038;0.747803
0.72418;0.743789
0.707861;0.749705
0.691547;0.727175
0.675466;0.703187
0.660713;0.658058
0.649379;0.671781
0.644656;0.627134
0.65058;0.631582
0.670832;0.673758
0.706602;0.671549
0.755165;0.689576
0.81092;0.721163
0.868071;0.77811
0.922507;0.860093
0.972089;0.902256
1.01609;0.950318
1.0545;1.02774
1.08759;1.03184
1.11567;1.06027
1.13899;1.08871
1.15781;1.16042
1.17251;1.13457
1.18372;1.14489
1.19253;1.12399
1.20056;1.2281
1.20993;1.2659
1.22265;1.22849
1.23948;1.2401
1.25847;1.27734
1.27444;1.19373
1.28068;1.32954
1.27225;1.29832
1.24813;1.29099
1.21061;1.22332
1.16339;1.20623
1.11019;1.14412
1.05409;1.10125
0.997437;1.01908
0.941921;0.973184
0.888654;0.959857
0.838268;0.892699
0.790941;0.799138
0.74641;0.789226
0.704049;0.734106
0.663125;0.712538
0.623218;0.68278
0.584574;0.640599
0.548127;0.605017
0.515278;0.582019
0.487743;0.549798
0.467643;0.534039
0.457729;0.515839
0.461418;0.514091
0.482179;0.522235
0.521878;0.524423
0.578745;0.568611
0.646965;0.602784
0.718834;0.666449
0.787623;0.741402
0.84897;0.769258
0.900714;0.871635
0.942131;0.870438
0.973296;0.955694
0.994745;0.977209
1.00737;0.985541
1.01237;1.01435
1.01121;1.03913
1.00566;0.973754
0.997765;1.00624
0.990012;1.01199
0.985307;1.00309
0.986795;0.95501
0.997259;0.935598
1.01813;1.01596
1.04842;1.00195
1.0839;1.07469
1.11763;1.01194
1.14263;1.19039
1.15504;1.16083
1.15516;1.07117
1.14599;1.104
1.13137;1.15672
1.11484;1.10191
1.09924;1.08932
1.08649;1.01612
1.07761;1.03669
1.07262;1.05931
1.07053;1.10669
1.0693;0.990748
1.06598;1.03917
1.05698;1.05103
1.03889;1.05713
1.00999;1.02741
0.971634;0.992933
0.927734;0.91233
0.882812;0.922798
0.84061;0.876729
0.803717;0.826703
0.773677;0.792551
0.751104;0.761358
0.735729;0.735095
0.726517;0.697756
0.721896;0.705594
0.720129;0.711212
0.719738;0.717704
0.719902;0.735037
0.720783;0.733411
0.723747;0.729558
0.73144;0.712415
0.74742;0.735332
0.774836;0.72923
0.814268;0.785977
0.862542;0.827995
0.9142;0.830076
0.964248;0.895607
1.00972;0.970854
1.04961;1.01799
1.0842;1.06675
1.11429;1.08763
1.14078;1.10297
1.16441;1.167
1.18567;1.17053
1.2049;1.17293
1.22236;1.23347
1.23836;1.23028
1.25342;1.2405
1.26824;1.26826
1.28345;1.31054
1.29863;1.2375
1.31101;1.28324
1.31531;1.32745
1.30617;1.33904
1.28148;1.24552
1.24292;1.26632
1.19413;1.20477
1.1388;1.20433
1.07994;1.12142
1.01976;1.04233
0.9598;0.947889
0.901115;0.92589
0.844428;0.879436
0.790195;0.807986
0.738653;0.797146
0.689861;0.714177
0.643738;0.697035
0.600176;0.65507
0.559231;0.61492
0.5213;0.584861
0.487203;0.55842
0.458163;0.521292
0.435878;0.514067
0.422726;0.496452
0.421944;0.48914
0.437383;0.49847
0.472207;0.493965
0.526507;0.532154
0.595526;0.569748
0.670882;0.623714
0.744105;0.68482
0.809284;0.73225
0.863475;0.803003
0.905872;0.810494
0.936865;0.901632
0.957421;0.915368
0.968768;0.919185
0.972292;0.9601
0.969514;0.936137
0.962125;1.01579
0.952055;0.896332
0.941594;0.915332
0.9335;0.921187
0.93096;0.921163
0.937165;0.938335
0.954408;0.90819
0.982928;0.96194
1.01994;0.975968
1.05956;0.989714
1.09467;1.04172
1.12018;1.11321
1.13484;1.11563
1.14048;1.08278
1.14033;1.1339
1.13765;1.15587
1.13518;1.12716
1.13481;1.14436
1.13755;1.13969
1.14348;1.1269
1.15182;1.16265
1.16102;1.1614
1.16884;1.21284
1.17228;1.21276
1.16759;1.16546
1.15107;1.2156
1.12123;1.17009
1.08027;1.10723
1.03295;1.05737
0.984021;1.03794
0.936932;0.972896
0.893658;0.921906
0.854977;0.844751
0.820754;0.804892
0.790219;0.775408
0.762253;0.769871
0.735714;0.733462
0.70972;0.727066
0.683859;0.721966
0.658277;0.694743
0.633717;0.675611
0.61159;0.635782
0.594151;0.629877
0.584643;0.614586
0.587035;0.593464
0.604897;0.616552
0.639486;0.648022
0.688386;0.647491
0.746262;0.680893
0.807198;0.738356
0.866568;0.794802
0.921528;0.866029
0.970623;0.921662
1.01323;0.96423
1.04914;0.982272
1.07837;1.06916
1.10107;1.09462
1.11762;1.09683
1.12864;1.08554
1.13512;1.09938
1.13854;1.12498
1.14096;1.13519
1.14496;1.13546
1.15324;1.1555
1.16768;1.14458
1.18824;1.19188
1.21184;1.24137
1.23241;1.22395
1.24288;1.22118
1.23842;1.26374
1.21832;1.27299
1.18517;1.1993
1.14298;1.14039
1.09565;1.17218
1.04641;1.03992
0.997636;0.965294
0.950977;0.985704
0.9074;0.93899
0.867209;0.87955
0.830013;0.872788
0.794741;0.809534
0.759896;0.757887
0.724131;0.744626
0.686942;0.704707
0.649026;0.669989
0.612042;0.630288
0.578095;0.636079
0.549439;0.591645
0.528519;0.581276
0.518099;0.576349
0.521149;0.5568
0.540128;0.571265
0.575733;0.559098
0.625866;0.595825
0.685904;0.640755
0.75028;0.703051
0.814122;0.740561
0.873967;0.795548
0.927614;0.835098
0.973665;0.931486
1.01121;0.927318
1.0398;1.04108
1.05954;1.08609
1.07119;1.0707
1.07603;1.05515
1.07581;1.06746
1.07267;1.12515
1.06912;1.06291
1.06798;1.06133
1.07206;1.05138
1.0836;1.05882
1.10347;1.02181
1.13025;1.08088
1.15956;1.08694
1.18449;1.14971
1.19803;1.18507
1.19634;1.14524
1.18001;1.19039
1.15265;1.18026
1.11875;1.09416
1.08232;1.14057
1.04646;1.11342
1.01327;1.02975
0.983917;0.978163
0.958643;0.957483
0.936697;0.933723
0.916361;0.930047
0.895186;0.917809
0.870564;0.902298
0.840662;0.843476
0.805336;0.798983
0.76636;0.769602
0.726718;0.734618
0.68963;0.720867
0.65805;0.679552
0.634611;0.692841
0.621609;0.639978
0.62074;0.64437
0.632616;0.645179
0.656392;0.640322
0.689887;0.659063
0.730241;0.705849
0.774733;0.753699
0.821329;0.768521
0.868827;0.798049
0.916563;0.855519
0.963794;0.937418
1.00906;0.94947
1.05016;0.974966
1.08492;1.06077
1.11216;1.11933
1.13197;1.16609
1.14553;1.08966
1.15474;1.13651
1.16189;1.16769
1.16933;1.15714
1.17912;1.19977
1.19256;1.16054
1.2099;1.20588
1.23003;1.21528
1.25029;1.22146
1.26668;1.20283
1.27436;1.26041
1.26891;1.25062
1.24805;1.37944
1.2127;1.29096
1.16648;1.20146
1.11392;1.14928
1.05897;1.13959
1.00447;1.05088
0.95213;0.959985
0.902708;0.900888
0.856219;0.857572
0.812127;0.814117
0.769616;0.753578
0.727916;0.764363
0.686608;0.697285
0.645795;0.694448
0.60609;0.666009
0.5685;0.61568
0.534326;0.58917
0.505197;0.57375
0.483237;0.543377
0.471257;0.529277
0.472699;0.522645
0.490908;0.519878
0.527521;0.549251
0.580809;0.551459
0.645605;0.607873
0.715191;0.665484
0.783495;0.708031
0.846159;0.779946
0.900524;0.819543
0.945217;0.926106
0.979787;0.959358
1.00446;0.985042
1.01996;1.04313
1.02742;1.01928
1.02827;1.04461
1.0242;1.00791
1.0173;0.999589
1.01004;1.04053
1.00532;1.01815
1.00626;1.00304
1.01558;0.983049
1.03476;1.01023
1.06308;1.0297
1.09685;1.02318
1.12946;1.08727
1.15355;1.1479
1.1645;1.11825
1.16205;1.20732
1.14917;1.17077
1.12994;1.15918
1.1082;1.08157
1.08701;1.11258
1.06855;1.06304
1.05404;1.0103
1.04373;1.03859
1.03679;1.02504
1.0313;1.03366
1.0244;1.03297
1.01263;0.952543
0.992817;1.01905
0.963386;0.976058
0.925528;0.930995
0.882807;0.903289
0.839516;0.879736
0.799364;0.825554
0.765084;0.781774
0.738486;0.7583
0.720505;0.722214
0.711154;0.710306
0.709537;0.70555
0.714035;0.675329
0.722702;0.721551
0.733754;0.698178
0.746044;0.715394
0.759448;0.742189
0.775083;0.754168
0.795247;0.778557
0.822726;0.79963
0.859185;0.783735
0.903381;0.840786
0.951186;0.892762
0.997784;0.956468
1.03983;0.915907
1.07603;1.03791
1.10668;1.06497
1.13285;1.04723
1.15588;1.05469
1.17693;1.20808
1.19681;1.1479
1.21593;1.18793
1.23445;1.2337
1.25233;1.26013
1.26952;1.27488
1.28589;1.35677
1.30093;1.21021
1.31302;1.3065
1.31863;1.3732
1.31285;1.35502
1.29215;1.33963
1.25673;1.34604
1.20987;1.27386
1.15565;1.21659
1.09749;1.26761
1.03784;1.14993
0.97821;0.992527
0.919572;0.972311
0.862519;0.865876
0.80745;0.848076
0.754648;0.792378
0.704309;0.728697
0.656563;0.694009
0.611506;0.671578
0.569267;0.62377
0.530141;0.58482
0.494722;0.557959
0.464017;0.552467
0.439537;0.533276
0.423456;0.501938
0.41878;0.492125
0.429225;0.487218
0.458256;0.500172
0.507022;0.515206
0.572278;0.551928
0.646591;0.59222
0.721279;0.644958
0.789486;0.709204
0.847308;0.774559
0.893299;0.860664
0.927541;0.87619
0.950906;0.923456
0.964621;0.957216
0.970076;0.989239
0.968776;0.979991
0.962363;0.934727
0.952693;0.919423
0.941947;0.946632
0.932749;0.960652
0.928176;0.959339
0.931464;0.92704
0.945259;0.913671
0.970534;0.948805
1.00553;0.952083
1.04528;1.02385
1.08271;1.05353
1.11181;1.07527
1.13009;1.20163
1.13866;1.10414
1.14049;1.10841
1.13891;1.20467
1.13682;1.14257
1.13636;1.09654
1.13878;1.14659
1.14442;1.1348
1.15271;1.08878
1.16233;1.11736
1.17126;1.19507
1.1768;1.17748
1.17543;1.25649
1.16328;1.17847
1.13783;1.17017
1.10006;1.13506
1.05417;1.09849
1.00515;1.04784
0.956946;0.987093
0.911968;0.932411
0.871324;0.913625
0.835123;0.840604
0.802759;0.797852
0.773205;0.792432
0.745326;0.763445
0.718181;0.742988
0.691245;0.725518
0.664522;0.67439
0.63857;0.656223
0.614549;0.629564
0.594366;0.615499
0.580865;0.604557
0.577788;0.612187
0.589033;0.602851
0.616989;0.586917
0.660752;0.614425
0.715949;0.659192
0.776632;0.72794
0.83751;0.768576
0.894986;0.81902
0.947039;0.896373
0.992695;0.922201
1.03155;0.997467
1.06351;1.02035
1.08865;1.04198
1.10729;1.1022
1.11996;1.13858
1.12756;1.14161
1.13139;1.18958
1.13332;1.12712
1.13579;1.15282
1.14155;1.15042
1.15302;1.09683
1.17117;1.11495
1.1944;1.1481
1.21791;1.21975
1.23469;1.27808
1.23843;1.17582
1.22636;1.27245
1.19975;1.26684
1.16217;1.21254
1.11774;1.16076
1.07006;1.02001
1.02193;1.03546
0.975319;1.09449
0.931512;1.00019
0.891099;0.899784
0.853963;0.851323
0.81925;0.82254
0.785504;0.787527
0.751118;0.779599
0.715061;0.737554
0.677472;0.699201
0.639685;0.678028
0.603747;0.662512
0.571936;0.61646
0.546635;0.614437
0.530447;0.560742
0.526234;0.564544
0.536718;0.574817
0.563485;0.569242
0.60581;0.578844
0.660285;0.612809
0.721832;0.663119
0.78536;0.722287
0.846882;0.793301
0.903703;0.840975
0.954059;0.840132
0.996715;0.943501
1.03083;0.949985
1.05606;1.05337
1.07274;1.09489
1.08182;1.06853
1.08482;1.04991
1.08367;1.11973
1.08071;1.05895
1.07862;1.06274
1.08022;1.11998
1.08805;1.1231
1.10371;1.10914
1.12697;1.06473
1.155;1.07724
1.18205;1.17389
1.20083;1.2038
1.20558;1.2485
1.19465;1.29309
1.17038;1.17252
1.13711;1.09891
1.09925;1.12427
1.06043;1.09378
1.02326;1.05825
0.989385;0.950785
0.959534;0.98019
0.933487;0.943151
0.91007;0.947287
0.887267;0.888914
0.862624;0.841627
0.833991;0.823993
0.800442;0.844752
0.762832;0.777754
0.723522;0.750964
0.685518;0.701389
0.651801;0.699323
0.62513;0.62505
0.60807;0.642234
0.602844;0.626767
0.610865;0.597091
0.632136;0.617466
0.665007;0.666865
0.706609;0.651726
0.753745;0.711608
0.803683;0.725533
0.854511;0.796692
0.905001;0.859913
0.954132;0.877163
1.00053;0.956863
1.04231;1.03985
1.07753;1.00315
1.10501;1.05096
1.12471;1.12476
1.13766;1.19607
1.14563;1.20604
1.15088;1.21923
1.1559;1.17821
1.16304;1.18896
1.17411;1.1483
1.18992;1.23813
1.20985;1.1908
1.23155;1.21266
1.25088;1.19918
1.2625;1.281
1.26132;1.35374
1.24448;1.33024
1.2126;1.24409
1.16916;1.21754
1.11876;1.23167
1.06554;1.14222
1.01255;1.04309
0.96172;0.994995
0.913993;0.959588
0.86951;0.851278
0.827741;0.852138
0.787722;0.820157
0.748388;0.739244
0.708971;0.716691
0.669309;0.719309
0.629934;0.660929
0.591946;0.649443
0.556817;0.614282
0.526322;0.575555
0.502634;0.553128
0.488501;0.530774
0.487232;0.548262
0.502084;0.531911
0.534831;0.531796
0.584198;0.578129
0.645639;0.590597
0.712945;0.671323
0.780306;0.732681
0.843404;0.769108
0.89945;0.831991
0.946804;0.862115
0.984653;0.956465
1.01283;1.01384
1.03176;1.0203
1.04232;0.973119
1.04581;1.06488
1.0439;1.01234
1.03858;1.03004
1.0323;1.06014
1.02789;1.01598
1.02841;1.01913
1.03659;1.05678
1.05406;0.990458
1.08037;1.02716
1.11226;1.10692
1.14348;1.11863
1.16654;1.13193
1.17616;1.18952
1.17147;1.18269
1.15516;1.18974
1.13146;1.14187
1.10442;1.11793
1.07736;1.08463
1.05267;1.04182
1.03178;1.01976
1.01519;1.00202
1.00231;1.00252
0.991483;1.01656
0.980045;0.928001
0.964782;0.984051
0.942748;0.9137
0.912499;0.910563
0.875047;0.897011
0.833549;0.865015
0.791939;0.794763
0.753779;0.781814
0.721891;0.735386
0.698372;0.71503
0.684573;0.705335
0.680926;0.663176
0.686813;0.688087
0.700661;0.685516
0.720348;0.701713
0.743776;0.703046
0.769416;0.745524
0.796703;0.802071
0.826183;0.758398
0.859262;0.777602
0.897293;0.858031
0.94012;0.845598
0.985229;0.952072
1.02874;0.949567
1.06741;1.02175
1.0997;1.07315
1.12578;1.11468
1.14689;1.16656
1.16477;1.12766
1.18114;1.09294
1.19739;1.16602
1.21435;1.22208
1.2322;1.18873
1.25058;1.26141
1.26867;1.26635
1.2853;1.23995
1.29872;1.3038
1.30627;1.38128
1.30415;1.31791
1.28856;1.32881
1.25808;1.35016
1.21475;1.22248
1.16269;1.13986
1.10598;1.14515
1.0477;1.06274
0.989765;1.0442
0.933174;0.943863
0.878334;0.891391
0.82533;0.850358
0.774155;0.781724
0.724842;0.747731
0.677518;0.709279
0.632398;0.689823
0.589775;0.616265
0.550043;0.594905
0.513786;0.568402
0.481917;0.556055
0.455845;0.517992
0.437662;0.503077
0.43029;0.492231
0.437356;0.493803
0.462322;0.50601
0.506623;0.51453
0.567773;0.559413
0.639343;0.5859
0.713289;0.637044
0.782696;0.728725
0.843107;0.797943
0.892421;0.815398
0.930201;0.84847
0.956991;0.927693
0.973845;0.946826
0.982071;0.967227
0.98312;0.97532
0.978585;0.958188
0.970271;0.914465
0.960297;0.966014
0.95122;0.900274
0.946046;0.949975
0.947971;0.916137
0.959717;0.897371
0.982555;0.926655
1.01528;0.997188
1.0535;1.00981
1.0903;1.06391
1.11903;1.10859
1.13637;1.14641
1.14294;1.07803
1.14168;1.1097
1.13615;1.15437
1.12952;1.15144
1.12424;1.1106
1.12188;1.15416
1.12307;1.07487
1.12748;1.06846
1.1339;1.09641
1.14028;1.13786
1.14383;1.1495
1.14103;1.12009
1.12809;1.1224
1.10259;1.106
1.06534;1.07528
1.02032;1.02844
0.972504;1.02758
0.925905;0.943574
0.883115;0.878206
0.845434;0.832642
0.813135;0.828812
0.785688;0.798505
0.762006;0.76665
0.740743;0.766174
0.720634;0.717556
0.7008;0.737845
0.680966;0.706536
0.661573;0.659645
0.643858;0.646935
0.62999;0.678165
0.623196;0.651349
0.627517;0.62613
0.646631;0.637747
0.68179;0.658513
0.730389;0.681637
0.786905;0.703103
0.845465;0.777226
0.901751;0.859958
0.953367;0.909102
0.999328;1.00743
1.03942;0.970752
1.07374;1.03753
1.10247;1.08242
1.12582;1.07302
1.14406;1.15035
1.15762;1.12813
1.16725;1.19494
1.17418;1.20096
1.18021;1.15512
1.18764;1.17984
1.1988;1.21145
1.21498;1.14872
1.23501;1.1692
1.25449;1.27968
1.26669;1.25841
1.26557;1.24637
1.24863;1.33314
1.21714;1.22345
1.17456;1.19536
1.12479;1.11256
1.07127;1.13365
1.01667;1.057
0.962947;0.970278
0.911404;0.96991
0.862792;0.897882
0.817339;0.897214
0.774739;0.798028
0.734219;0.78425
0.694798;0.722642
0.655764;0.727482
0.617148;0.643547
0.579828;0.622439
0.545279;0.599983
0.515285;0.570609
0.49193;0.54713
0.477772;0.541332
0.475967;0.532142
0.489895;0.52664
0.521907;0.544588
0.571484;0.556495
0.634309;0.61291
0.703578;0.633987
0.772562;0.717311
0.836356;0.792295
0.892121;0.85325
0.938527;0.865284
0.975135;0.930194
1.00205;0.941093
1.0198;0.996461
1.02934;0.97783
1.03197;1.00251
1.02933;0.987411
1.02339;0.983403
1.01648;1.05789
1.01136;0.990913
1.01108;0.995454
1.01853;0.990567
1.0356;0.986961
1.06212;1.05149
1.09497;1.08437
1.12794;1.09508
1.15354;1.11216
1.16651;1.13943
1.1658;1.17987
1.15388;1.14421
1.13468;1.16369
1.11213;1.13107
1.08947;1.06458
1.06906;1.101
1.05232;1.09082
1.03974;1.01436
1.03075;1.02404
1.02374;1.06656
1.01605;1.00988
1.00436;1.0074
0.98538;1.00983
0.957191;0.968094
0.920488;0.919552
0.878476;0.904055
0.835344;0.900862
0.794867;0.863683
0.759917;0.752654
0.73249;0.762836
0.713752;0.707495
0.703981;0.717151
0.702523;0.700355
0.70792;0.71405
0.718264;0.692759
0.731677;0.70137
0.746806;0.718093
0.763232;0.753103
0.781733;0.761937
0.804265;0.791099
0.833344;0.830796
0.870536;0.838839
0.914707;0.857897
0.961952;0.870337
1.00764;0.97588
1.04855;1.03532
1.08344;1.09126
1.11266;1.0592
1.13739;1.04649
1.15906;1.13738
1.17897;1.16001
1.198;1.24806
1.21665;1.21162
1.23502;1.2585
1.25303;1.26093
1.27045;1.16988
1.28692;1.24251
1.30164;1.35635
1.31261;1.28049
1.31607;1.26747
1.30727;1.29658
1.28334;1.3463
1.2452;1.30078
1.19648;1.23499
1.14129;1.19427
1.08293;1.10964
1.02363;1.03958
0.964732;1.02151
0.907036;0.988588
0.850998;0.8876
0.796919;0.863963
0.745023;0.798544
0.695488;0.720465
0.648458;0.722458
0.60407;0.646086
0.562516;0.638041
0.524169;0.60461
0.489714;0.554582
0.460268;0.532914
0.437494;0.510673
0.423769;0.498996
0.422305;0.485884
0.436848;0.491284
0.470448;0.503243
0.52328;0.518593
0.59102;0.552856
0.665786;0.621521
0.739258;0.677332
0.805289;0.749233
0.860577;0.801898
0.90404;0.826782
0.935943;0.904459
0.957231;0.926558
0.969165;0.937903
0.973155;0.956055
0.970732;0.97785
0.96358;0.981832
0.953624;0.953164
0.943148;0.918639
0.934892;0.939094
0.932004;0.893665
0.937638;0.915192
0.954116;0.958689
0.981842;0.887992
1.01832;0.976927
1.05788;0.958833
1.09339;1.02347
1.11946;1.06578
1.13454;1.01712
1.14039;1.16286
1.1402;1.16188
1.1373;1.12386
1.13448;1.11152
1.13371;1.1273
1.13603;1.14797
1.14161;1.16694
1.14967;1.14992
1.15871;1.12605
1.16652;1.12937
1.17016;1.15463
1.16592;1.16069
1.15009;1.21457
1.12098;1.13859
1.08058;1.13639
1.03355;1.00831
0.984708;0.989713
0.937602;0.962735
0.894291;0.902222
0.855614;0.863168
0.821477;0.831843
0.791129;0.792152
0.763451;0.794325
0.737272;0.73468
0.711675;0.717126
0.686205;0.700225
0.660973;0.687211
0.63669;0.676267
0.614737;0.643462
0.597332;0.631736
0.587687;0.60995
0.589767;0.597047
0.607191;0.594879
0.641311;0.617126
0.689805;0.658998
0.74738;0.709544
0.808108;0.737774
0.867343;0.814609
0.922225;0.859763
0.971304;0.88983
1.01396;0.975601
1.05001;0.967856
1.07944;1.0119
1.10243;1.04543
1.11932;1.11046
1.1307;1.09311
1.13755;1.12433
1.1413;1.15449
1.14398;1.15999
1.14815;1.0959
1.15647;1.1403
1.17086;1.14451
1.19126;1.11795
1.21462;1.24256
1.23487;1.23997
1.24495;1.24416
1.24007;1.25634
1.21955;1.29085
1.18598;1.17615
1.14336;1.22431
1.09558;1.16585
1.04586;1.04084
0.99658;1.06439
0.949377;0.98683
0.905222;0.904865
0.864437;0.85938
0.826657;0.852445
0.790854;0.773583
0.755578;0.76918
0.719519;0.742681
0.68219;0.74055
0.64427;0.677624
0.607382;0.650374
0.573591;0.614477
0.545124;0.591846
0.524414;0.569147
0.514243;0.541906
0.517615;0.555033
0.537044;0.561068
0.573252;0.571607
0.624093;0.602361
0.684833;0.636739
0.749773;0.689636
0.813949;0.728317
0.873861;0.787371
0.927317;0.888981
0.972965;0.916473
1.00996;1.01262
1.03792;0.97636
1.05704;1.07396
1.06811;0.992982
1.07243;0.957822
1.07177;1.07033
1.06826;1.08623
1.06444;1.07634
1.06313;1.05643
1.06716;1.0324
1.07879;1.0291
1.09889;1.11501
1.12601;1.09057
1.15571;1.07548
1.18102;1.13695
1.19493;1.13602
1.1937;1.20609
1.17799;1.23275
1.15143;1.18704
1.11846;1.11976
1.08309;1.12832
1.04836;1.0203
1.01635;1.00235
0.988231;1.03217
0.964196;0.954125
0.943463;0.942283
0.924262;0.948542
0.904071;0.944681
0.880204;0.901933
0.850759;0.877011
0.815579;0.812208
0.776495;0.77803
0.736586;0.764367
0.699148;0.728414
0.667166;0.698376
0.643255;0.686759
0.629641;0.654531
0.627922;0.630231
0.638622;0.631374
0.660866;0.631606
0.692526;0.653862
0.730858;0.690503
0.773275;0.719808
0.817884;0.742812
0.863637;0.82699
0.910069;0.852555
0.956652;0.904792
1.00206;0.919853
1.04404;1.00051
1.08021;1.06045
1.1091;1.07877
1.13059;1.14021
1.14572;1.08981
1.15633;1.11464
1.16464;1.14808
1.17295;1.13924
1.18325;1.13806
1.19683;1.19234
1.21398;1.14888
1.23369;1.20711
1.25359;1.26082
1.27007;1.26898
1.27862;1.24372
1.27486;1.28475
1.25606;1.24671
1.22247;1.30255
1.1773;1.31137
1.125;1.24775
1.06967;1.1136
1.01431;1.05791
0.960789;0.961417
0.909987;0.919677
0.862027;0.853297
0.81648;0.826271
0.77264;0.781847
0.729822;0.771831
0.687649;0.732608
0.646197;0.688704
0.605999;0.658027
0.567938;0.621813
0.533178;0.573135
0.5032;0.568661
0.479967;0.548717
0.466137;0.525799
0.46508;0.526399
0.480318;0.514423
0.514029;0.529905
0.565217;0.562513
0.629181;0.582423
0.699142;0.664498
0.768604;0.697406
0.832746;0.758652
0.888586;0.815437
0.934597;0.88183
0.970284;0.887885
0.995884;0.980833
1.01215;0.989954
1.02019;0.988742
1.02143;1.00536
1.01753;1.01207
1.01047;1.01363
1.00266;1.0333
0.996914;1.00021
0.996372;0.988057
1.00392;1.03064
1.02137;0.999834
1.04851;1.01764
1.08226;1.02662
1.11644;1.10342
1.14362;1.15648
1.15848;1.16371
1.16001;1.15663
1.15068;1.13914
1.13444;1.09284
1.11516;1.07842
1.09601;1.05353
1.07929;1.04403
1.06635;1.07636
1.05758;1.04097
1.05233;1.06265
1.04884;1.05686
1.04439;1.01932
1.03556;1.04377
1.0189;1.00773
0.992249;1.031
0.956111;0.951606
0.913739;0.939357
0.869548;0.867734
0.82752;0.873324
0.7906;0.850303
0.760713;0.785721
0.738858;0.743924
0.725121;0.744904
0.718711;0.711944
0.71813;0.717717
0.721523;0.725578
0.727137;0.72927
0.733773;0.726635
0.741181;0.743479
0.750312;0.743691
0.7634;0.721789
0.783584;0.769258
0.813644;0.757962
0.853961;0.793407
0.901419;0.837737
0.950864;0.890597
0.997741;0.935151
1.03952;0.909705
1.07561;1.01335
1.10658;1.02095
1.13351;1.05308
1.15749;1.13855
1.17939;1.18872
1.19973;1.18215
1.21883;1.18611
1.23682;1.215
1.25388;1.2916
1.2702;1.31284
1.28601;1.29776
1.30104;1.25886
1.31362;1.30259
1.31974;1.36316
1.31412;1.38577
1.29333;1.3394
1.25787;1.32847
1.21104;1.30346
1.15681;1.22076
1.09847;1.11127
1.03841;1.11572
0.978233;0.996703
0.919005;0.921918
0.861439;0.863446
0.806016;0.873357
0.753047;0.779372
0.702709;0.758408
0.655071;0.695953
0.610147;0.669487
0.568005;0.647971
0.528914;0.59699
0.493495;0.555332
0.462779;0.514787
0.438272;0.508664
0.422123;0.509874
0.417313;0.480132
0.427579;0.478975
0.456484;0.496935
0.505305;0.500453
0.57081;0.539527
0.645424;0.610153
0.720302;0.668181
0.78854;0.723359
0.846277;0.816687
0.892137;0.823542
0.926249;0.868792
0.949503;0.909043
0.963122;0.960116
0.96849;0.918386
0.967108;0.94787
0.960617;0.956133
0.950867;0.908192
0.94003;0.938067
0.930718;0.939846
0.926012;0.957079
0.929173;0.927989
0.942888;0.90802
0.968159;0.871469
1.00323;0.986178
1.04312;0.972761
1.0808;1.04571
1.11025;1.10047
1.12899;1.10843
1.13808;1.13527
1.14046;1.17069
1.13942;1.11134
1.13786;1.12004
1.1379;1.12771
1.14078;1.17262
1.14683;1.14583
1.15548;1.16291
1.16544;1.1736
1.17471;1.14501
1.18063;1.20912
1.1797;1.19967
1.16801;1.1624
1.14297;1.16538
1.10545;1.1322
1.05962;1.08836
1.01049;1.03502
0.962018;0.997898
0.916641;0.950303
0.875483;0.941773
0.838665;0.879583
0.805597;0.798025
0.775276;0.7926
0.746593;0.76367
0.71864;0.717187
0.690916;0.705552
0.663435;0.676491
0.636747;0.660153
0.611979;0.64046
0.59098;0.611628
0.576515;0.602407
0.572258;0.597987
0.582121;0.589403
0.608668;0.61803
0.651311;0.62607
0.70594;0.662595
0.766659;0.718072
0.828046;0.765919
0.886306;0.833133
0.939244;0.84898
0.985757;0.958797
1.02536;1.0188
1.05791;1.00092
1.08348;1.00379
1.10237;1.01041
1.11513;1.08862
1.12266;1.10123
1.12626;1.12988
1.12778;1.12108
1.12964;1.11143
1.13464;1.1599
1.14526;1.16453
1.16273;1.16773
1.18583;1.09098
1.21018;1.20355
1.2289;1.18167
1.23535;1.26817
1.22615;1.26948
1.20206;1.1967
1.16648;1.18297
1.12355;1.11042
1.077;1.16679
1.02973;1.08019
0.983847;1.04227
0.940704;0.975588
0.900968;0.967794
0.86458;0.88061
0.830714;0.848692
0.797888;0.824249
0.764394;0.784531
0.729025;0.750899
0.691742;0.741921
0.653788;0.722834
0.617228;0.675134
0.584396;0.655606
0.557695;0.59934
0.539696;0.572928
0.533189;0.560451
0.540871;0.559
0.564465;0.590529
0.603593;0.597181
0.655302;0.623046
0.714869;0.671796
0.777346;0.709262
0.838719;0.769233
0.896195;0.818894
0.947897;0.855087
0.992453;0.92045
1.02883;0.985982
1.05647;0.995814
1.07546;1.08822
1.08661;1.01907
1.09131;1.0728
1.09143;1.10601
1.08925;1.02921
1.08738;1.13155
1.08862;1.05881
1.09553;1.03766
1.10985;1.05457
1.13168;1.05622
1.15865;1.1038
1.18554;1.12056
1.20523;1.12611
1.21148;1.26703
1.20185;1.24634
1.17809;1.1877
1.14438;1.18583
1.10524;1.14458
1.06451;1.11773
1.02499;1.03828
0.988491;1.03226
0.955895;1.01664
0.927171;0.953172
0.901353;0.901016
0.876643;0.896281
0.850754;0.843436
0.821589;0.835217
0.788091;0.769514
0.750831;0.742962
0.711859;0.734628
0.673972;0.71003
0.640055;0.693935
0.612862;0.678028
0.595046;0.630188
0.589046;0.62326
0.596621;0.613346
0.618149;0.615713
0.652196;0.649776
0.695832;0.662994
0.745565;0.709177
0.798268;0.754964
0.851631;0.820751
0.904076;0.821628
0.954325;0.886126
1.00092;0.957729
1.04208;1.02867
1.07615;1.0265
1.1022;1.06852
1.12034;1.05988
1.13167;1.18084
1.13799;1.08728
1.14158;1.10637
1.14498;1.13277
1.15068;1.16467
1.16069;1.17533
1.17603;1.13387
1.19622;1.17788
1.21889;1.16974
1.23961;1.19994
1.2526;1.17277
1.25243;1.32445
1.23631;1.28386
1.20516;1.25712
1.16271;1.20032
1.11364;1.11872
1.06203;1.03634
1.01089;1.02238
0.962122;0.980627
0.916671;0.922368
0.874641;0.901876
0.835424;0.844262
0.797897;0.823918
0.76078;0.811108
0.723085;0.738036
0.68452;0.714179
0.645639;0.659236
0.607696;0.673673
0.57238;0.615686
0.541666;0.599045
0.517868;0.578566
0.503788;0.566497
0.502663;0.537565
0.517511;0.533916
0.54977;0.556718
0.597952;0.584563
0.657629;0.625013
0.723005;0.670227
0.78875;0.774205
0.850897;0.787486
0.906814;0.841313
0.954824;0.921031
0.993925;0.905453
1.0237;0.952481
1.04432;0.978609
1.05652;1.05711
1.06152;1.05583
1.06097;1.03889
1.0569;1.07242
1.05177;1.03966
1.04841;1.03638
1.04983;1.03393
1.05861;1.01666
1.0762;1.07212
1.10198;1.03744
1.13256;1.12587
1.16161;1.10763
1.18172;1.22216
1.18771;1.2201
1.17884;1.22812
1.15799;1.1932
1.12951;1.14319
1.09758;1.11378
1.06556;1.04332
1.03585;1.13091
1.0099;0.986797
0.988226;1.05124
0.970288;0.961406
0.954489;1.01261
0.938312;0.940636
0.918792;0.920016
0.89339;0.892493
0.861104;0.898031
0.823141;0.854661
0.78248;0.785107
0.742698;0.775289
0.707089;0.702992
0.67842;0.676021
0.658945;0.66652
0.650293;0.667919
0.65316;0.642718
0.667028;0.675756
0.6902;0.680928
0.72027;0.689744
0.754816;0.694332
0.792001;0.74066
0.830893;0.790339
0.871444;0.815383
0.914001;0.878959
0.95837;0.879652
1.00294;0.954294
1.04487;1.03256
1.08138;1.07005
1.11097;1.08525
1.13365;1.13369
1.15062;1.07115
1.16377;1.14113
1.17522;1.15844
1.18696;1.15717
1.20048;1.20786
1.21646;1.22081
1.23465;1.20365
1.25381;1.25565
1.27179;1.19461
1.2856;1.29925
1.29157;1.24281
1.2858;1.30109
1.26552;1.25926
1.23073;1.29178
1.18442;1.23148
1.13094;1.23908
1.07431;1.13786
1.01742;1.02895
0.962018;1.08241
0.908896;0.932873
0.858178;0.902524
0.809569;0.820982
0.762634;0.780844
0.717043;0.746894
0.672723;0.703124
0.629902;0.691658
0.589066;0.639165
0.55091;0.615547
0.516357;0.562523
0.48667;0.550147
0.463655;0.526542
0.449869;0.51509
0.448677;0.499517
0.463742;0.504964
0.497569;0.529418
0.54951;0.537423
0.614927;0.587317
0.686674;0.633769
0.757675;0.716212
0.82264;0.782252
0.878403;0.830084
0.923527;0.881584
0.957776;0.917409
0.981671;0.938177
0.996196;0.957124
1.00262;0.969336
1.00239;1.00002
0.997205;0.996192
0.989002;0.940563
0.980134;0.991799
0.973411;0.952374
0.971982;1.01238
0.97884;0.939183
0.995985;0.951013
1.02343;0.951649
1.05832;1.00965
1.09468;1.02916
1.12515;1.08359
1.14432;1.1893
1.15099;1.13558
1.14738;1.11038
1.13718;1.14447
1.12409;1.19147
1.11114;1.09082
1.10054;1.0428
1.09356;1.1433
1.09052;1.09089
1.09071;1.07276
1.09242;1.08228
1.09304;1.0781
1.08917;1.07942
1.07712;1.07204
1.05409;1.08669
1.01991;0.996559
0.977575;0.949882
0.931768;0.93316
0.886817;0.871046
0.845845;0.8515
0.810751;0.814248
0.782383;0.779125
0.760675;0.788697
0.744778;0.77885
0.733279;0.740845
0.724533;0.736735
0.717054;0.720981
0.709894;0.716395
0.702942;0.702598
0.697119;0.701258
0.694525;0.68646
0.698436;0.684065
0.712791;0.71208
0.740592;0.710712
0.781703;0.731631
0.83215;0.777258
0.886098;0.848785
0.938559;0.860246
0.986638;0.895597
1.0293;0.937786
1.06664;1.03867
1.09923;1.07981
1.12768;1.0261
1.15253;1.16349
1.17414;1.12755
1.1928;1.16741
1.20883;1.15595
1.22274;1.19141
1.23538;1.27893
1.24801;1.23949
1.26198;1.21774
1.27774;1.20048
1.29342;1.3084
1.30409;1.33279
1.30356;1.35307
1.28786;1.34252
1.25701;1.32373
1.21385;1.26461
1.16215;1.24594
1.10532;1.14901
1.04606;1.16289
0.986371;1.02067
0.927667;0.973421
0.87091;0.926884
0.816703;0.845482
0.765338;0.787194
0.716828;0.762689
0.670955;0.70201
0.627406;0.678843
0.586018;0.642753
0.547033;0.585543
0.511185;0.568166
0.479625;0.544322
0.45389;0.544376
0.436058;0.511854
0.428987;0.492765
0.436332;0.504531
0.461787;0.499212
0.507089;0.514676
0.569686;0.552712
0.642532;0.594231
0.716942;0.660942
0.785876;0.719301
0.845227;0.757039
0.893351;0.860772
0.930115;0.826453
0.956155;0.886668
0.972479;0.912714
0.980315;0.962954
0.981071;0.970682
0.97633;0.982503
0.967894;0.978222
0.957872;0.973015
0.948805;0.947164
0.943708;0.954525
0.945842;0.891394
0.958012;0.926846
0.98147;0.954484
1.01481;1.00073
1.05336;0.985906
1.09011;1.07578
1.11864;1.1606
1.13592;1.1367
1.1427;1.14513
1.14186;1.15156
1.13688;1.14842
1.13089;1.17671
1.12627;1.14788
1.12455;1.0831
1.12632;1.09606
1.13123;1.13491
1.13806;1.1175
1.14476;1.18876
1.14852;1.18689
1.14577;1.12202
1.13267;1.13637
1.10683;1.12103
1.06922;1.12342
1.02394;1.00674
0.9759;1.05579
0.929078;0.924428
0.885998;0.894244
0.847916;0.86496
0.815078;0.840175
0.786943;0.807567
0.762435;0.778792
0.74024;0.755329
0.719141;0.718344
0.698307;0.716889
0.677502;0.709709
0.657189;0.663672
0.63861;0.676847
0.623929;0.643353
0.616361;0.659478
0.619937;0.626751
0.638361;0.631985
0.672987;0.655649
0.721355;0.658733
0.778016;0.720765
0.837048;0.764392
0.894007;0.839019
0.946367;0.8735
0.993034;0.966216
1.03372;1.01619
1.06847;1.0099
1.09745;1.0048
1.12085;1.14828
1.13895;1.09394
1.15221;1.16021
1.1614;1.14761
1.16778;1.11657
1.17316;1.13412
1.17992;1.15097
1.19046;1.14001
1.20625;1.20582
1.22642;1.25013
1.2469;1.22111
1.26104;1.31191
1.26251;1.21856
1.24822;1.2638
1.21907;1.24414
1.17834;1.16308
1.12998;1.16366
1.07752;1.19178
1.02377;1.01268
0.970773;1.01619
0.919898;0.881913
0.871956;0.933287
0.827202;0.851933
0.785331;0.86627
0.745531;0.754607
0.706735;0.714288
0.668117;0.703682
0.629605;0.667314
0.592039;0.645793
0.556913;0.606834
0.526048;0.57381
0.501525;0.582824
0.485849;0.543635
0.482077;0.538242
0.493529;0.532235
0.522673;0.522848
0.569384;0.553855
0.629898;0.595019
0.697819;0.640256
0.766511;0.716968
0.830921;0.775211
0.887985;0.838978
0.936146;0.850599
0.974768;0.918987
1.00378;0.942735
1.02355;0.967469
1.03491;1.03575
1.0391;1.02495
1.0377;0.998826
1.03263;1.01748
1.02618;1.01048
1.02106;1.01308
1.02028;1.07144
1.02672;1.03665
1.04241;1.025
1.06749;0.961183
1.09925;1.06726
1.13181;1.07959
1.15768;1.0921
1.17108;1.19045
1.17039;1.14954
1.15776;1.18169
1.13712;1.19137
1.11253;1.17818
1.08738;1.11057
1.06418;1.06071
1.04451;1.06582
1.029;1.02844
1.01729;1.04311
1.0079;1.00824
0.998363;1.00481
0.985475;1.02333
0.966019;0.929063
0.938004;0.951785
0.901878;0.943669
0.860555;0.894612
0.818049;0.838398
0.778111;0.826316
0.743693;0.772182
0.716949;0.722498
0.699265;0.676841
0.691157;0.710503
0.692165;0.69812
0.70092;0.696491
0.71548;0.680527
0.733832;0.683371
0.754426;0.74669
0.776595;0.766809
0.800815;0.76702
0.828642;0.780908
0.862048;0.800193
0.901956;0.842537
0.946786;0.882382
0.992692;0.928157
1.03558;0.961288
1.07286;0.991625
1.10387;1.05381
1.12931;1.07597
1.15063;1.16269
1.16946;1.20493
1.1872;1.25518
1.20483;1.24679
1.22279;1.20481
1.24104;1.14209
1.25919;1.28946
1.27665;1.26739
1.29245;1.32848
1.30498;1.28164
1.31127;1.28516
1.3071;1.26718
1.2887;1.28099
1.25543;1.31826
1.21006;1.3321
1.1568;1.22411
1.09949;1.1983
1.04083;1.07613
0.982487;0.999851
0.92535;0.972685
0.86983;0.922125
0.816118;0.818596
0.764338;0.802205
0.714625;0.789672
0.667147;0.70734
0.622096;0.682761
0.579714;0.620401
0.540357;0.591555
0.504614;0.582937
0.473453;0.545357
0.448362;0.509863
0.431515;0.508767
0.425908;0.490726
0.435203;0.4908
0.462765;0.512964
0.509723;0.520189
0.573098;0.551212
0.645988;0.594072
0.720139;0.654506
0.788749;0.725988
0.847671;0.797407
0.895137;0.831317
0.930974;0.876774
0.955892;0.89271
0.971039;0.970586
0.977769;0.972581
0.977563;0.92158
0.972045;0.963934
0.963057;0.912197
0.952768;0.95814
0.943786;0.898012
0.939159;0.95
0.942083;0.918
0.955187;0.948706
0.979524;0.996286
1.01353;0.951204
1.05244;0.985685
1.08919;1.03919
1.11748;1.08823
1.13454;1.12224
1.14136;1.0929
1.14095;1.14912
1.13679;1.12977
1.13192;1.16907
1.12864;1.12716
1.12832;1.13244
1.13145;1.14838
1.13754;1.08416
1.14528;1.13246
1.1526;1.19311
1.15668;1.10676
1.15398;1.18603
1.14069;1.1768
1.1145;1.13557
1.07648;1.11172
1.03084;1.06234
0.982524;1.042
0.935459;0.994125
0.892087;0.893551
0.85357;0.865381
0.820059;0.837359
0.790951;0.841315
0.765149;0.786811
0.741379;0.773113
0.718509;0.760594
0.695829;0.72528
0.673213;0.687373
0.651195;0.688529
0.631035;0.65546
0.614858;0.618606
0.60581;0.622653
0.60787;0.594456
0.624794;0.608796
0.658148;0.604768
0.705766;0.678372
0.762376;0.707019
0.822019;0.784347
0.880062;0.821911
0.933745;0.869394
0.981767;0.913762
1.02368;0.980737
1.05941;1.01255
1.08904;1.09365
1.11275;1.09355
1.13081;1.05954
1.14372;1.13653
1.15229;1.13592
1.15782;1.12271
1.16217;1.18251
1.16775;1.15195
1.17713;1.19876
1.19203;1.23361
1.21211;1.20859
1.23391;1.16971
1.2511;1.25539
1.2569;1.2024
1.24727;1.25163
1.22227;1.298
1.18482;1.21931
1.1389;1.21999
1.08825;1.09262
1.03587;1.03236
0.984001;0.957935
0.934161;0.939054
0.887257;0.895859
0.84361;0.835706
0.802932;0.809908
0.764364;0.81222
0.726707;0.732435
0.688929;0.713563
0.650751;0.688767
0.612899;0.648539
0.576878;0.62879
0.544569;0.583104
0.518072;0.569077
0.499817;0.545577
0.492719;0.5369
0.499996;0.528081
0.524276;0.542322
0.566027;0.566167
0.622373;0.587842
0.687637;0.619735
0.755423;0.717063
0.820501;0.756214
0.879461;0.827502
0.930396;0.878841
0.972342;0.907462
1.00491;0.920549
1.02821;0.985645
1.04282;1.03296
1.04982;1.02232
1.05069;1.10695
1.04725;1.0336
1.04174;1.00938
1.03676;1.03975
1.03523;1.09075
1.04007;1.04751
1.0535;1.05439
1.07611;1.06583
1.10589;1.06281
1.13768;1.14074
1.16409;1.11942
1.17861;1.18045
1.17854;1.23031
1.16536;1.22216
1.14286;1.14834
1.11528;1.15749
1.0863;1.12058
1.05868;1.0944
1.03425;0.958991
1.01393;0.962462
0.997619;0.980298
0.984185;0.962082
0.971449;0.986008
0.956462;0.930648
0.936138;0.950874
0.908373;0.930325
0.873195;0.88876
0.832991;0.855802
0.791437;0.82422
0.752198;0.830467
0.718329;0.745814
0.692227;0.712856
0.675638;0.709866
0.669511;0.704435
0.673771;0.661509
0.68726;0.708452
0.70801;0.700434
0.733788;0.719017
0.762685;0.70167
0.793585;0.76422
0.826394;0.807471
0.861923;0.799717
0.901213;0.831224
0.944279;0.915099
0.989123;0.961557
1.03228;0.995516
1.07054;0.983518
1.10227;1.02983
1.12748;1.12456
1.14734;1.11568
1.16364;1.14795
1.17827;1.25866
1.19288;1.14548
1.20857;1.19733
1.22573;1.15321
1.24404;1.25115
1.26255;1.31089
1.27976;1.33161
1.29356;1.31057
1.301;1.33084
1.29827;1.33938
1.28183;1.28447
1.25057;1.30411
1.20671;1.26695
1.15442;1.16706
1.09782;1.13572
1.04001;1.04076
0.982889;1.04991
0.927425;0.97501
0.873936;0.904017
0.822375;0.846474
0.772584;0.787004
0.724467;0.782243
0.678082;0.706191
0.633646;0.702967
0.591513;0.631371
0.552168;0.617887
0.516291;0.585416
0.484887;0.546433
0.459464;0.523784
0.442231;0.512322
0.436231;0.48815
0.445133;0.498205
0.472197;0.496091
0.518346;0.527863
0.580509;0.56321
0.652039;0.605423
0.725161;0.669282
0.793431;0.753238
0.852747;0.782243
0.901164;0.845143
0.938263;0.936279
0.96455;0.942368
0.98104;0.964799
0.989013;0.951228
0.989916;0.967197
0.985356;0.987494
0.977171;0.918189
0.967534;0.937869
0.959068;0.981532
0.954824;0.928973
0.957965;0.917021
0.971046;0.867866
0.995042;0.980519
1.02835;0.980949
1.06619;1.01435
1.10143;1.08453
1.12763;1.09835
1.14197;1.13664
1.14548;1.12911
1.14137;1.12968
1.13326;1.14871
1.12436;1.12744
1.11707;1.08996
1.11291;1.09803
1.11245;1.04145
1.11531;1.12903
1.12014;1.12142
1.12475;1.12179
1.12615;1.08614
1.1207;1.17037
1.1048;1.11314
1.07659;1.08976
1.03759;1.01729
0.992084;0.989342
0.944906;0.954975
0.899828;0.925054
0.859232;0.856267
0.824291;0.851752
0.795188;0.832375
0.771313;0.801706
0.751483;0.800182
0.734248;0.731163
0.718239;0.715226
0.70251;0.699968
0.686776;0.689183
0.67157;0.692395
0.658348;0.659307
0.649624;0.667122
0.648996;0.646173
0.660564;0.642669
0.687275;0.691319
0.728784;0.678635
0.780924;0.768538
0.837696;0.7819
0.893871;0.829425
0.946205;0.9123
0.99325;0.912581
1.03468;1.00221
1.07067;1.03752
1.10154;1.03816
1.1276;1.0929
1.14909;1.1167
1.16631;1.14454
1.17971;1.23757
1.19005;1.15396
1.19862;1.25071
1.20723;1.19159
1.21802;1.22986
1.2326;1.29591
1.25068;1.19897
1.26885;1.28079
1.28089;1.28558
1.28052;1.32727
1.26452;1.42741
1.2336;1.251
1.19091;1.25861
1.14028;1.17221
1.08516;1.08398
1.02829;1.05473
0.97169;0.999037
0.916757;0.979838
0.864384;0.897401
0.815007;0.827511
0.768621;0.801684
0.724812;0.763651
0.682899;0.693003
0.64226;0.70101
0.602754;0.662668
0.564939;0.598397
0.529967;0.575091
0.499362;0.539295
0.47498;0.542905
0.459196;0.535766
0.455089;0.528277
0.46626;0.505585
0.495745;0.522613
0.54399;0.552917
0.607244;0.579205
0.678381;0.615227
0.74976;0.696065
0.815626;0.746065
0.872693;0.796299
0.919577;0.877323
0.956017;0.927276
0.982365;0.919188
0.999358;0.967584
1.00805;0.963348
1.00979;0.99138
1.00617;1.04677
0.999078;1.03092
0.990751;0.911262
0.983868;0.976685
0.981498;0.952835
0.986736;0.969567
1.0019;1.0124
1.02747;1.00279
1.06103;1.00739
1.09694;1.10632
1.12782;1.11334
1.14781;1.18798
1.15502;1.14644
1.1512;1.17443
1.13989;1.14628
1.12488;1.14401
1.10938;1.06431
1.09579;1.1137
1.08563;1.12719
1.07945;1.09661
1.0768;1.12099
1.07619;1.08011
1.07516;1.02629
1.07041;1.11478
1.05826;1.00559
1.03578;1.03804
1.00249;0.954169
0.961058;0.975434
0.915959;0.962634
0.871508;0.88228
0.830946;0.878198
0.796366;0.818109
0.768853;0.76966
0.748583;0.761992
0.734901;0.732818
0.726492;0.707364
0.721681;0.734612
0.718834;0.726466
0.716768;0.699776
0.715105;0.715248
0.714543;0.734733
0.717024;0.718204
0.725705;0.720659
0.744315;0.701743
0.775434;0.764614
0.818369;0.761804
0.868823;0.828334
0.92112;0.860783
0.97077;0.92237
1.01543;0.954935
1.05453;1.01117
1.0885;1.06567
1.11815;1.19089
1.14427;1.0777
1.16748;1.12341
1.1882;1.17191
1.20673;1.18545
1.22334;1.20645
1.23847;1.2604
