1.43984;0.772128
0.961251;0.481483
0.772027;0.439319
0.766913;0.51892
0.899384;0.681058
1.16832;0.934247
1.61164;1.31866
2.30905;1.9064
3.39166;2.81225
5.04655;4.20819
7.46957;6.3195
10.6304;9.32131
13.6913;12.9277
14.7266;15.5721
12.5228;14.5922
8.44491;9.66258
4.58753;4.2414
1.85487;0.830864
0.182334;-0.75235
-0.79446;-1.39903
-1.41644;-1.71143
-1.92853;-1.99121
-2.50014;-2.38624
-3.26386;-2.99086
-4.3443;-3.89776
-5.86053;-5.21479
-7.86838;-7.03821
-10.1864;-9.33511
-12.1385;-11.6781
-12.6515;-13.009
-11.1995;-12.1571
-8.5064;-9.21113
-5.76087;-5.73357
-3.65375;-3.13473
-2.29961;-1.69309
-1.54639;-1.06252
-1.2037;-0.874836
-1.13201;-0.913525
-1.2577;-1.08899
-1.56463;-1.389
-2.08601;-1.84954
-2.90311;-2.54652
-4.14744;-3.59978
-5.98592;-5.175
-8.52423;-7.44494
-11.4963;-10.4034
-13.7789;-13.3801
-13.715;-14.6178
-11.011;-12.5002
-7.26647;-7.94724
-4.03672;-3.66159
-1.83168;-1.05783
-0.505253;0.155663
0.257062;0.652057
0.726971;0.882206
1.0939;1.07317
1.48722;1.33547
2.0101;1.7405
2.76936;2.36441
3.89692;3.31341
5.55134;4.73572
7.85523;6.80126
10.6643;9.57439
13.134;12.6351
13.7338;14.5361
11.7245;13.3293
8.25526;9.13576
4.9494;4.63024
2.5572;1.68197
1.07282;0.234403
0.223718;-0.367626
-0.261249;-0.610887
-0.577814;-0.749896
-0.854357;-0.903772
-1.18093;-1.1352
-1.63777;-1.49639
-2.31964;-2.05567
-3.35644;-2.91659
-4.92334;-4.23263
-7.20341;-6.20161
-10.19;-8.97036
-13.1854;-12.2772
-14.4725;-14.7818
-12.7343;-14.2731
-8.96888;-10.244
-5.17696;-5.20654
-2.38879;-1.64923
-0.6472;0.138788
0.36747;0.88874
0.984927;1.21775
1.44854;1.45708
1.92525;1.76684
2.54184;2.24034
3.41814;2.96382
4.68564;4.04589
6.47172;5.62056
8.79661;7.79648
11.3097;10.4721
13.012;12.948
12.7149;13.7187
10.3731;11.6038
7.23604;7.61303
4.49455;3.99063
2.58554;1.76841
1.43435;0.703373
0.812288;0.284958
0.513816;0.164808
0.402309;0.169708
0.402972;0.231318
0.485004;0.333679
0.648304;0.486954
0.918195;0.718909
1.34822;1.07716
2.0308;1.63916
3.11493;2.52955
4.8214;3.94262
7.40705;6.15095
10.9096;9.41126
14.4082;13.4961
15.5395;16.6012
12.8335;15.3751
8.11835;9.46814
3.87281;3.34925
0.981687;-0.206334
-0.745561;-1.73793
-1.7608;-2.34484
-2.44965;-2.6793
-3.07845;-3.04807
-3.82597;-3.5983
-4.82054;-4.42108
-6.15029;-5.58962
-7.82253;-7.14193
-9.65195;-8.99309
-11.1349;-10.7748
-11.5665;-11.7516
-10.5931;-11.1858
-8.62681;-9.111
-6.46779;-6.48622
-4.69496;-4.32241
-3.50112;-2.98958
-2.84434;-2.36495
-2.61581;-2.21552
-2.7289;-2.38084
-3.14841;-2.79754
-3.89165;-3.47684
-5.0153;-4.47994
-6.57866;-5.88999
-8.54833;-7.75038
-10.6122;-9.91673
-12.0268;-11.8202
-11.9393;-12.4405
-10.2321;-11.0399
-7.72681;-8.14789
-5.37039;-5.1856
-3.63177;-3.11129
-2.55295;-2.00201
-1.99941;-1.5549
-1.82501;-1.4931
-1.93481;-1.66648
-2.29611;-2.02904
-2.93368;-2.60455
-3.92294;-3.46722
-5.37512;-4.73132
-7.38151;-6.52477
-9.84467;-8.88868
-12.1621;-11.5091
-13.1396;-13.3523
-11.919;-12.9611
-9.09177;-10.0241
-6.03464;-6.14519
-3.63353;-3.11633
-2.06657;-1.41047
-1.16559;-0.645637
-0.702329;-0.372628
-0.500435;-0.318865
-0.452534;-0.359556
-0.506207;-0.452495
-0.64778;-0.596427
-0.893068;-0.813089
-1.28666;-1.14438
-1.90952;-1.65922
-2.89413;-2.468
-4.4402;-3.7423
-6.79566;-5.72509
-10.0725;-8.66202
-13.6406;-12.4342
-15.4504;-15.6476
-13.5924;-15.4575
-9.19348;-10.8299
-4.80564;-4.85174
-1.65818;-0.764549
0.268376;1.17044
1.39311;1.94581
2.1162;2.31289
2.72393;2.649
3.40944;3.13168
4.31239;3.86373
5.54024;4.93014
7.14704;6.40104
9.04064;8.27044
10.8257;10.3024
11.7745;11.839
11.2721;11.9221
9.46692;10.1287
7.16735;7.28495
5.12539;4.69934
3.6684;3.01091
2.80111;2.15656
2.408;1.8621
2.3772;1.9155
2.64669;2.21569
3.21195;2.74927
4.11931;3.5639
5.44745;4.7488
7.25428;6.40421
9.43882;8.55462
11.505;10.9377
12.4992;12.712
11.6677;12.61
9.3461;10.1783
6.63261;6.69638
4.37583;3.8166
2.84323;2.10021
1.95255;1.29516
1.52736;1.0226
1.42093;1.03553
1.54969;1.22235
1.89155;1.56068
2.47852;2.08519
3.3931;2.87569
4.76331;4.0566
6.72836;5.78867
9.29939;8.20312
12.0152;11.1639
13.6258;13.7693
12.8361;14.1725
9.92862;11.2532
6.48298;6.68511
3.68435;3.00079
1.82706;0.942788
0.731787;0.0202527
0.121838;-0.343143
-0.227228;-0.492421
-0.465088;-0.593794
-0.687487;-0.723365
-0.96362;-0.924687
-1.35991;-1.24056
-1.96063;-1.73248
-2.88781;-2.49729
-4.31742;-3.68441
-6.46528;-5.50355
-9.44441;-8.16948
-12.7934;-11.6177
-14.8602;-14.7818
-13.7612;-15.2508
-9.98324;-11.628
-5.77996;-6.10416
-2.56873;-1.85758
-0.531381;0.343383
0.662916;1.26797
1.39193;1.66718
1.94156;1.95286
2.50796;2.32238
3.23553;2.88544
4.24992;3.73443
5.66689;4.9718
7.54875;6.69449
9.75999;8.90024
11.7343;11.258
12.4899;12.8334
11.3946;12.3808
8.9489;9.6892
6.26764;6.21703
4.11384;3.50319
2.68538;1.94458
1.87419;1.23844
1.50393;1.01936
1.43667;1.06281
1.59857;1.27318
1.97616;1.63811
2.6093;2.19952
3.5881;3.04408
5.04566;4.30296
7.11327;6.13861
9.75332;8.66047
12.3861;11.6459
13.6645;14.0239
12.4607;13.8985
9.35974;10.5374
5.9728;5.98699
3.33114;2.57512
1.61846;0.748634
0.622139;-0.0489741
0.0696944;-0.359219
-0.249995;-0.490726
-0.475267;-0.589218
-0.694859;-0.721822
-0.974715;-0.929284
-1.3808;-1.25466
-1.99919;-1.76153
-2.95584;-2.55044
-4.43218;-3.7763
-6.64689;-5.65466
-9.69633;-8.39798
-13.0479;-11.9023
-14.9481;-14.9882
-13.5822;-15.1692
-9.65913;-11.2529
-5.47104;-5.68824
-2.33658;-1.57746
-0.369167;0.49978
0.781944;1.36265
1.49323;1.74365
2.04493;2.03496
2.6291;2.42429
3.38844;3.01865
4.44758;3.91076
5.91718;5.20229
7.84041;6.98078
10.0354;9.21173
11.8745;11.4958
12.385;12.8342
11.0776;12.0607
8.57786;9.20794
5.97324;5.82522
3.9374;3.2963
2.6132;1.88406
1.87901;1.26416
1.56495;1.09414
1.54486;1.17294
1.75646;1.42075
2.19703;1.83607
2.91709;2.47042
4.01638;3.4204
5.62908;4.82483
7.85353;6.83727
10.5321;9.50004
12.8662;12.3946
13.454;14.1742
11.6088;13.0741
8.34973;9.18502
5.18458;4.91206
2.85799;2.03448
1.40131;0.583363
0.57432;-0.0251996
0.126148;-0.251609
-0.125035;-0.341491
-0.293609;-0.406129
-0.450149;-0.494552
-0.644778;-0.635263
-0.925818;-0.858204
-1.35589;-1.20842
-2.02901;-1.75913
-3.09073;-2.62864
-4.75421;-4.00051
-7.26832;-6.1285
-10.6826;-9.23989
-14.1566;-13.0837
-15.4442;-15.9628
-12.9881;-14.9941
-8.40773;-9.82146
-4.16722;-3.97759
-1.23354;-0.28243
0.533031;1.39155
1.56881;2.05861
2.25861;2.40261
2.87158;2.75655
3.5897;3.27901
4.54612;4.06704
5.84039;5.20305
7.50612;6.74749
9.40381;8.66218
11.0693;10.6418
11.7564;11.9493
10.9696;11.664
9.0207;9.59308
6.74878;6.74254
4.82486;4.33264
3.49796;2.8335
2.73856;2.1121
2.42833;1.9003
2.46541;2.01061
2.80047;2.36268
3.44045;2.9574
4.43972;3.85213
5.87577;5.14013
7.78032;6.91075
9.97522;9.13831
11.8437;11.4405
12.4094;12.8338
11.1496;12.1334
8.66219;9.31685
6.04092;5.9144
3.97923;3.34483
2.63211;1.90038
1.88098;1.26143
1.55464;1.08062
1.52441;1.1518
1.72552;1.39174
2.15298;1.79661
2.8551;2.4159
3.92968;3.34422
5.51106;4.71897
7.7053;6.69615
10.3809;9.33335
12.7825;12.2538
13.5104;14.1626
11.7836;13.2533
8.54613;9.45083
5.33429;5.11331
2.94705;2.13333
1.44233;0.613352
0.583893;-0.0293725
0.11641;-0.270916
-0.147515;-0.368436
-0.326733;-0.439447
-0.495213;-0.536275
-0.706077;-0.689713
-1.01108;-0.932243
-1.47754;-1.31259
-2.20622;-1.90959
-3.35145;-2.84962
-5.133;-4.32565
-7.78436;-6.59272
-11.2607;-9.83486
-14.5013;-13.6306
-15.1953;-16.0178
-12.2705;-14.2917
-7.68247;-8.82097
-3.67698;-3.30258
-0.978722;-0.0192358
0.630066;1.4279
1.58065;2.01027
2.23432;2.33681
2.84098;2.70021
3.57198;3.24372
4.55698;4.06171
5.89589;5.23953
7.62063;6.84109
9.57652;8.82376
11.2596;10.8544
11.8802;12.1376
10.9578;11.713
8.8819;9.4568
6.54451;6.49745
4.61029;4.08046
3.29926;2.61967
2.55946;1.93589
2.26164;1.74558
2.30046;1.86101
2.62635;2.20495
3.24753;2.78098
4.22177;3.64911
5.63595;4.90818
7.54429;6.66248
9.80907;8.92032
11.8462;11.3523
12.6265;12.9917
11.4833;12.5246
8.94901;9.72433
6.19168;6.13514
3.99311;3.36159
2.54256;1.78818
1.71788;1.08079
1.33197;0.85612
1.23958;0.882253
1.3608;1.05957
1.67544;1.37097
2.21483;1.85128
3.05961;2.57749
4.33943;3.67144
6.21235;5.29974
8.75584;7.62986
11.6459;10.6347
13.7203;13.5985
13.4334;14.6846
10.6761;12.2439
7.03951;7.50137
3.95512;3.34556
1.86383;0.939219
0.611703;-0.157871
-0.101344;-0.601856
-0.530554;-0.801942
-0.851844;-0.960044
-1.18321;-1.17327
-1.6164;-1.50292
-2.24537;-2.01366
-3.18941;-2.79729
-4.60663;-3.98897
-6.67136;-5.767
-9.43033;-8.28607
-12.4006;-11.4086
-14.151;-14.1271
-13.1781;-14.4359
-9.88762;-11.2753
-6.1325;-6.44825
-3.17723;-2.58889
-1.25927;-0.474634
-0.132124;0.453065
0.524103;0.834388
0.960002;1.04525
1.34657;1.26826
1.80544;1.59812
2.44301;2.10817
3.37774;2.88738
4.75393;4.06014
6.71774;5.78514
9.28389;8.19194
11.9959;11.1451
13.6113;13.7486
12.8363;14.1643
9.94322;11.2671
6.50392;6.71171
3.70531;3.0263
1.84587;0.962847
0.74883;0.0364308
0.138472;-0.328278
-0.209315;-0.476691
-0.443961;-0.57529
-0.660726;-0.699998
-0.927876;-0.893682
-1.31025;-1.19785
-1.88966;-1.6719
-2.78468;-2.40957
-4.16775;-3.55634
-6.25617;-5.31929
-9.18607;-7.9216
-12.569;-11.345
-14.8359;-14.6306
-14.0009;-15.409
-10.327;-12.0468
-6.06133;-6.49911
-2.74058;-2.06885
-0.614717;0.274862
0.634124;1.26671
1.3911;1.68858
1.95189;1.97742
2.51944;2.34252
3.24141;2.89757
4.24402;3.735
5.64213;4.95542
7.49797;6.65367
9.68242;8.82872
11.6486;11.162
12.4377;12.749
11.4083;12.3654
9.01976;9.76263
6.3635;6.33506
4.20996;3.61645
2.77236;2.03661
1.95274;1.31378
1.5791;1.08752
1.51495;1.13243
1.68714;1.35176
2.08325;1.73319
2.74479;2.31995
3.76338;3.20079
5.27038;4.50795
7.38316;6.39852
10.0209;8.95605
12.5305;11.8896
13.5543;14.0386
12.1301;13.5661
8.99726;10.04
5.71656;5.62526
3.20694;2.43133
1.59759;0.750599
0.670102;0.0251051
0.163804;-0.25028
-0.118613;-0.357762
-0.303761;-0.428216
-0.469984;-0.519398
-0.671861;-0.663239
-0.96022;-0.890985
-1.39919;-1.24833
-2.08374;-1.80902
-3.15969;-2.69173
-4.83842;-4.07947
-7.36082;-6.22192
-10.7548;-9.33219
-14.1507;-13.1274
-15.3296;-15.8892
-12.8392;-14.8155
-8.31612;-9.67023
-4.15222;-3.94409
-1.27409;-0.3362
0.460052;1.3022
1.47765;1.95835
2.15543;2.29772
2.75747;2.6458
3.46349;3.15888
4.40738;3.93449
5.69378;5.0586
7.36851;6.60079
9.3119;8.54111
11.0733;10.599
11.8797;12.0416
11.1637;11.8845
9.19635;9.83345
6.84791;6.8869
4.83932;4.35512
3.44449;2.76956
2.63538;1.99867
2.28558;1.75555
2.28379;1.83677
2.57262;2.15189
3.15288;2.69535
4.07647;3.52061
5.42831;4.72244
7.2727;6.40759
9.50991;8.60637
11.6258;11.0516
12.6239;12.8666
11.7271;12.724
9.31176;10.1707
6.52908;6.57817
4.23977;3.65559
2.69721;1.94055
1.80315;1.1456
1.37084;0.875282
1.24757;0.877666
1.34538;1.03926
1.63721;1.33476
2.14847;1.79357
2.95388;2.48772
4.17751;3.53356
5.97638;5.09302
8.44662;7.33796
11.3317;10.2797
13.5717;13.3105
13.5915;14.7081
11.0533;12.6667
7.43561;8.04414
4.25824;3.73247
2.06183;1.14289
0.73307;-0.063174
-0.0241702;-0.554242
-0.472673;-0.767358
-0.795887;-0.921501
-1.11597;-1.12086
-1.5252;-1.4277
-2.11476;-1.90389
-2.99859;-2.63582
-4.32928;-3.75164
-6.28513;-5.42576
-8.9548;-7.82953
-11.9781;-10.9066
-14.0612;-13.8271
-13.5547;-14.6603
-10.498;-11.9851
-6.68104;-7.19157
-3.54905;-3.05037
-1.47068;-0.675536
-0.23682;0.392144
0.478495;0.829148
0.941335;1.05451
1.33508;1.2746
1.78826;1.59351
2.40934;2.08635
3.31539;2.83985
4.64745;3.97392
6.55118;5.64285
9.05695;7.97934
11.7625;10.8796
13.4996;13.5333
12.9423;14.1793
10.2053;11.5624
6.79218;7.09454
3.94498;3.32069
2.02489;1.14727
0.883215;0.153567
0.249639;-0.238951
-0.102325;-0.390163
-0.324646;-0.475478
-0.512472;-0.573295
-0.730275;-0.723943
-1.03454;-0.961948
-1.49284;-1.33462
-2.20241;-1.91699
-3.30982;-2.82868
-5.02274;-4.25168
-7.56475;-6.42691
-10.9164;-9.53648
-14.1446;-13.2276
-15.089;-15.7361
-12.5187;-14.4332
-8.10881;-9.33719
-4.10348;-3.85346
-1.34316;-0.430508
0.320692;1.12916
1.29805;1.75936
1.94874;2.08706
2.52573;2.42115
3.20327;2.91223
4.11552;3.65779
5.37603;4.74962
7.05479;6.27431
9.0762;8.2494
11.0308;10.4527
12.106;12.1812
11.5782;12.3352
9.60159;10.3797
7.09874;7.24952
4.9053;4.44768
3.35863;2.66262
2.43857;1.77741
2.00227;1.46468
1.91758;1.48442
2.10834;1.72253
2.55961;2.15751
3.31192;2.8306
4.45252;3.8306
6.08983;5.28132
8.26576;7.29817
10.7319;9.84114
12.6543;12.3812
12.8407;13.606
10.9308;12.1632
7.93716;8.51731
5.11693;4.77558
3.06069;2.28764
1.78302;1.02533
1.08135;0.506354
0.748204;0.352763
0.639176;0.365189
0.675228;0.463027
0.827876;0.629579
1.10727;0.883267
1.5588;1.269
2.26873;1.86268
3.37648;2.78463
5.08135;4.21644
7.59318;6.39838
10.8759;9.51882
14.0088;13.2634
14.9187;15.9158
12.436;14.6405
8.15235;9.32645
4.23127;3.78071
1.51027;0.433489
-0.136891;-1.07343
-1.10268;-1.68434
-1.73714;-1.99929
-2.28799;-2.31214
-2.92681;-2.76782
-3.78776;-3.46174
-4.99115;-4.48671
-6.63012;-5.93882
-8.68262;-7.86594
-10.8158;-10.1115
-12.2287;-12.0568
-12.0303;-12.6059
-10.161;-11.0178
-7.53672;-7.94253
-5.1326;-4.90457
-3.3921;-2.84279
-2.32589;-1.76979
-1.78036;-1.34693
-1.60062;-1.28855
-1.68772;-1.44476
-2.00586;-1.76987
-2.57627;-2.28569
-3.47183;-3.06303
-4.80941;-4.21578
-6.71415;-5.88752
-9.18699;-8.18219
-11.7903;-10.9374
-13.3669;-13.298
-12.7013;-13.6708
-9.99468;-11.1594
-6.6955;-7.05735
-3.96078;-3.52296
-2.12014;-1.4269
-1.03025;-0.45146
-0.43581;-0.0709492
-0.124448;0.0581346
0.0437187;0.103953
0.151526;0.13731
0.247582;0.187121
0.364792;0.269569
0.53382;0.402342
0.794126;0.613144
1.20589;0.948216
1.8661;1.48469
2.93073;2.34978
4.63667;3.74703
7.27685;5.97337
10.9478;9.33845
14.7311;13.6855
16.0228;17.1438
13.1105;15.9326
8.04297;9.51823
3.55243;2.95271
0.543297;-0.737131
-1.23289;-2.268
-2.27317;-2.85941
-2.98685;-3.19561
-3.64944;-3.58692
-4.43806;-4.17587
-5.46624;-5.04143
-6.78646;-6.22976
-8.34215;-7.72528
-9.87576;-9.36088
-10.8921;-10.7082
-10.8797;-11.1303
-9.75072;-10.2083
-7.97026;-8.23496
-6.16627;-6.05226
-4.74273;-4.35546
-3.82271;-3.34746
-3.37134;-2.91925
-3.31421;-2.90712
-3.59908;-3.20683
-4.21445;-3.78767
-5.1824;-4.6728
-6.52659;-5.908
-8.19783;-7.50555
-9.9448;-9.33345
-11.2162;-10.9586
-11.3592;-11.633
-10.1776;-10.7553
-8.18388;-8.56449
-6.13454;-6.05864
-4.51471;-4.10708
-3.45935;-2.95437
-2.91204;-2.4491
-2.77196;-2.3792
-2.96695;-2.6109
-3.47544;-3.10029
-4.32386;-3.87056
-5.56747;-4.98659
-7.23861;-6.51841
-9.22623;-8.45711
-11.0885;-10.5392
-12.0201;-12.0488
-11.3747;-12.0076
-9.37921;-10.072
-6.94126;-7.13794
-4.83816;-4.51705
-3.36995;-2.83103
-2.50842;-1.99266
-2.11705;-1.70739
-2.07358;-1.75294
-2.31126;-2.0247
-2.82338;-2.50761
-3.65718;-3.24812
-4.90155;-4.33746
-6.64967;-5.89091
-8.88443;-7.98196
-11.2301;-10.4551
-12.7392;-12.5986
-12.3712;-13.1081
-10.1481;-11.1508
-7.21115;-7.61898
-4.63681;-4.32547
-2.83417;-2.21811
-1.74882;-1.17613
-1.17998;-0.771471
-0.945098;-0.686346
-0.926577;-0.760517
-1.06961;-0.938188
-1.37006;-1.22272
-1.86749;-1.65564
-2.64675;-2.3141
-3.8447;-3.3193
-5.6444;-4.84463
-8.19628;-7.09022
-11.32;-10.1197
-13.9391;-13.3666
-14.2012;-15.0395
-11.5206;-13.1647
-7.54775;-8.4042
-4.05934;-3.72095
-1.66785;-0.848811
-0.22531;0.482224
0.61469;1.02881
1.15414;1.29959
1.60571;1.55037
2.11774;1.90815
2.81121;2.4587
3.80901;3.29396
5.24599;4.53293
7.2309;6.31131
9.69305;8.69565
12.0699;11.427
13.1775;13.5055
12.0813;13.3137
9.28945;10.3012
6.19067;6.20904
3.72516;3.04596
2.10332;1.28726
1.16401;0.50136
0.67493;0.216572
0.453287;0.152664
0.385842;0.180796
0.414944;0.255322
0.521331;0.371067
0.713452;0.544243
1.02493;0.808186
1.51994;1.21832
2.30642;1.86452
3.55499;2.89066
5.50744;4.51669
8.40018;7.03139
12.0801;10.6235
15.1504;14.7158
15.1056;16.844
11.462;13.9117
6.67939;7.38192
2.81988;1.94934
0.327575;-0.857691
-1.13383;-2.00488
-2.01423;-2.47844
-2.66251;-2.8017
-3.31379;-3.21626
-4.12804;-3.84429
-5.22127;-4.76936
-6.66243;-6.05724
-8.41125;-7.71862
-10.1896;-9.59582
-11.3986;-11.2002
-11.3797;-11.7323
-10.0176;-10.6295
-7.91693;-8.26432
-5.85041;-5.71929
-4.26565;-3.82402
-3.25941;-2.7477
-2.75524;-2.30097
-2.64682;-2.267
-2.86367;-2.51892
-3.38864;-3.0207
-4.25381;-3.80223
-5.52141;-4.93498
-7.23178;-6.49665
-9.27803;-8.48594
-11.2047;-10.6375
-12.1645;-12.2048
-11.4754;-12.1521
-9.38835;-10.1188
-6.86587;-7.0652
-4.71097;-4.37165
-3.21802;-2.66346
-2.34409;-1.8242
-1.9407;-1.53756
-1.87791;-1.57174
-2.08383;-1.81831
-2.54766;-2.25962
-3.31365;-2.93933
-4.47257;-3.94754
-6.13567;-5.40731
-8.34373;-7.42736
-10.8349;-9.94532
-12.744;-12.3915
-12.8614;-13.4659
-10.8668;-11.9789
-7.82474;-8.4469
-4.99787;-4.80042
-2.95484;-2.33755
-1.69238;-1.07697
-0.99993;-0.557277
-0.667712;-0.400275
-0.550751;-0.403785
-0.568958;-0.485154
-0.691204;-0.625104
-0.922546;-0.837643
-1.29982;-1.16029
-1.89614;-1.65719
-2.83331;-2.4311
-4.29582;-3.64109
-6.51626;-5.51265
-9.6221;-8.28198
-13.1136;-11.8875
-15.1818;-15.1647
-13.8407;-15.4892
-9.77559;-11.4783
-5.42299;-5.66718
-2.17911;-1.38569
-0.152479;0.750663
1.03213;1.62681
1.77064;2.01686
2.35539;2.32844
2.98537;2.75465
3.80583;3.40431
4.93668;4.36825
6.46715;5.73619
8.3851;7.55838
10.4134;9.71584
11.8622;11.688
11.8992;12.4628
10.3414;11.1898
7.92856;8.31094
5.59346;5.30431
3.83645;3.18539
2.73007;2.0429
2.15569;1.5755
1.97244;1.50684
2.08608;1.68591
2.46351;2.06584
3.1291;2.67059
4.15664;3.57537
5.65007;4.89422
7.67766;6.74832
10.0908;9.15477
12.2272;11.7472
12.9297;13.424
11.5265;12.7202
8.7226;9.52174
5.8129;5.6773
3.56896;2.86403
2.12142;1.34082
1.30308;0.677834
0.902812;0.461049
0.762651;0.453909
0.792;0.554371
0.955788;0.736635
1.26225;1.01731
1.75868;1.44372
2.5361;2.09701
3.73937;3.10454
5.56553;4.65306
8.18772;6.97155
11.443;10.1772
14.2039;13.7519
14.466;15.7414
11.604;13.6496
7.42779;8.23572
3.81678;3.20854
1.3718;0.323538
-0.0941101;-0.954824
-0.955413;-1.47834
-1.53013;-1.76235
-2.04102;-2.05828
-2.64476;-2.49367
-3.46982;-3.159
-4.64092;-4.15034
-6.27164;-5.57809
-8.38517;-7.52515
-10.7083;-9.89821
-12.4342;-12.1336
-12.5014;-13.0517
-10.6566;-11.6413
-7.84511;-8.39696
-5.20141;-5.02327
-3.26645;-2.69465
-2.06447;-1.47443
-1.4188;-0.971982
-1.14544;-0.848309
-1.11918;-0.919746
-1.27967;-1.11764
-1.62152;-1.44171
-2.18735;-1.93605
-3.06809;-2.68436
-4.40489;-3.81554
-6.36714;-5.50312
-9.0295;-7.91161
-12.0101;-10.9667
-14.0107;-13.8157
-13.4372;-14.5486
-10.3862;-11.8331
-6.62348;-7.09864
-3.54737;-3.04446
-1.50829;-0.723832
-0.29913;0.320276
0.398972;0.746327
0.845583;0.96177
1.219;1.16705
1.64335;1.46258
2.22273;1.91989
3.06979;2.62147
4.32387;3.68335
6.14111;5.26134
8.59836;7.51131
11.4017;10.4091
13.4796;13.2984
13.3542;14.4773
10.8122;12.3247
7.30327;7.8238
4.24841;3.70974
2.14173;1.24607
0.870449;0.095714
0.153461;-0.369189
-0.257124;-0.558945
-0.53252;-0.678489
-0.783599;-0.822644
-1.0896;-1.04368
-1.52435;-1.38946
-2.17877;-1.92615
-3.18116;-2.7561
-4.70983;-4.03368
-6.96424;-5.96513
-9.98332;-8.72706
-13.1379;-12.1263
-14.6855;-14.8852
-13.0964;-14.6631
-9.25892;-10.6687
-5.29945;-5.40483
-2.36586;-1.61708
-0.529063;0.291362
0.543966;1.08941
1.20272;1.44192
1.70639;1.7057
2.23316;2.05295
2.91781;2.58374
3.88449;3.38887
5.25959;4.57717
7.13889;6.26779
9.45328;8.51229
11.7016;11.0703
12.8347;13.0568
11.9707;13.0353
9.46338;10.4184
6.54487;6.63175
4.14423;3.54519
2.52869;1.74723
1.58634;0.916784
1.11243;0.621914
0.939009;0.589866
0.964886;0.694962
1.14893;0.900963
1.49854;1.22282
2.0648;1.71177
2.94593;2.45677
4.29291;3.59478
6.292;5.31629
9.04239;7.82077
12.1698;11.0905
14.2961;14.2872
13.6796;15.2336
10.4328;12.152
6.48172;6.82716
3.29668;2.53295
1.20826;0.217499
-0.0268469;-0.787246
-0.753016;-1.20371
-1.24548;-1.44427
-1.69412;-1.70885
-2.23496;-2.10266
-2.98615;-2.70769
-4.0737;-3.62007
-5.63416;-4.96357
-7.75758;-6.86563
-10.2943;-9.33755
-12.5222;-11.9666
-13.175;-13.568
-11.5713;-12.7031
-8.55599;-9.39395
-5.52464;-5.49383
-3.24011;-2.65653
-1.78795;-1.1358
-0.966635;-0.479075
-0.546114;-0.251643
-0.357285;-0.206079
-0.298888;-0.232652
-0.320247;-0.294129
-0.404197;-0.387036
-0.556997;-0.52503
-0.80576;-0.735347
-1.20289;-1.06303
-1.83779;-1.58145
-2.85598;-2.40967
-4.47939;-3.73599
-6.98763;-5.83193
-10.504;-8.97638
-14.2701;-13.0213
-15.9032;-16.3078
-13.4775;-15.6261
-8.62327;-10.2417
-4.09185;-3.93362
-0.969924;0.0490754
0.897666;1.81734
1.98739;2.50441
2.71385;2.85725
3.36244;3.22996
4.11979;3.78482
5.11123;4.61246
6.41015;5.77574
7.99762;7.29252
9.66434;9.05097
10.928;10.6692
11.189;11.4508
10.2096;10.7602
8.39523;8.72671
6.44055;6.28974
4.84162;4.33506
3.77045;3.14763
3.19972;2.6073
3.04328;2.51639
3.23341;2.74371
3.747;3.24278
4.60415;4.03193
5.84657;5.16806
7.48109;6.70597
9.36028;8.61007
11.0247;10.5846
11.7346;11.908
10.9854;11.6655
9.06695;9.64215
6.80666;6.81323
4.87985;4.39768
3.54429;2.88317
2.7763;2.14864
2.45981;1.92881
2.49324;2.03529
2.82671;2.38622
3.46637;2.98128
4.46547;3.87679
5.89973;5.16467
7.79791;6.9319
9.97841;9.14896
11.8252;11.4302
12.373;12.7971
11.1135;12.0846
8.64311;9.28469
6.04258;5.91254
3.99696;3.36549
2.66034;1.93206
1.91649;1.2982
1.59687;1.12154
1.57501;1.19874
1.78809;1.44832
2.23307;1.86804
2.96037;2.50928
4.06942;3.46875
5.69271;4.88472
7.9226;6.90757
10.5878;9.56973
12.8745;12.4331
13.3954;14.1378
11.5137;12.9608
8.26818;9.06609
5.14028;4.84927
2.84892;2.02677
1.41738;0.606879
0.607227;0.0132215
0.17188;-0.204477
-0.0664039;-0.285579
-0.218411;-0.337655
-0.350985;-0.406711
-0.509414;-0.517519
-0.734859;-0.694366
-1.07878;-0.973301
-1.618;-1.4133
-2.4734;-2.11103
-3.83136;-3.2213
-5.94695;-4.97611
-9.03436;-7.65747
-12.7881;-11.3511
-15.4987;-15.137
-14.705;-16.285
-10.5893;-12.6228
-5.83584;-6.34115
-2.21048;-1.42292
0.0662227;1.06187
1.39239;2.06519
2.21071;2.49477
2.84926;2.82698
3.52676;3.28074
4.39275;3.96942
5.55345;4.97352
7.05802;6.35226
8.82211;8.09293
10.4982;9.98094
11.4493;11.4409
11.1082;11.6325
9.54078;10.1306
7.43015;7.57252
5.4826;5.11915
4.05108;3.43661
3.18066;2.54636
2.78402;2.22446
2.76368;2.27491
3.0634;2.59823
3.67919;3.17882
4.65146;4.0599
6.03847;5.31844
7.84687;7.02056
9.88191;9.11252
11.5641;11.2079
12.0386;12.411
10.8766;11.7193
8.60661;9.16162
6.18994;6.06419
4.26256;3.67371
2.99162;2.29421
2.29056;1.6769
2.01578;1.52159
2.0586;1.6445
2.37017;1.97486
2.96057;2.52047
3.89167;3.34436
5.26199;4.55165
7.15691;6.26572
9.50202;8.54357
11.7818;11.1435
12.9165;13.1579
12.0074;13.109
9.43685;10.4091
6.47366;6.549
4.0535;3.4371
2.43292;1.64268
1.4891;0.82
1.01057;0.526628
0.825532;0.487091
0.82978;0.574536
0.978329;0.750457
1.27269;1.02532
1.75499;1.44284
2.51112;2.08061
3.67958;3.06103
5.45033;4.56377
7.99629;6.81108
11.187;9.92824
13.9898;13.461
14.4607;15.594
11.8256;13.8391
7.73636;8.64406
4.10033;3.57568
1.59904;0.570932
0.0883388;-0.787283
-0.794914;-1.34274
-1.36938;-1.6271
-1.86012;-1.90276
-2.42436;-2.30095
-3.18943;-2.91124
-4.28041;-3.82763
-5.82166;-5.16348
-7.87749;-7.02427
-10.2686;-9.38633
-12.2913;-11.8145
-12.8102;-13.1973
-11.2745;-12.2914
-8.46729;-9.20152
-5.6384;-5.597
-3.48871;-2.94459
-2.11585;-1.49614
-1.34985;-0.867925
-0.988173;-0.672967
-0.883105;-0.687651
-0.953508;-0.817836
-1.17369;-1.04468
-1.56306;-1.39318
-2.18384;-1.92252
-3.14672;-2.7306
-4.61598;-3.96504
-6.78109;-5.82271
-9.69373;-8.47772
-12.8064;-11.7778
-14.511;-14.5826
-13.2317;-14.6698
-9.60981;-11.0493
-5.69019;-5.90927
-2.70737;-2.02412
-0.811418;0.00451617
0.298445;0.868308
0.965156;1.23686
1.44882;1.48256
1.92797;1.78533
2.53499;2.2452
3.39065;2.9485
4.62443;4.0006
6.36204;5.53115
8.63126;7.64821
11.1153;10.2673
12.8744;12.7455
12.7287;13.6499
10.5349;11.7565
7.46024;7.89667
4.70915;4.25733
2.76449;1.96383
1.58097;0.842852
0.940503;0.39711
0.639225;0.272139
0.540225;0.288602
0.569836;0.376269
0.701408;0.521619
0.943307;0.741595
1.33547;1.0761
1.95482;1.59245
2.92828;2.39855
4.44642;3.66175
6.7433;5.61967
9.92181;8.52064
13.391;12.2953
15.2308;15.6856
13.5787;15.7712
9.38353;11.1006
5.08473;4.99344
1.94759;0.895707
0.00758656;-1.033
-1.12582;-1.81101
-1.84264;-2.17347
-2.42654;-2.4884
-3.07063;-2.93109
-3.91719;-3.60458
-5.08384;-4.59734
-6.6533;-5.99342
-8.59424;-7.82515
-10.5916;-9.93238
-11.9217;-11.7433
-11.7867;-12.2783
-10.1068;-10.8702
-7.67703;-8.06199
-5.39713;-5.20667
-3.71435;-3.20489
-2.67238;-2.13139
-2.14639;-1.70331
-1.99981;-1.65995
-2.14547;-1.86046
-2.55716;-2.2647
-3.26532;-2.90145
-4.34817;-3.84909
-5.90858;-5.22064
-7.99686;-7.12289
-10.4105;-9.52395
-12.4057;-11.9576
-12.8266;-13.2668
-11.1757;-12.2181
-8.3076;-9.01546
-5.47858;-5.39748
-3.35668;-2.79292
-2.01334;-1.39387
-1.26789;-0.795278
-0.915954;-0.612099
-0.810835;-0.626495
-0.872198;-0.747802
-1.0738;-0.957791
-1.43271;-1.27974
-2.00684;-1.76903
-2.901;-2.51783
-4.275;-3.66729
-6.32748;-5.41315
-9.16759;-7.95572
-12.3978;-11.2484
-14.5393;-14.3557
-13.7677;-15.0763
-10.3092;-11.9202
-6.23268;-6.67266
-3.01278;-2.39848
-0.928949;-0.0788998
0.298669;0.923326
1.03124;1.34359
1.55107;1.60635
2.0527;1.91721
2.6776;2.38631
3.54989;3.10255
4.79644;4.16915
6.53155;5.70758
8.75857;7.80654
11.1314;10.347
12.7252;12.6577
12.466;13.3648
10.302;11.419
7.35365;7.71344
4.73314;4.27466
2.88312;2.10662
1.76182;1.04339
1.16819;0.628379
0.915181;0.534981
0.880335;0.599624
1.00448;0.763946
1.27918;1.02852
1.73893;1.43128
2.46215;2.04457
3.57847;2.98376
5.26855;4.41891
7.70613;6.56387
10.8074;9.55695
13.6731;13.0341
14.4503;15.3756
12.1558;14.1148
8.19823;9.25389
4.51931;4.12527
1.92502;0.93025
0.338947;-0.558378
-0.584452;-1.16911
-1.16567;-1.46001
-1.6344;-1.71201
-2.14953;-2.06316
-2.83665;-2.60213
-3.81872;-3.41869
-5.2274;-4.62536
-7.16773;-6.34645
-9.57366;-8.633
-11.9133;-11.2199
-13.0566;-13.1662
-12.0738;-13.0409
-9.39632;-10.3628
-6.3559;-6.5508
-3.9007;-3.43385
-2.26966;-1.61903
-1.32153;-0.784586
-0.833357;-0.481244
-0.626533;-0.423344
-0.591241;-0.477283
-0.67526;-0.598276
-0.868858;-0.78761
-1.19651;-1.07418
-1.71766;-1.51244
-2.536;-2.19093
-3.81341;-3.24806
-5.769;-4.88638
-8.58718;-7.34715
-12.0379;-10.7104
-14.7547;-14.2565
-14.5519;-15.7451
-11.1435;-13.0246
-6.72217;-7.44266
-3.12106;-2.5539
-0.767602;0.157128
0.622778;1.32302
1.45535;1.80564
2.05202;2.10828
2.63419;2.47204
3.35873;3.02173
4.35329;3.85043
5.72715;5.05293
7.53145;6.71249
9.62842;8.81294
11.49;11.0319
12.2245;12.5098
11.2494;12.1254
8.98882;9.67041
6.45418;6.42501
4.37915;3.8138
2.98401;2.27009
2.19051;1.55612
1.84342;1.34081
1.81808;1.41213
2.05058;1.6803
2.53752;2.1396
3.3298;2.84173
4.52431;3.88423
6.2367;5.39933
8.50347;7.50626
11.0332;10.1461
12.901;12.7133
12.8739;13.7738
10.7204;11.9945
7.60033;8.1016
4.77399;4.3458
2.7641;1.95633
1.53456;0.782849
0.861773;0.310369
0.533213;0.166601
0.403857;0.161187
0.392395;0.216629
0.463456;0.312438
0.613397;0.456124
0.863974;0.672962
1.26407;1.00709
1.8993;1.53048
2.90891;2.35923
4.50314;3.67591
6.9423;5.74346
10.3336;8.83889
13.9666;12.8684
15.6324;16.3413
13.4624;15.951
8.85383;10.5168
4.42938;4.12505
1.32397;0.158509
-0.554663;-1.60396
-1.65185;-2.29803
-2.37164;-2.64836
-2.99781;-3.00092
-3.71987;-3.51853
-4.67196;-4.29677
-5.94844;-5.41057
-7.57228;-6.90537
-9.39391;-8.72108
-10.959;-10.5399
-11.5713;-11.6745
-10.7926;-11.3496
-8.92977;-9.45574
-6.76453;-6.85177
-4.92524;-4.59452
-3.6533;-3.14963
-2.92966;-2.44106
-2.64912;-2.23756
-2.72012;-2.36609
-3.1003;-2.75116
-3.80021;-3.39522
-4.87197;-4.35361
-6.37647;-5.70773
-8.29783;-7.5096
-10.3687;-9.64752
-11.8992;-11.6161
-12.0175;-12.4371
-10.4854;-11.2868
-8.03634;-8.52386
-5.64006;-5.52006
-3.82722;-3.33138
-2.67932;-2.12328
-2.07428;-1.61476
-1.86433;-1.51905
-1.94852;-1.67241
-2.28787;-2.01916
-2.90153;-2.57679
-3.85997;-3.41479
-5.27078;-4.64345
-7.22749;-6.38928
-9.65262;-8.70266
-11.9927;-11.3066
-13.0947;-13.2325
-12.0423;-13.0349
-9.31369;-10.2752
-6.26011;-6.43167
-3.81516;-3.33204
-2.19986;-1.54598
-1.2638;-0.731188
-0.781353;-0.436171
-0.573802;-0.37812
-0.531415;-0.425532
-0.601216;-0.533903
-0.771338;-0.703041
-1.06222;-0.958548
-1.52665;-1.34928
-2.25846;-1.9552
-3.40742;-2.90276
-5.18745;-4.38259
-7.82112;-6.64271
-11.2478;-9.85247
-14.4107;-13.5756
-15.0656;-15.8808
-12.195;-14.1617
-7.69697;-8.80551
-3.75616;-3.39548
-1.09121;-0.153315
0.501751;1.2885
1.44204;1.87126
2.08392;2.19309
2.67364;2.54397
3.38129;3.06672
4.33821;3.85678
5.65207;5.00413
7.37474;6.58617
9.38782;8.5909
11.22;10.7331
12.0479;12.2394
11.2698;12.0545
9.19197;9.87116
6.74735;6.78074
4.68239;4.17215
3.26209;2.5684
2.44093;1.8003
2.07894;1.55714
2.05645;1.62613
2.31085;1.91337
2.83942;2.41114
3.69298;3.17115
4.96321;4.28984
6.74328;5.88879
9.00722;8.04803
11.3529;10.6115
12.8003;12.8328
12.3235;13.2959
10.0158;11.0909
7.05768;7.32054
4.50497;3.98916
2.73514;1.95168
1.67695;0.974448
1.12522;0.603934
0.898286;0.5315
0.880432;0.606945
1.01803;0.779463
1.30696;1.05385
1.78561;1.47111
2.5367;2.10694
3.69482;3.08117
5.44429;4.56905
7.95147;6.78589
11.0884;9.85076
13.8587;13.3221
14.3779;15.4495
11.8523;13.8127
7.84727;8.76959
4.243;3.75654
1.74367;0.736022
0.228056;-0.646211
-0.65527;-1.2122
-1.22018;-1.49216
-1.68933;-1.74995
-2.21756;-2.11657
-2.92951;-2.67953
-3.94902;-3.53029
-5.4074;-4.78343
-7.40049;-6.56074
-9.82892;-8.89417
-12.097;-11.4643
-13.0438;-13.2549
-11.8453;-12.8572
-9.07701;-9.98172
-6.0751;-6.18392
-3.7086;-3.20358
-2.16016;-1.51368
-1.27113;-0.752892
-0.820948;-0.485698
-0.638855;-0.445652
-0.622481;-0.511591
-0.725576;-0.645653
-0.943615;-0.853591
-1.30675;-1.16864
-1.88188;-1.65111
-2.78296;-2.3982
-4.18372;-3.56015
-6.30614;-5.35041
-9.28786;-7.99866
-12.7174;-11.4816
-14.959;-14.7921
-14;-15.478
-10.2038;-11.9374
-5.89025;-6.28321
-2.57337;-1.86437
-0.465441;0.433468
0.770553;1.39572
1.52571;1.80944
2.09667;2.10623
2.68649;2.49188
3.44294;3.07922
4.49097;3.96063
5.93785;5.23377
7.82182;6.97966
9.96223;9.15833
11.7538;11.3785
12.267;12.6822
11.0259;11.9583
8.61296;9.22299
6.07119;5.93785
4.06661;3.44657
2.75475;2.03625
2.02764;1.41166
1.72456;1.24411
1.72503;1.33727
1.97118;1.61375
2.46499;2.07524
3.262;2.77788
4.46435;3.82318
6.19521;5.34899
8.50091;7.48375
11.0938;10.1794
13.0229;12.8263
12.9984;13.9381
10.775;12.1064
7.5675;8.08602
4.67983;4.23446
2.63759;1.81044
1.39106;0.631657
0.703764;0.156313
0.354226;0.000539759
0.190558;-0.031171
0.124095;-0.0211156
0.109051;0.00261053
0.125343;0.0346347
0.168049;0.078819
0.242579;0.144142
0.364146;0.245212
0.560948;0.405666
0.88158;0.66462
1.40842;1.0877
2.27944;1.78537
3.71804;2.94137
6.04773;4.84676
9.56696;7.89056
13.897;12.281
16.7235;16.9243
15.0282;17.9471
9.79829;12.3067
4.50047;4.40878
0.779365;-0.57909
-1.43643;-2.69068
-2.69576;-3.45433
-3.48886;-3.79985
-4.14688;-4.13976
-4.87122;-4.64677
-5.77409;-5.39483
-6.89201;-6.40678
-8.16126;-7.64192
-9.37103;-8.9412
-10.165;-9.9745
-10.1967;-10.3039
-9.39434;-9.65521
-8.05171;-8.20769
-6.61437;-6.51551
-5.42002;-5.10204
-4.61691;-4.19553
-4.22105;-3.78299
-4.19773;-3.77065
-4.51328;-4.08285
-5.15261;-4.68785
-6.10873;-5.58482
-7.34443;-6.76809
-8.7233;-8.16477
-9.93901;-9.54667
-10.5503;-10.4809
-10.2296;-10.4766
-9.05564;-9.37178
-7.47562;-7.57529
-5.97361;-5.77511
-4.83455;-4.44343
-4.13921;-3.68939
-3.86108;-3.42377
-3.9504;-3.53227
-4.37607;-3.94788
-5.1335;-4.6562
-6.22599;-5.67278
-7.61469;-6.99988
-9.13123;-8.54959
-10.3949;-10.0345
-10.8859;-10.921
-10.2913;-10.6594
-8.81955;-9.18327
-7.04153;-7.09873
-5.46782;-5.19689
-4.34234;-3.90193
-3.69686;-3.23229
-3.47442;-3.04505
-3.61422;-3.21186
-4.08735;-3.67165
-4.89999;-4.42371
-6.07236;-5.50142
-7.58404;-6.92795
-9.2703;-8.63151
-10.7075;-10.3096
-11.2776;-11.3454
-10.5934;-11.0638
-8.90926;-9.36685
-6.91069;-6.99155
-5.17887;-4.87902
-3.96205;-3.48677
-3.26634;-2.78662
-3.00832;-2.58663
-3.10991;-2.73215
-3.53516;-3.15354
-4.29439;-3.8528
-5.42881;-4.87832
-6.96671;-6.2899
-8.82323;-8.08706
-10.6385;-10.0626
-11.7132;-11.6219
-11.3873;-11.878
-9.70682;-10.3647
-7.4321;-7.70824
-5.34603;-5.1179
-3.8238;-3.32927
-2.89753;-2.38033
-2.45915;-2.02442
-2.39423;-2.04078
-2.63512;-2.3147
-3.17145;-2.82248
-4.04443;-3.60421
-5.32977;-4.74251
-7.08888;-6.33213
-9.24089;-8.39799
-11.3336;-10.6989
-12.4485;-12.4614
-11.783;-12.5229
-9.56793;-10.3991
-6.86614;-7.11237
-4.56578;-4.21268
-2.97874;-2.39484
-2.04403;-1.50915
-1.58946;-1.19283
-1.46555;-1.18591
-1.58469;-1.36453
-1.9214;-1.69925
-2.50506;-2.22095
-3.41585;-3.00646
-4.77904;-4.17594
-6.73006;-5.88179
-9.27672;-8.23843
-11.9624;-11.083
-13.56;-13.5141
-12.7971;-13.8417
-9.93879;-11.1519
-6.53127;-6.87422
-3.75092;-3.2728
-1.89981;-1.18428
-0.807377;-0.228556
-0.202407;0.147558
0.136291;0.294041
0.355718;0.381512
0.548189;0.486193
0.777576;0.648327
1.10184;0.904133
1.59217;1.30445
2.35191;1.93023
3.536;2.91036
5.35862;4.43969
8.02905;6.77084
11.4399;10.0729
14.4603;13.8923
14.8825;16.2038
11.8952;14.1559
7.45624;8.37825
3.63455;2.99173
1.06803;-0.0439445
-0.462993;-1.35852
-1.36862;-1.89386
-1.99102;-2.20167
-2.56783;-2.54618
-3.26466;-3.06069
-4.21234;-3.83825
-5.52276;-4.96973
-7.25882;-6.53636
-9.31981;-8.53383
-11.245;-10.6877
-12.1806;-12.2377
-11.4543;-12.144
-9.34012;-10.0681
-6.81082;-6.99806
-4.66279;-4.3142
-3.18073;-2.62358
-2.31632;-1.79806
-1.91947;-1.5193
-1.86046;-1.55712
-2.06811;-1.80486
-2.53231;-2.24601
-3.29797;-2.9249
-4.4566;-3.93221
-6.12077;-5.39189
-8.33353;-7.41441
-10.8355;-9.94031
-12.7601;-12.4017
-12.8873;-13.4926
-10.888;-12.0085
-7.83212;-8.46118
-4.99179;-4.79494
-2.93954;-2.31975
-1.67134;-1.05394
-0.974641;-0.531725
-0.637872;-0.371923
-0.514591;-0.370751
-0.523249;-0.444401
-0.630854;-0.572189
-0.839698;-0.765957
-1.18232;-1.05976
-1.72526;-1.51225
-2.58092;-2.21796
-3.92341;-3.32495
-5.98604;-5.04996
-8.95159;-7.64642
-12.5121;-11.1683
-15.098;-14.7423
-14.4635;-15.8837
-10.677;-12.5789
-6.15748;-6.7066
-2.62646;-1.93493
-0.371755;0.57362
0.950246;1.61916
1.75576;2.06179
2.36249;2.37486
2.98645;2.78149
3.78076;3.39986
4.86704;4.32032
6.33516;5.62888
8.18279;7.37628
10.1678;9.46262
11.6606;11.4239
11.8525;12.3228
10.4814;11.2915
8.18412;8.61073
5.87333;5.64821
4.08855;3.47241
2.94186;2.25863
2.33515;1.74253
2.13386;1.65058
2.2437;1.82546
2.62976;2.21473
3.3142;2.83902
4.36705;3.77099
5.88267;5.1193
7.90598;6.99003
10.2459;9.36487
12.2073;11.8218
12.696;13.2447
11.193;12.3158
8.45521;9.13035
5.6885;5.4918
3.57799;2.87816
2.22713;1.47168
1.4765;0.867933
1.13215;0.690289
1.05284;0.72668
1.16339;0.890643
1.44542;1.17011
1.92857;1.59896
2.68926;2.2494
3.85456;3.23734
5.59471;4.72935
8.0489;6.92087
11.0542;9.89345
13.6314;13.17
14.0488;15.0723
11.6363;13.4337
7.84491;8.68259
4.40983;3.95205
2.00687;1.05038
0.542833;-0.304768
-0.302922;-0.861132
-0.822765;-1.11733
-1.22445;-1.32487
-1.65021;-1.60642
-2.21176;-2.03959
-3.0215;-2.70402
-4.213;-3.7068
-5.93589;-5.18983
-8.27563;-7.29434
-10.9999;-10.0016
-13.17;-12.74
-13.3577;-14.0388
-11.1416;-12.4391
-7.77088;-8.48864
-4.69357;-4.45987
-2.50921;-1.82375
-1.16995;-0.519442
-0.416571;0.0184185
-0.0038596;0.220486
0.240255;0.312627
0.423891;0.396631
0.616666;0.519836
0.873382;0.714973
1.25345;1.02178
1.83879;1.50201
2.75309;2.25534
4.17989;3.4387
6.35362;5.28043
9.42091;8.03881
12.9426;11.7316
15.1753;15.3383
14.0397;16.0885
10.0437;11.9812
5.63406;5.77886
2.30385;1.31244
0.21066;-0.867403
-1.01351;-1.75432
-1.77123;-2.14726
-2.36241;-2.45648
-2.99095;-2.87589
-3.80433;-3.51409
-4.92275;-4.45969
-6.43524;-5.79773
-8.33185;-7.57147
-10.3449;-9.65614
-11.8021;-11.5441
-11.8799;-12.2912
-10.3746;-11.1361
-7.99671;-8.45094
-5.6718;-5.54676
-3.91001;-3.42501
-2.7947;-2.24846
-2.2132;-1.75536
-2.02684;-1.67448
-2.14176;-1.85067
-2.52478;-2.2334
-3.20001;-2.84441
-4.24044;-3.75678
-5.74695;-5.07996
-7.77895;-6.92302
-10.1697;-9.27521
-12.2385;-11.7282
-12.8474;-13.1949
-11.3889;-12.4007
-8.59978;-9.36708
-5.7432;-5.73358
-3.55325;-3.01919
-2.14623;-1.52222
-1.3562;-0.866598
-0.978173;-0.657426
-0.86062;-0.663195
-0.918862;-0.784772
-1.12405;-1.00014
-1.4923;-1.3316
-2.08182;-1.83506
-2.99832;-2.60403
-4.40166;-3.78085
-6.48525;-5.55995
-9.33673;-8.13033
-12.5099;-11.4085
-14.494;-14.3963
-13.5623;-14.9033
-10.0757;-11.6178
-6.07658;-6.44223
-2.9506;-2.3196
-0.936529;-0.102779
0.247762;0.853135
0.953914;1.25496
1.45468;1.50741
1.9377;1.80652
2.54005;2.25813
3.38362;2.94914
4.59662;3.98281
6.30297;5.48553
8.53343;7.56361
10.9901;10.1407
12.772;12.6069
12.7145;13.5803
10.6203;11.8258
7.59797;8.06622
4.85143;4.43394
2.89028;2.10328
1.68933;0.948665
1.03909;0.485839
0.738139;0.358636
0.650297;0.384674
0.703401;0.493023
0.874365;0.672346
1.17823;0.94493
1.66599;1.35996
2.43132;1.99939
3.62298;2.99223
5.44706;4.53039
8.09703;6.85662
11.4412;10.1178
14.3494;13.832
14.7024;16.0039
11.7707;13.9373
7.44665;8.31944
3.71603;3.08917
1.20142;0.117508
-0.302206;-1.18258
-1.1895;-1.71367
-1.79237;-2.01207
-2.34237;-2.33689
-3.00186;-2.81944
-3.90172;-3.55246
-5.16122;-4.63056
-6.86749;-6.14994
-8.97326;-8.14619
-11.087;-10.4193
-12.3468;-12.271
-11.9039;-12.5675
-9.85042;-10.6967
-7.18389;-7.50592
-4.83574;-4.54001
-3.17888;-2.60994
-2.185;-1.63944
-1.69036;-1.27585
-1.54321;-1.24739
-1.65108;-1.41865
-1.98426;-1.75323
-2.56901;-2.27843
-3.48278;-3.06899
-4.84699;-4.24268
-6.78991;-5.94704
-9.3073;-8.28658
-11.9333;-11.084
-13.4626;-13.437
-12.6807;-13.7048
-9.86986;-11.0402
-6.53121;-6.85502
-3.8043;-3.33384
-1.98599;-1.28343
-0.914097;-0.341568
-0.326765;0.0254823
-0.0101864;0.157466
0.176383;0.219457
0.318342;0.282576
0.469955;0.379754
0.674428;0.535456
0.979818;0.781565
1.45403;1.16908
2.20235;1.78179
3.38848;2.7553
5.24704;4.29933
8.0246;6.69702
11.6471;10.1668
14.9007;14.274
15.3025;16.7996
11.9819;14.495
7.20398;8.14478
3.19972;2.44318
0.565633;-0.627079
-0.987942;-1.90449
-1.91353;-2.42122
-2.57339;-2.74548
-3.21355;-3.14097
-4.00061;-3.73818
-5.05537;-4.62337
-6.45528;-5.86597
-8.18064;-7.48916
-9.99093;-9.36623
-11.3203;-11.0554
-11.4807;-11.7728
-10.2586;-10.8735
-8.19359;-8.59971
-6.07946;-6.00432
-4.41661;-3.99754
-3.33632;-2.82217
-2.77281;-2.30845
-2.61723;-2.23053
-2.79214;-2.44792
-3.27317;-2.9141
-4.08686;-3.65196
-5.29438;-4.72961
-6.9465;-6.22885
-8.97125;-8.1707
-10.9752;-10.3451
-12.1446;-12.0782
-11.7066;-12.3211
-9.75769;-10.5354
-7.22092;-7.51614
-4.96997;-4.68955
-3.37042;-2.82465
-2.41024;-1.87529
-1.94372;-1.52384
-1.8326;-1.51773
-1.99461;-1.73092
-2.40926;-2.13389
-3.11222;-2.7617
-4.18796;-3.69757
-5.75017;-5.06179
-7.8695;-6.97607
-10.3714;-9.43589
-12.5143;-12.0024
-13.0623;-13.4864
-11.4116;-12.5204
-8.43084;-9.21697
-5.46904;-5.41035
-3.2473;-2.66566
-1.83954;-1.19898
-1.0488;-0.56901
-0.653456;-0.358903
-0.492315;-0.332894
-0.471383;-0.388559
-0.548061;-0.495166
-0.716171;-0.657787
-0.998673;-0.90332
-1.449;-1.28024
-2.1607;-1.86743
-3.28366;-2.79041
-5.03547;-4.24065
-7.65426;-6.47392
-11.1208;-9.68706
-14.4288;-13.5036
-15.2726;-16.0228
-12.4532;-14.4797
-7.85651;-9.06489
-3.78897;-3.45604
-1.0323;-0.0719842
0.614767;1.42828
1.58592;2.03002
2.24858;2.36057
2.85743;2.72217
3.58636;3.26159
4.56569;4.07367
5.89475;5.24271
7.60479;6.831
9.5431;8.79542
11.2142;10.8075
11.8412;12.0855
10.9455;11.6841
8.90111;9.47052
6.58497;6.54423
4.65965;4.13806
3.35021;2.67488
2.60986;1.98626
2.31252;1.79365
2.35441;1.91057
2.68668;2.25985
3.31781;2.84503
4.30508;3.72592
5.73261;5.00003
7.64647;6.76672
9.89209;9.02131
11.8674;11.4109
12.5569;12.9538
11.3519;12.3788
8.82155;9.54927
6.11085;6.0215
3.9651;3.3284
2.55642;1.80982
1.7617;1.13236
1.399;0.925721
1.32915;0.968203
1.47788;1.16675
1.8306;1.50932
2.42495;2.03608
3.34846;2.83061
4.73525;4.02172
6.73256;5.7769
9.35801;8.23658
12.1381;11.268
13.77;13.9386
12.9117;14.3181
9.89234;11.256
6.36563;6.54834
3.53159;2.81579
1.66452;0.764197
0.565364;-0.145369
-0.0542333;-0.507586
-0.425337;-0.67159
-0.703076;-0.805563
-0.990342;-0.989871
-1.36744;-1.27649
-1.91809;-1.72241
-2.75172;-2.411
-4.02103;-3.46927
-5.91753;-5.07709
-8.57721;-7.4331
-11.7405;-10.5596
-14.1792;-13.7542
-14.0385;-15.0648
-11.0441;-12.6852
-7.0291;-7.72054
-3.65464;-3.2009
-1.39487;-0.560747
-0.0462371;0.628914
0.743401;1.11796
1.26682;1.37886
1.7279;1.64505
2.27074;2.0351
3.01658;2.6347
4.09067;3.53988
5.62593;4.87328
7.70841;6.76354
10.1931;9.23391
12.3883;11.9067
13.0754;13.6218
11.5689;12.8342
8.6463;9.46389
5.6623;5.49708
3.38907;2.65337
1.93419;1.14166
1.11119;0.49062
0.697661;0.271294
0.528709;0.243274
0.507261;0.301653
0.589141;0.414678
0.768121;0.587732
1.06856;0.849247
1.54684;1.25059
2.30119;1.87538
3.48752;2.85641
5.32671;4.39501
8.04079;6.75547
11.5314;10.1239
14.631;14.0482
15.0319;16.4248
11.9125;14.2637
7.34797;8.27055
3.46272;2.77481
0.875317;-0.266433
-0.661395;-1.56334
-1.57354;-2.09065
-2.21069;-2.40538
-2.81377;-2.77126
-3.54942;-3.32091
-4.54605;-4.14596
-5.90461;-5.33113
-7.6578;-6.93798
-9.64617;-8.91506
-11.3483;-10.9114
-11.9504;-12.1271
-10.972;-11.6581
-8.83547;-9.43383
-6.46035;-6.52446
-4.51281;-4.12322
-3.20173;-2.65948
-2.465;-1.97175
-2.16762;-1.7778
-2.20157;-1.8865
-2.51614;-2.21804
-3.1191;-2.77435
-4.06903;-3.61403
-5.45739;-4.83523
-7.35263;-6.54487
-9.64781;-8.76261
-11.7947;-11.1864
-12.7457;-12.8965
-11.7263;-12.6203
-9.19172;-10.0394
-6.34912;-6.49357
-4.05087;-3.60322
-2.52076;-1.90358
-1.63944;-1.11811
-1.2103;-0.849434
-1.07665;-0.841851
-1.14795;-0.979395
-1.39343;-1.23367
-1.83225;-1.62853
-2.53044;-2.22715
-3.60389;-3.13424
-5.21515;-4.50243
-7.51941;-6.51703
-10.4454;-9.28192
-13.2126;-12.4442
-14.1634;-14.6013
-12.2584;-13.7411
-8.60383;-9.70543
-5.03167;-4.97286
-2.43012;-1.70607
-0.811055;-0.068602
0.126553;0.619075
0.686351;0.914155
1.09049;1.11526
1.4897;1.36592
1.99711;1.74824
2.72069;2.33778
3.78714;3.23395
5.34728;4.57442
7.52627;6.52047
10.2281;9.15124
12.7411;12.1383
13.6423;14.2287
12.0243;13.5293
8.76382;9.76608
5.45903;5.29248
2.97965;2.16577
1.40835;0.560305
0.505759;-0.122847
0.00577213;-0.386612
-0.289484;-0.505026
-0.507895;-0.605318
-0.732417;-0.747203
-1.02733;-0.970102
-1.46038;-1.31919
-2.12264;-1.86281
-3.14818;-2.70908
-4.72753;-4.02295
-7.07728;-6.02751
-10.2395;-8.91677
-13.5119;-12.4769
-14.9748;-15.2849
-13.0754;-14.8043
-8.95758;-10.3798
-4.88491;-4.88586
-1.94712;-1.12062
-0.136043;0.701521
0.922424;1.44829
1.5928;1.79612
2.13942;2.0943
2.74397;2.51111
3.54469;3.14813
4.66461;4.09895
6.20884;5.46578
8.19693;7.32607
10.3867;9.60465
12.0694;11.8123
12.2825;12.8641
10.7106;11.6942
8.12727;8.63206
5.59114;5.33116
3.67674;2.99827
2.46348;1.74587
1.81119;1.22123
1.55414;1.1032
1.57687;1.21431
1.82789;1.49065
2.31405;1.94103
3.09477;2.62503
4.27746;3.64707
5.99709;5.15169
8.32646;7.28525
11.0192;10.0385
13.1335;12.8507
13.2736;14.2069
11.0586;12.5006
7.72816;8.34902
4.69575;4.27019
2.54417;1.69254
1.2259;0.441889
0.487444;-0.0685281
0.0892635;-0.255246
-0.135983;-0.331865
-0.29188;-0.39323
-0.442483;-0.481396
-0.634524;-0.622463
-0.914916;-0.845933
-1.34617;-1.19729
-2.02331;-1.75082
-3.09422;-2.62678
-4.77609;-4.01215
-7.32249;-6.16576
-10.7801;-9.31857
-14.2749;-13.2058
-15.5029;-16.0713
-12.934;-14.9844
-8.28324;-9.67873
-4.03121;-3.80142
-1.11117;-0.141181
0.640464;1.49839
1.66847;2.14954
2.359;2.49217
2.9805;2.85431
3.71372;3.39188
4.68958;4.20016
6.00192;5.35823
7.67095;6.91756
9.53352;8.8199
11.1044;10.729
11.6579;11.8939
10.7726;11.4521
8.81447;9.32403
6.60272;6.5442
4.75918;4.25089
3.5028;2.84471
2.79751;2.18122
2.53019;2.00645
2.60718;2.14799
2.98676;2.53587
3.6816;3.17765
4.74784;4.13426
6.25451;5.49651
8.20058;7.33506
10.3367;9.56951
11.9706;11.7172
12.1777;12.7308
10.6558;11.5955
8.14324;8.6289
5.66203;5.41136
3.77874;3.11587
2.58138;1.87201
1.94031;1.3493
1.69752;1.23814
1.74294;1.36597
2.02956;1.67194
2.56908;2.1685
3.42576;2.92003
4.70846;4.03535
6.53817;5.6563
8.92947;7.89934
11.5028;10.6563
13.1919;13.1777
12.7699;13.8648
10.2696;11.5363
7.03653;7.3724
4.26997;3.71555
2.37053;1.53138
1.2334;0.505258
0.614877;0.103611
0.303167;-0.0230062
0.15759;-0.0462995
0.0974661;-0.0366521
0.0814505;-0.0174441
0.0911732;0.00701029
0.121397;0.0397549
0.175401;0.0876209
0.264094;0.161505
0.408163;0.2789
0.643525;0.468725
1.03147;0.779624
1.67598;1.29404
2.75075;2.15141
4.5309;3.58235
7.37893;5.93951
11.4575;9.6247
15.6779;14.5222
16.8104;18.3596
13.0546;16.4425
7.27657;8.68235
2.50637;1.58365
-0.539281;-1.99381
-2.27932;-3.34435
-3.28313;-3.83431
-3.97835;-4.13269
-4.63444;-4.51949
-5.40635;-5.10892
-6.36643;-5.94333
-7.50357;-7.01227
-8.69163;-8.22283
-9.66444;-9.34804
-10.0816;-10.0233
-9.73063;-9.89647
-8.71237;-8.90633
-7.38477;-7.40413
-6.12628;-5.91563
-5.17058;-4.80423
-4.59794;-4.17261
-4.40188;-3.97147
-4.55142;-4.12244
-5.02305;-4.57505
-5.8034;-5.31175
-6.86565;-6.32442
-8.11887;-7.56769
-9.34294;-8.88838
-10.1744;-9.9623
-10.2496;-10.3453
-9.47419;-9.74005
-8.1309;-8.30266
-6.67203;-6.58732
-5.44835;-5.1367
-4.61712;-4.19613
-4.19742;-3.75801
-4.15399;-3.72669
-4.45166;-4.02306
-5.07455;-4.61315
-6.01721;-5.49625
-7.24779;-6.67038
-8.63967;-8.07124
-9.8962;-9.48309
-10.5723;-10.4796
-10.3144;-10.5532
-9.17034;-9.50135
-7.58042;-7.70471
-6.04436;-5.86303
-4.8654;-4.47965
-4.13412;-3.68304
-3.82596;-3.38667
-3.88929;-3.47169
-4.29052;-3.8661
-5.02405;-4.55275
-6.09572;-5.5478
-7.47554;-6.8595
-9.01151;-8.41411
-10.3386;-9.94502
-10.9286;-10.9285
-10.4238;-10.7838
-8.9875;-9.37814
-7.18783;-7.28155
-5.56287;-5.31352
-4.38223;-3.94612
-3.68911;-3.22097
-3.42737;-2.99485
-3.53252;-3.13139
-3.97149;-3.56221
-4.74835;-4.28241
-5.88609;-5.32555
-7.37663;-6.7225
-9.08122;-8.42235
-10.6061;-10.1576
-11.3272;-11.3358
-10.787;-11.2397
-9.16271;-9.66156
-7.13371;-7.2725
-5.32628;-5.05945
-4.02946;-3.55918
-3.26646;-2.77948
-2.95434;-2.52627
-3.00875;-2.63154
-3.38652;-3.01385
-4.09271;-3.66765
-5.16831;-4.63846
-6.653;-5.9914
-8.49576;-7.74889
-10.3944;-9.75599
-11.6828;-11.4852
-11.6214;-12.0418
-10.1002;-10.7963
-7.81959;-8.19644
-5.62666;-5.47021
-3.97703;-3.4999
-2.94258;-2.41318
-2.42107;-1.9706
-2.28899;-1.92918
-2.46611;-2.15265
-2.93042;-2.60222
-3.71429;-3.30787
-4.89172;-4.34709
-6.54241;-5.82143
-8.64944;-7.79503
-10.8831;-10.1304
-12.4055;-12.2037
-12.2426;-12.848
-10.2989;-11.2253
-7.55053;-7.99782
-5.04064;-4.80735
-3.23202;-2.66093
-2.12416;-1.55453
-1.54627;-1.11443
-1.32915;-1.03285
-1.36264;-1.14839
-1.60044;-1.40718
-2.05197;-1.82166
-2.7772;-2.45063
-3.8856;-3.39594
-5.52557;-4.80299
-7.81693;-6.83506
-10.6205;-9.54203
-13.1047;-12.4859
-13.7426;-14.2648
-11.7694;-13.1392
-8.31059;-9.2364
-4.99525;-4.87796
-2.58858;-1.8999
-1.0925;-0.396805
-0.236145;0.234928
0.252373;0.488641
0.569861;0.629766
0.845402;0.782673
1.16925;1.01173
1.62138;1.3694
2.29584;1.92383
3.32145;2.7786
4.87257;4.08862
7.13387;6.05831
10.109;8.85712
13.1256;12.2804
14.4824;15.0339
12.8172;14.6807
9.07265;10.4228
5.25944;5.12737
2.44034;1.5086
0.674546;-0.268454
-0.354883;-1.00846
-0.979793;-1.33419
-1.44615;-1.57186
-1.92266;-1.87917
-2.5369;-2.34845
-3.40876;-3.0647
-4.66939;-4.13405
-6.44615;-5.68562
-8.76141;-7.81863
-11.272;-10.4169
-12.9901;-12.7807
-12.7253;-13.4953
-10.4107;-11.5317
-7.28176;-7.76855
-4.53478;-4.22097
-2.61648;-1.96646
-1.45762;-0.861999
-0.830968;-0.423135
-0.530865;-0.295915
-0.42026;-0.300203
-0.424223;-0.364473
-0.512309;-0.472013
-0.685395;-0.633488
-0.970617;-0.87803
-1.42451;-1.25555
-2.14414;-1.84699
-3.28482;-2.78163
-5.07263;-4.25773
-7.75527;-6.54139
-11.3062;-9.83639
-14.6493;-13.7356
-15.3725;-16.2195
-12.3451;-14.4469
-7.62439;-8.79324
-3.53558;-3.13163
-0.800136;0.191646
0.823814;1.63515
1.78456;2.21226
2.45222;2.54365
3.08059;2.92364
3.84154;3.4947
4.86071;4.34836
6.22488;5.56157
7.93603;7.17662
9.79171;9.10682
11.2579;10.9601
11.612;11.9358
10.533;11.2265
8.49078;8.92805
6.30759;6.16766
4.5463;3.99952
3.37668;2.71726
2.7428;2.13948
2.53081;2.01886
2.65394;2.199
3.07875;2.62301
3.82524;3.30757
4.95382;4.3195
6.52954;5.75052
8.52681;7.65885
10.6377;9.92061
12.1048;11.9684
12.0388;12.6965
10.3027;11.2189
7.74182;8.11059
5.33495;4.99406
3.56238;2.87449
2.46245;1.76614
1.89309;1.32363
1.70154;1.25782
1.78776;1.41646
2.11459;1.75239
2.70257;2.28729
3.62391;3.09308
4.99247;4.28512
6.92187;6.00651
9.38269;8.35339
11.8884;11.1397
13.2742;13.4619
12.4409;13.6563
9.71312;10.8641
6.50839;6.65552
3.89103;3.24695
2.14286;1.30659
1.11587;0.424167
0.566249;0.090265
0.295077;-0.00750582
0.174452;-0.0173638
0.133118;0.00230374
0.136412;0.0341296
0.17151;0.0777657
0.239335;0.140601
0.351841;0.235989
0.533656;0.385526
0.828064;0.62458
1.30858;1.01204
2.09832;1.64659
3.39769;2.69225
5.50491;4.41126
8.73829;7.17019
12.9446;11.2507
16.3094;15.9713
15.6772;18.1005
10.9979;13.8485
5.58303;6.00268
1.5444;0.335721
-0.93101;-2.24552
-2.34307;-3.20314
-3.20315;-3.59892
-3.87261;-3.92643
-4.57709;-4.39536
-5.44889;-5.09794
-6.54757;-6.07306
-7.84179;-7.3051
-9.15731;-8.67272
-10.1479;-9.8786
-10.4098;-10.4636
-9.76516;-10.045
-8.4442;-8.67659
-6.91686;-6.89256
-5.58498;-5.30395
-4.64506;-4.22869
-4.13156;-3.68727
-4.00881;-3.57961
-4.23569;-3.81313
-4.79221;-4.34383
-5.67635;-5.16921
-6.87367;-6.29816
-8.2936;-7.69602
-9.68232;-9.19571
-10.5974;-10.4092
-10.5981;-10.7869
-9.60432;-9.97704
-8.00591;-8.22482
-6.35276;-6.24651
-5.02256;-4.66494
-4.15074;-3.69718
-3.72466;-3.27652
-3.68695;-3.26874
-3.99383;-3.58165
-4.63346;-4.18495
-5.61693;-5.09321
-6.94139;-6.33141
-8.51306;-7.87252
-10.0377;-9.52949
-10.9893;-10.8421
-10.8631;-11.1561
-9.62512;-10.0933
-7.78894;-8.02712
-5.98512;-5.83633
-4.59265;-4.18516
-3.71152;-3.23217
-3.2955;-2.84756
-3.26784;-2.86607
-3.57843;-3.18884
-4.21946;-3.79104
-5.2166;-4.70066
-6.59505;-5.96651
-8.30107;-7.59987
-10.0668;-9.45801
-11.3148;-11.082
-11.3842;-11.696
-10.1132;-10.7113
-8.06085;-8.42906
-5.99588;-5.89408
-4.38778;-3.9626
-3.35303;-2.8436
-2.82464;-2.36541
-2.69826;-2.31206
-2.90195;-2.55227
-3.41595;-3.04564
-4.2694;-3.81853
-5.52145;-4.93929
-7.20993;-6.48271
-9.22925;-8.44623
-11.1352;-10.5701
-12.1013;-12.1274
-11.4526;-12.1053
-9.41666;-10.1351
-6.92924;-7.13567
-4.78841;-4.46191
-3.29703;-2.74991
-2.42113;-1.90169
-2.01762;-1.61019
-1.95918;-1.64595
-2.17533;-1.90074
-2.6563;-2.35711
-3.44715;-3.05935
-4.63781;-4.09782
-6.33286;-5.59272
-8.55174;-7.63991
-10.9895;-10.1425
-12.7467;-12.476
-12.6747;-13.3338
-10.5881;-11.6602
-7.58694;-8.12432
-4.86067;-4.61705
-2.91348;-2.29638
-1.72137;-1.123
-1.07782;-0.648721
-0.784097;-0.519914
-0.70627;-0.551366
-0.774429;-0.671212
-0.968369;-0.869283
-1.30734;-1.1708
-1.84866;-1.62983
-2.69496;-2.33559
-4.00525;-3.42615
-5.98756;-5.09897
-8.79362;-7.57567
-12.13;-10.8846
-14.6052;-14.2307
-14.2034;-15.4201
-10.8305;-12.5835
-6.5898;-7.20322
-3.15904;-2.58944
-0.91685;-0.0318416
0.40875;1.07768
1.19973;1.53913
1.75977;1.82272
2.29851;2.15584
2.96648;2.65782
3.89109;3.42065
5.1938;4.54519
6.96493;6.13887
9.14987;8.24919
11.3184;10.6711
12.5395;12.6383
11.9452;12.8556
9.71834;10.6458
6.94885;7.12445
4.57433;4.06144
2.93004;2.18134
1.95529;1.27655
1.46967;0.948655
1.3147;0.924779
1.39465;1.07542
1.67616;1.36625
2.17993;1.82189
2.97677;2.51135
4.18645;3.54786
5.96069;5.08889
8.39148;7.30054
11.2301;10.1921
13.4542;13.1759
13.5302;14.5903
11.0896;12.6656
7.54171;8.16732
4.38943;3.89577
2.1934;1.29091
0.859828;0.0638204
0.102906;-0.436125
-0.335519;-0.644107
-0.635933;-0.77961
-0.916693;-0.945407
-1.26387;-1.19934
-1.75897;-1.59523
-2.50252;-2.20726
-3.63363;-3.14833
-5.33497;-4.58283
-7.77469;-6.71092
-10.8534;-9.63642
-13.6567;-12.9306
-14.3599;-14.983
-12.0467;-13.6739
-8.1309;-9.17058
-4.50707;-4.30968
-1.9541;-1.15812
-0.393656;0.349388
0.513483;0.971693
1.08139;1.26216
1.53493;1.50566
2.02943;1.84138
2.68767;2.35733
3.63092;3.1426
4.99303;4.31183
6.8929;6.00116
9.30414;8.29901
11.7603;11.0216
13.1457;13.3012
12.3901;13.5432
9.7669;10.8913
6.63142;6.80145
4.04006;3.42629
2.29514;1.4728
1.2672;0.573793
0.722874;0.235652
0.468814;0.148902
0.381575;0.166425
0.396025;0.233239
0.487588;0.33945
0.660266;0.4981
0.942733;0.739006
1.39232;1.11235
2.1068;1.69965
3.24285;2.63208
5.03008;4.11331
7.72421;6.42443
11.3117;9.80874
14.7157;13.9388
15.4725;16.7795
12.4051;14.97
7.615;8.75469
3.47627;2.81385
0.715181;-0.486382
-0.920663;-1.87611
-1.88845;-2.4309
-2.56335;-2.75946
-3.20147;-3.1449
-3.97483;-3.72474
-5.00655;-4.58646
-6.37608;-5.7991
-8.07047;-7.38821
-9.86691;-9.23857
-11.2256;-10.9344
-11.4653;-11.7186
-10.3346;-10.9306
-8.32523;-8.74686
-6.22071;-6.17384
-4.53998;-4.13898
-3.4342;-2.92403
-2.84816;-2.37967
-2.67594;-2.28283
-2.83929;-2.48949
-3.31163;-2.94904
-4.11679;-3.68101
-5.31273;-4.75046
-6.94671;-6.23576
-8.9449;-8.15465
-10.9197;-10.2979
-12.0765;-12.005
-11.6597;-12.2534
-9.75546;-10.5147
-7.25971;-7.55364
-5.03295;-4.76197
-3.44376;-2.9062
-2.48775;-1.95516
-2.02518;-1.60242
-1.92149;-1.60001
-2.09673;-1.8235
-2.53231;-2.24438
-3.26555;-2.89908
-4.38113;-3.87191
-5.98723;-5.28142
-8.13317;-7.2375
-10.5949;-9.69925
-12.5753;-12.1594
-12.8805;-13.3921
-11.0742;-12.1599
-8.10955;-8.79157
-5.26156;-5.13069
-3.16131;-2.56984
-1.8462;-1.22492
-1.11934;-0.658858
-0.771419;-0.484939
-0.654617;-0.490084
-0.687076;-0.585921
-0.838503;-0.752399
-1.11802;-1.00665
-1.57042;-1.39298
-2.28158;-1.98661
-3.39037;-2.90639
-5.0949;-4.33003
-7.60261;-6.48749
-10.8739;-9.54033
-13.9882;-13.1196
-14.8871;-15.5153
-12.4154;-14.2435
-8.15323;-9.33821
-4.24874;-4.0246
-1.53669;-0.660091
0.106069;0.897643
1.06896;1.53168
1.70008;1.85172
2.24604;2.16259
2.87771;2.61363
3.72909;3.30194
4.92135;4.32262
6.55129;5.77759
8.60614;7.72904
10.7679;10.0473
12.2418;12.1336
12.1091;12.8249
10.2666;11.2196
7.62331;7.97936
5.18027;4.80763
3.40278;2.69453
2.30858;1.60863
1.74249;1.18055
1.5454;1.11529
1.61403;1.26038
1.90857;1.56831
2.44628;2.05864
3.29626;2.79974
4.57376;3.90444
6.41184;5.52244
8.84693;7.78728
11.522;10.6199
13.3473;13.2888
12.994;14.1274
10.4338;11.7974
7.07764;7.46551
4.20323;3.64026
2.23316;1.36872
1.05171;0.308506
0.398219;-0.112275
0.0464957;-0.264443
-0.156178;-0.331151
-0.303141;-0.392335
-0.452753;-0.484211
-0.649431;-0.63151
-0.940221;-0.864565
-1.38985;-1.23118
-2.09789;-1.80965
-3.21942;-2.72658
-4.98017;-4.17783
-7.63298;-6.42974
-11.1761;-9.69813
-14.5854;-13.6188
-15.4516;-16.2302
-12.52;-14.6298
-7.78501;-9.02182
-3.63426;-3.26793
-0.842926;0.151528
0.816848;1.64378
1.79651;2.2379
2.47229;2.57241
3.10251;2.95043
3.86132;3.51753
4.87477;4.36544
6.22875;5.56979
7.92429;7.17097
9.76078;9.08151
11.2128;10.9141
11.5709;11.8822
10.5161;11.1933
8.50403;8.935
6.34313;6.20783
4.59319;4.05351
3.42781;2.77239
2.79561;2.19244
2.58584;2.07128
2.71337;2.25411
3.14554;2.68439
3.90226;3.37865
5.04242;4.40288
6.62612;5.84581
8.61637;7.75753
10.6884;9.99749
12.08;11.9787
11.9371;12.6046
10.1736;11.0569
7.64065;7.96805
5.28459;4.92572
3.55918;2.87344
2.4947;1.80625
1.9516;1.38705
1.78275;1.33825
1.89369;1.51561
2.25242;1.87735
2.88427;2.44956
3.86538;3.30843
5.30898;4.57196
7.31194;6.3775
9.78881;8.78848
12.1509;11.5286
13.1946;13.5643
12.0157;13.2695
9.17843;10.1662
6.08156;6.06523
3.64017;2.94498
2.0435;1.22806
1.12223;0.466673
0.643278;0.192579
0.425421;0.131229
0.356873;0.15724
0.380586;0.226255
0.476863;0.332887
0.65256;0.49198
0.938248;0.734276
1.39303;1.11092
2.11705;1.70506
3.27065;2.65068
5.08852;4.15609
7.82959;6.50828
11.4657;9.95062
14.8588;14.1229
15.4871;16.8927
12.2689;14.8628
7.42247;8.49397
3.30081;2.58293
0.574904;-0.638281
-1.03395;-1.97926
-1.98852;-2.51575
-2.66241;-2.84396
-3.30903;-3.23928
-4.09786;-3.83553
-5.14849;-4.71772
-6.53284;-5.95024
-8.22239;-7.54737
-9.97103;-9.37205
-11.2271;-10.9831
-11.344;-11.6288
-10.1407;-10.7193
-8.14054;-8.51286
-6.09786;-6.01335
-4.48992;-4.07851
-3.44617;-2.94133
-2.90831;-2.44685
-2.77578;-2.38411
-2.97746;-2.62139
-3.49286;-3.11642
-4.34922;-3.89345
-5.60188;-5.01786
-7.28142;-6.55889
-9.27132;-8.50401
-11.1207;-10.5813
-12.0207;-12.0648
-11.3392;-11.98
-9.32465;-10.0099
-6.88934;-7.07232
-4.80029;-4.47099
-3.34757;-2.80747
-2.49866;-1.98501
-2.11668;-1.70932
-2.08056;-1.76105
-2.32508;-2.03808
-2.8449;-2.52709
-3.68845;-3.27575
-4.9452;-4.37613
-6.70704;-5.94334
-8.95052;-8.04744
-11.2857;-10.522
-12.7524;-12.6363
-12.3264;-13.0814
-10.0686;-11.0626
-7.13321;-7.51825
-4.57995;-4.25442
-2.80038;-2.18258
-1.73285;-1.16421
-1.17606;-0.772059
-0.949328;-0.693429
-0.937193;-0.77198
-1.0867;-0.954242
-1.39537;-1.24511
-1.90452;-1.68753
-2.70114;-2.36043
-3.92438;-3.38726
-5.75792;-4.94343
-8.34422;-7.22709
-11.4715;-10.2842
-14.0102;-13.4973
-14.1174;-15.0233
-11.3294;-12.9641
-7.35673;-8.14669
-3.92395;-3.54378
-1.5897;-0.768169
-0.187056;0.50666
0.630263;1.02995
1.15906;1.29416
1.60743;1.54549
2.12097;1.9069
2.81966;2.46319
3.82666;3.30689
5.27755;4.55829
7.28056;6.35413
9.75887;8.759
12.1329;11.5024
13.2016;13.5592
12.0465;13.2988
9.21585;10.2156
6.11098;6.1057
3.65733;2.96533
2.05025;1.23324
1.12174;0.463691
0.637925;0.185522
0.416348;0.121628
0.344113;0.145078
0.363183;0.21055
0.4528;0.311813
0.61842;0.462622
0.888504;0.692048
1.31886;1.04856
2.00455;1.61102
3.09887;2.50696
4.83008;3.93638
7.46556;6.18182
11.045;9.51191
14.5999;13.6898
15.663;16.8192
12.7841;15.4162
7.94263;9.26361
3.65879;3.06974
0.773493;-0.445594
-0.940003;-1.93322
-1.94854;-2.52002
-2.64161;-2.85423
-3.28534;-3.23657
-4.0564;-3.81022
-5.07773;-4.66219
-6.42472;-5.85708
-8.07851;-7.41328
-9.81599;-9.20957
-11.1163;-10.8373
-11.3364;-11.5737
-10.2457;-10.8042
-8.31044;-8.70453
-6.27483;-6.22599
-4.64048;-4.25119
-3.56158;-3.06142
-2.99257;-2.52618
-2.83603;-2.4372
-3.01929;-2.65775
-3.51864;-3.14002
-4.35769;-3.90371
-5.5882;-5.01034
-7.23872;-6.52614
-9.19662;-8.43874
-11.0276;-10.4863
-11.9474;-11.9692
-11.3262;-11.9367
-9.3776;-10.052
-6.98203;-7.178
-4.90435;-4.5927
-3.44776;-2.9168
-2.59161;-2.07793
-2.20539;-1.7925
-2.17059;-1.84289
-2.42281;-2.12614
-2.957;-2.62822
-3.82114;-3.3964
-5.10194;-4.52146
-6.88165;-6.11311
-9.11325;-8.2251
-11.371;-10.6564
-12.6887;-12.6395
-12.1236;-12.8981
-9.83361;-10.7721
-6.96368;-7.28224
-4.5048;-4.15447
-2.80531;-2.19497
-1.79504;-1.24086
-1.28004;-0.883852
-1.0904;-0.831876
-1.1208;-0.942097
-1.32809;-1.17041
-1.72093;-1.53085
-2.35489;-2.07814
-3.33459;-2.90728
-4.81392;-4.16024
-6.95966;-6.0193
-9.78167;-8.62536
-12.699;-11.7741
-14.1886;-14.3227
-12.8817;-14.2348
-9.44174;-10.7425
-5.73952;-5.91916
-2.90813;-2.26397
-1.09884;-0.325371
-0.0422095;0.511002
0.576895;0.85795
0.998834;1.06283
1.38691;1.29324
1.85915;1.63857
2.52187;2.1723
3.49597;2.98649
4.92837;4.20992
6.96101;6.00344
9.57938;8.4848
12.2512;11.4658
13.6626;13.9398
12.6141;14.0201
9.57823;10.8171
6.16257;6.24692
3.45877;2.72734
1.69079;0.813918
0.657066;-0.0296484
0.0827281;-0.359443
-0.248725;-0.497969
-0.480126;-0.598649
-0.703106;-0.732077
-0.985231;-0.940333
-1.39328;-1.26689
-2.01364;-1.77537
-2.97212;-2.56615
-4.44934;-3.79358
-6.66189;-5.67177
-9.70208;-8.40994
-13.0342;-11.8991
-14.9144;-14.96
-13.5498;-15.1266
-9.64839;-11.2283
-5.48251;-5.69775
-2.36186;-1.60809
-0.401566;0.462878
0.745472;1.32473
1.45305;1.70456
1.99976;1.99265
2.57666;2.37605
3.32593;2.96138
4.37248;3.84133
5.82955;5.11877
7.74802;6.88598
9.96156;9.12078
11.8575;11.4452
12.449;12.8716
11.195;12.1924
8.69167;9.36304
6.04705;5.92687
3.96571;3.3291
2.60502;1.86943
1.84439;1.22298
1.50965;1.03662
1.46953;1.10065
1.65697;1.32965
2.06461;1.71783
2.73817;2.3124
3.77325;3.20532
5.30534;4.53248
7.45412;6.45481
10.1312;9.05576
12.652;12.0268
13.6184;14.1569
12.0888;13.5689
8.87785;9.90554
5.57435;5.44318
3.07459;2.27599
1.48219;0.632708
0.565915;-0.0707953
0.0608547;-0.34086
-0.231539;-0.456303
-0.439375;-0.546615
-0.644443;-0.671278
-0.90796;-0.867329
-1.2921;-1.17529
-1.87909;-1.65594
-2.79071;-2.40622
-4.20564;-3.57711
-6.34933;-5.38404
-9.35813;-8.05795
-12.8029;-11.568
-15.0109;-14.8746
-13.971;-15.4868
-10.1143;-11.8441
-5.78937;-6.15092
-2.48677;-1.75861
-0.395979;0.504663
0.828916;1.44783
1.58042;1.85606
2.15441;2.15593
2.75315;2.55048
3.52401;3.15172
4.59108;4.05184
6.05813;5.34711
7.95287;7.11241
10.073;9.2909
11.7908;11.4613
12.1928;12.6473
10.8708;11.7895
8.45094;9.00817
5.95459;5.78184
4.00778;3.37839
2.74458;2.03295
2.05352;1.44632
1.77818;1.30192
1.80419;1.41435
2.07953;1.71356
2.61155;2.20656
3.46067;2.95425
4.73148;4.06211
6.53961;5.6675
8.89519;7.88096
11.4247;10.5918
13.0925;13.0669
12.7056;13.7577
10.2776;11.5122
7.10484;7.44659
4.36882;3.83513
2.47973;1.65365
1.34623;0.619791
0.733607;0.215941
0.435266;0.0972472
0.314506;0.0937582
0.295493;0.137864
0.344429;0.211695
0.455339;0.320717
0.643405;0.484387
0.945515;0.736619
1.42777;1.13286
2.20045;1.76364
3.43947;2.77559
5.39942;4.39664
8.34377;6.93511
12.1538;10.6181
15.3977;14.9016
15.3853;17.2162
11.5653;14.1796
6.57881;7.30972
2.59583;1.66662
0.0475381;-1.1856
-1.43777;-2.32596
-2.3335;-2.79332
-3.00018;-3.12308
-3.67682;-3.55733
-4.52073;-4.2147
-5.63607;-5.16973
-7.06457;-6.46774
-8.71975;-8.07946
-10.2792;-9.79003
-11.1726;-11.0835
-10.8949;-11.261
-9.48681;-9.98666
-7.5419;-7.75354
-5.70751;-5.51218
-4.33403;-3.89602
-3.48927;-3.00223
-3.10832;-2.66692
-3.10806;-2.71771
-3.43922;-3.06006
-4.09854;-3.67619
-5.1189;-4.60184
-6.53531;-5.8951
-8.30385;-7.57839
-10.1552;-9.51638
-11.4802;-11.2354
-11.5618;-11.904
-10.2188;-10.8723
-8.05661;-8.458
-5.89843;-5.79284
-4.23172;-3.78768
-3.1644;-2.64187
-2.61467;-2.15469
-2.46635;-2.09051
-2.63992;-2.30906
-3.11147;-2.7664
-3.90993;-3.48827
-5.10245;-4.54711
-6.75369;-6.03424
-8.81804;-7.99153
-10.9317;-10.2435
-12.2678;-12.1386
-11.9587;-12.5701
-10.0134;-10.8604
-7.38002;-7.7455
-5.00951;-4.75145
-3.3123;-2.75562
-2.28235;-1.73177
-1.76286;-1.33749
-1.60152;-1.29509
-1.70331;-1.46223
-2.03612;-1.7982
-2.62449;-2.32814
-3.54431;-3.12563
-4.91449;-4.30701
-6.85753;-6.01628
-9.35755;-8.34922
-11.9353;-11.113
-13.3957;-13.3959
-12.5744;-13.591
-9.78447;-10.9187
-6.49798;-6.79766
-3.81927;-3.34892
-2.03412;-1.34091
-0.983864;-0.418009
-0.413495;-0.0617197
-0.115379;0.0580102
0.0458926;0.100755
0.150098;0.133172
0.244041;0.182474
0.359624;0.264222
0.526941;0.395859
0.785064;0.604925
1.19383;0.937454
1.84986;1.47028
2.90881;2.33027
4.60768;3.72069
7.24148;5.93912
10.9145;9.29926
14.7226;13.6571
16.0579;17.1593
13.166;16.0028
8.0827;9.58567
3.56656;2.9748
0.538096;-0.747209
-1.2493;-2.29065
-2.29516;-2.8854
-3.01125;-3.22182
-3.67455;-3.61251
-4.4626;-4.20051
-5.48843;-5.06425
-6.80311;-6.24855
-8.34832;-7.73576
-9.86629;-9.3571
-10.8665;-10.686
-10.8466;-11.094
-9.72426;-10.1732
-7.95982;-8.21739
-6.17267;-6.0569
-4.76201;-4.37649
-3.85056;-3.37734
-3.40509;-2.95364
-3.35295;-2.94484
-3.64307;-3.2485
-4.26432;-3.83451
-5.23796;-4.7256
-6.58481;-5.96557
-8.2498;-7.56204
-9.97384;-9.37494
-11.2041;-10.9637
-11.3042;-11.5864
-10.103;-10.6706
-8.12038;-8.48175
-6.09883;-6.01039
-4.50808;-4.09823
-3.4763;-2.97405
-2.94704;-2.48655
-2.82209;-2.42913
-3.03222;-2.67279
-3.55807;-3.17663
-4.42702;-3.96531
-5.6924;-5.10319
-7.37829;-6.65534
-9.3547;-8.59871
-11.1552;-10.6432
-11.9765;-12.0508
-11.2292;-11.8737
-9.20121;-9.85809
-6.79757;-6.94981
-4.75506;-4.41348
-3.34379;-2.8059
-2.52635;-2.01858
-2.16865;-1.76437
-2.15453;-1.83312
-2.42349;-2.12929
-2.97435;-2.64398
-3.85854;-3.4281
-5.16529;-4.57523
-6.97617;-6.19624
-9.23405;-8.34038
-11.4863;-10.7873
-12.738;-12.7317
-12.0677;-12.8798
-9.70177;-10.6329
-6.81633;-7.09828
-4.3801;-4.00314
-2.71221;-2.09584
-1.72763;-1.17932
-1.22882;-0.841749
-1.04688;-0.796877
-1.0784;-0.906937
-1.28145;-1.13039
-1.66496;-1.48191
-2.28392;-2.01566
-3.24205;-2.82539
-4.69349;-4.05212
-6.81123;-5.88015
-9.62768;-8.46311
-12.6069;-11.6339
-14.2434;-14.3031
-13.0714;-14.4063
-9.65015;-11.0145
-5.88146;-6.12189
-2.97071;-2.33945
-1.1018;-0.31486
-0.00730469;0.561816
0.635683;0.926081
1.07562;1.14149
1.482;1.38399
1.97748;1.74731
2.67204;2.30794
3.6891;3.16055
5.17409;4.43505
7.25441;6.28644
9.87013;8.80513
12.4105;11.7309
13.5464;13.9604
12.2542;13.6632
9.18085;10.2725
5.88363;5.84882
3.3285;2.57376
1.67721;0.825407
0.721472;0.0636698
0.199908;-0.22627
-0.0881515;-0.33666
-0.271989;-0.40383
-0.431065;-0.487438
-0.619446;-0.619076
-0.885755;-0.828024
-1.28986;-1.15633
-1.91982;-1.67183
-2.91157;-2.48434
-4.46664;-3.76549
-6.83295;-5.75829
-10.1175;-8.70622
-13.6749;-12.4801
-15.4435;-15.665
-13.5425;-15.4163
-9.13472;-10.7526
-4.76262;-4.79091
-1.63425;-0.737322
0.278599;1.17657
1.39559;1.94338
2.11517;2.30827
2.72201;2.64481
3.40829;3.12902
4.31326;3.86332
5.54436;4.93281
7.15554;6.40793
9.05371;8.28246
10.8408;10.3187
11.7855;11.8546
11.2729;11.9281
9.45716;10.12
7.1516;7.26623
5.10842;4.6791
3.65272;2.99368
2.78724;2.14271
2.39547;1.8504
2.36519;1.90462
2.63439;2.20458
3.19865;2.73713
4.10454;3.55017
5.43132;4.73327
7.23825;6.38758
9.42687;8.53962
11.5035;10.9304
12.5123;12.7204
11.6901;12.635
9.36646;10.2068
6.64383;6.71319
4.37723;3.8187
2.83707;2.09254
1.94106;1.28233
1.51169;1.00666
1.40102;1.01656
1.52444;1.19924
1.85879;1.53138
2.43493;2.04667
3.33417;2.82371
4.68404;3.98583
6.62663;5.69416
9.18586;8.0863
11.9292;11.048
13.6283;13.7177
12.9428;14.2567
10.077;11.4438
6.60615;6.85867
3.75906;3.09305
1.85939;0.969751
0.735142;0.0127465
0.10695;-0.366248
-0.254393;-0.523383
-0.502715;-0.631222
-0.737011;-0.769271
-1.02936;-0.983397
-1.44939;-1.31883
-2.08551;-1.84042
-3.06492;-2.64968
-4.56784;-3.9015
-6.80408;-5.80734
-9.84236;-8.56282
-13.1011;-12.0203
-14.8264;-14.9482
-13.3431;-14.9249
-9.45645;-10.9596
-5.37975;-5.53898
-2.34494;-1.58945
-0.44263;0.40238
0.669824;1.23251
1.35578;1.5998
1.88522;1.87876
2.44359;2.2495
3.17012;2.81592
4.1899;3.67042
5.62219;4.9191
7.53597;6.6659
9.80039;8.91749
11.8359;11.344
12.6178;12.981
11.4805;12.5183
8.953;9.72733
6.19998;6.14506
4.00309;3.37337
2.55284;1.79926
1.72821;1.09098
1.34274;0.866144
1.25154;0.893072
1.37499;1.07223
1.69323;1.38672
2.2381;1.87178
3.09082;2.60496
4.38145;3.70879
6.26698;5.34994
8.81898;7.69323
11.6984;10.7012
13.7273;13.6359
13.3793;14.6487
10.5928;12.1399
6.9681;7.3991
3.91159;3.28981
1.84538;0.923265
0.610421;-0.152756
-0.091985;-0.587483
-0.514286;-0.783234
-0.829972;-0.938041
-1.15522;-1.14703
-1.58032;-1.47032
-2.19785;-1.9715
-3.12577;-2.74117
-4.52163;-3.91341
-6.56294;-5.66713
-9.31082;-8.16452
-12.3152;-11.293
-14.168;-14.0877
-13.3064;-14.5392
-10.0479;-11.4758
-6.25323;-6.61841
-3.24069;-2.66769
-1.2771;-0.484702
-0.120503;0.476821
0.553655;0.872292
1.00167;1.09016
1.39898;1.31965
1.87037;1.65865
2.52454;2.1824
3.48145;2.98128
4.88488;4.18028
6.87413;5.93539
9.44174;8.36306
12.0903;11.2922
13.5617;13.7744
12.6482;13.9875
9.72554;10.9727
6.34851;6.48622
3.63347;2.93782
1.84089;0.97078
0.788804;0.0926337
0.208856;-0.248753
-0.114;-0.380972
-0.321361;-0.4604
-0.501467;-0.556563
-0.71485;-0.706296
-1.01601;-0.943017
-1.47172;-1.31389
-2.17929;-1.89426
-3.28631;-2.8046
-5.00307;-4.2288
-7.55824;-6.41179
-10.9382;-9.54232
-14.203;-13.2714
-15.1557;-15.813
-12.5447;-14.4896
-8.08326;-9.32305
-4.0462;-3.78444
-1.27253;-0.347099
0.396279;1.20985
1.37718;1.83731
2.03365;2.16703
2.62038;2.50858
3.31237;3.01255
4.24324;3.77611
5.52308;4.88924
7.21165;6.43219
9.2121;8.40619
11.0892;10.5592
12.0364;12.1626
11.3987;12.1546
9.39896;10.1171
6.94987;7.0427
4.83555;4.35789
3.35891;2.66892
2.49148;1.84174
2.0954;1.56367
2.04706;1.611
2.27858;1.88078
2.7823;2.35914
3.60475;3.09338
4.83504;4.17659
6.56927;5.72969
8.79985;7.84146
11.1692;10.3885
12.7416;12.6886
12.4481;13.3596
10.259;11.3713
7.30642;7.65129
4.69489;4.22666
2.85673;2.07848
1.74505;1.02888
1.15777;0.620959
0.908438;0.530662
0.875521;0.596439
1.00056;0.761034
1.27559;1.02553
1.73539;1.4281
2.45862;2.0412
3.57515;2.98035
5.26609;4.41591
7.70584;6.56228
10.8112;9.55867
13.6816;13.0414
14.4594;15.3874
12.1592;14.1232
8.19459;9.2516
4.51128;4.11539
1.91511;0.918576
0.328312;-0.569631
-0.595684;-1.18005
-1.17795;-1.47141
-1.64851;-1.72482
-2.16657;-2.07845
-2.85798;-2.62119
-3.84593;-3.44307
-5.26169;-4.65662
-7.20821;-6.38516
-9.61341;-8.6758
-11.9357;-11.2543
-13.0434;-13.1694
-12.0277;-12.9989
-9.34228;-10.2954
-6.31506;-6.49539
-3.87897;-3.40717
-2.26401;-1.61523
-1.32721;-0.79358
-0.846985;-0.49696
-0.646761;-0.443735
-0.618599;-0.502851
-0.712048;-0.631226
-0.919391;-0.831766
-1.26782;-1.13552
-1.82076;-1.60018
-2.6875;-2.31916
-4.03635;-3.43742
-6.08749;-5.16333
-8.99797;-7.73084
-12.4336;-11.1604
-14.8719;-14.5675
-14.2239;-15.5867
-10.588;-12.3836
-6.23647;-6.76116
-2.81054;-2.15831
-0.607581;0.301187
0.687827;1.34311
1.47149;1.78288
2.04938;2.07956
2.63126;2.4524
3.36822;3.01866
4.38642;3.87088
5.79558;5.10629
7.64414;6.80987
9.7789;8.95928
11.6358;11.205
12.2914;12.6366
11.1934;12.112
8.84014;9.50612
6.27532;6.20249
4.21261;3.6177
2.84337;2.12244
2.07236;1.44451
1.73836;1.24729
1.71593;1.32248
1.94181;1.58414
2.41308;2.02839
3.18091;2.70722
4.34394;3.71842
6.0257;5.19759
8.28622;7.27786
10.8806;9.93779
12.9183;12.6343
13.0933;13.9463
11.0236;12.375
7.84124;8.45246
4.89532;4.51208
2.77847;1.9617
1.47302;0.698855
0.747826;0.181792
0.376717;0.00873975
0.201779;-0.0289635
0.129815;-0.0204635
0.112249;0.00316606
0.12747;0.035449
0.169774;0.0799105
0.244172;0.145448
0.365652;0.246637
0.562212;0.407045
0.882174;0.665626
1.40743;1.08767
2.2751;1.78298
3.70707;2.93413
6.02482;4.83016
9.52647;7.85786
13.8442;12.2274
16.6929;16.8666
15.0529;17.9422
9.85779;12.3794
4.56137;4.49509
0.829087;-0.520076
-1.39732;-2.65305
-2.66334;-3.42628
-3.45962;-3.77475
-4.11857;-4.11465
-4.84287;-4.62062
-5.74619;-5.36794
-6.86693;-6.38098
-8.14365;-7.62121
-9.36702;-8.93187
-10.1786;-9.98305
-10.2249;-10.3314
-9.42683;-9.69287
-8.07709;-8.24038
-6.62654;-6.53242
-5.41848;-5.10162
-4.60397;-4.18183
-4.1993;-3.76045
-4.16897;-3.74197
-4.47857;-4.04912
-5.11284;-4.64948
-6.06586;-5.54269
-7.30309;-6.7252
-8.69229;-8.1281
-9.93011;-9.52802
-10.5711;-10.4927
-10.2748;-10.5211
-9.10755;-9.43278
-7.51677;-7.62785
-5.99546;-5.80355
-4.83671;-4.44678
-4.12483;-3.67383
-3.83337;-3.39518
-3.91129;-3.49378
-4.3263;-3.90026
-5.07359;-4.59922
-6.15817;-5.60702
-7.54605;-6.92944
-9.07697;-8.48598
-10.3766;-9.99894
-10.9182;-10.9371
-10.3647;-10.7319
-8.90415;-9.28371
-7.10932;-7.18496
-5.50622;-5.24493
-4.35139;-3.91205
-3.6814;-3.21463
-3.43896;-3.00823
-3.56101;-3.15986
-4.01647;-3.60471
-4.8107;-4.34017
-5.96597;-5.40027
-7.46929;-6.81305
-9.17054;-8.51886
-10.6613;-10.2342
-11.3167;-11.353
-10.7085;-11.1727
-9.05043;-9.53361
-7.02878;-7.14176
-5.25142;-4.96843
-3.9887;-3.515
-3.2551;-2.771
-2.96664;-2.54178
-3.04133;-2.66467
-3.43904;-3.06341
-4.16732;-3.73594
-5.26778;-4.72944
-6.77639;-6.10762
-8.62948;-7.88473
-10.5015;-9.8856
-11.7092;-11.5541
-11.5398;-11.9925
-9.94661;-10.6321
-7.66003;-7.99749
-5.50504;-5.31795
-3.90456;-3.41856
-2.91293;-2.38771
-2.42436;-1.98052
-2.3183;-1.96201
-2.51929;-2.2044
-3.0098;-2.67495
-3.82589;-3.40776
-5.04292;-4.48273
-6.73548;-6.00002
-8.86586;-8.0117
-11.0606;-10.3453
-12.4455;-12.3206
-12.0964;-12.759
-10.0391;-10.94
-7.29458;-7.66917
-4.85504;-4.57368
-3.12582;-2.54678
-2.08123;-1.5234
-1.54812;-1.12986
-1.3637;-1.07505
-1.42558;-1.21134
-1.69467;-1.49371
-2.18716;-1.94097
-2.96991;-2.61795
-4.1587;-3.63294
-5.90148;-5.13569
-8.29105;-7.28
-11.0967;-10.0601
-13.3411;-12.8946
-13.5159;-14.2404
-11.1884;-12.5534
-7.69494;-8.43082
-4.54162;-4.28112
-2.32352;-1.61055
-0.969556;-0.309376
-0.202282;0.226126
0.234799;0.440955
0.521877;0.566138
0.775835;0.708588
1.0789;0.924732
1.50551;1.26299
2.14535;1.78845
3.12384;2.60157
4.61558;3.8551
6.81943;5.75789
9.79084;8.50761
12.9579;11.9847
14.6434;15.0247
13.2464;15.1245
9.50201;11.0484
5.52407;5.52009
2.53242;1.60689
0.644464;-0.337948
-0.459843;-1.14872
-1.13134;-1.50359
-1.6333;-1.76053
-2.14663;-2.09214
-2.80673;-2.59771
-3.73725;-3.36557
-5.06577;-4.50111
-6.898;-6.12183
-9.19682;-8.2873
-11.5203;-10.7908
-12.8496;-12.8236
-12.2043;-13.0386
-9.79103;-10.7685
-6.82921;-7.13572
-4.32895;-3.94739
-2.61915;-1.98965
-1.60744;-1.05177
-1.08599;-0.70092
-0.877165;-0.638083
-0.870081;-0.718274
-1.01491;-0.893833
-1.31029;-1.17142
-1.79682;-1.59326
-2.55948;-2.23605
-3.73552;-3.22038
-5.51169;-4.72066
-8.05253;-6.94443
-11.2121;-9.97958
-13.9498;-13.3074
-14.3618;-15.1527
-11.7318;-13.4194
-7.69594;-8.62754
-4.11401;-3.80263
-1.64893;-0.818003
-0.159504;0.566729
0.709752;1.13509
1.27118;1.41834
1.74539;1.68377
2.28637;2.06397
3.01905;2.6481
4.06798;3.53029
5.56295;4.82853
7.58964;6.66671
10.0188;9.07131
12.207;11.6959
12.9872;13.4539
11.6359;12.8429
8.82694;9.6676
5.87764;5.7687
3.59077;2.88866
2.11025;1.32237
1.26895;0.636992
0.851219;0.40716
0.694152;0.388109
0.702611;0.472685
0.836852;0.631077
1.0993;0.875264
1.52908;1.2459
2.20572;1.81415
3.26;2.69342
4.88146;4.05544
7.27906;6.13097
10.4612;9.11867
13.6501;12.7929
14.8955;15.6542
12.8059;14.9324
8.67051;10.0179
4.68838;4.39578
1.84987;0.811781
0.109057;-0.853912
-0.908449;-1.53189
-1.55749;-1.85848
-2.09362;-2.15191
-2.69305;-2.56719
-3.49173;-3.20155
-4.61316;-4.14754
-6.16581;-5.50707
-8.17534;-7.35638
-10.4043;-9.61546
-12.1344;-11.7878
-12.3711;-12.8088
-10.7767;-11.6839
-8.14327;-8.72186
-5.56035;-5.45474
-3.61465;-3.08964
-2.38253;-1.80003
-1.71666;-1.25241
-1.44507;-1.11841
-1.44747;-1.21137
-1.66804;-1.46114
-2.10897;-1.87142
-2.82443;-2.49602
-3.91803;-3.43251
-5.53075;-4.8206
-7.77424;-6.81544
-10.5105;-9.46026
-12.9439;-12.3312
-13.615;-14.0911
-11.7598;-13.0683
-8.41494;-9.33191
-5.1584;-5.07408
-2.76807;-2.10784
-1.27258;-0.585092
-0.418738;0.0596362
0.0562835;0.309186
0.343783;0.427362
0.566994;0.536311
0.807291;0.694425
1.13046;0.942828
1.60887;1.33119
2.3417;1.93558
3.47422;2.87602
5.20605;4.33321
7.7371;6.54222
11;9.67159
14.0285;13.3578
14.779;15.8364
12.2223;14.3727
7.9905;9.06875
4.16301;3.67912
1.51803;0.454602
-0.0811193;-0.996534
-1.01866;-1.58684
-1.63452;-1.89252
-2.16905;-2.19628
-2.78942;-2.63847
-3.6282;-3.31309
-4.808;-4.31423
-6.43203;-5.74429
-8.50211;-7.6685
-10.7207;-9.96482
-12.2945;-12.0512
-12.2534;-12.8025
-10.4298;-11.3417
-7.73542;-8.21816
-5.21939;-5.02595
-3.37976;-2.82556
-2.241;-1.66903
-1.64207;-1.19959
-1.41526;-1.10659
-1.44926;-1.22295
-1.69683;-1.49142
-2.16747;-1.92361
-2.92211;-2.57926
-4.07069;-3.56169
-5.7572;-5.01566
-8.08105;-7.09431
-10.85;-9.81117
-13.1653;-12.6517
-13.5433;-14.1636
-11.4152;-12.7537
-7.99222;-8.79995
-4.80641;-4.61761
-2.52526;-1.83492
-1.11868;-0.448115
-0.32052;0.128851
0.126773;0.354152
0.406487;0.470621
0.636506;0.590046
0.896599;0.767977
1.2546;1.04734
1.78865;1.48309
2.60762;2.16021
3.86928;3.21144
5.77977;4.83128
8.50472;7.25277
11.8172;10.5673
14.4472;14.1416
14.3605;15.8309
11.205;13.2344
6.97184;7.60647
3.44601;2.73088
1.10638;0.0476496
-0.284613;-1.11458
-1.10829;-1.5944
-1.67619;-1.87601
-2.20459;-2.19316
-2.84716;-2.66717
-3.73211;-3.38862
-4.9824;-4.45514
-6.69815;-5.97271
-8.85673;-7.99788
-11.0902;-10.3623
-12.5109;-12.3802
-12.1667;-12.8442
-10.077;-11.0027
-7.28804;-7.67405
-4.81384;-4.52813
-3.06369;-2.47655
-2.00659;-1.44471
-1.46317;-1.04641
-1.26577;-0.983528
-1.30821;-1.10486
-1.54758;-1.36261
-1.99553;-1.77202
-2.71336;-2.39294
-3.81207;-3.3279
-5.4436;-4.72408
-7.73691;-6.7504
-10.5706;-9.47084
-13.1272;-12.4699
-13.8472;-14.3467
-11.8964;-13.2932
-8.39253;-9.36292
-5.01381;-4.9131
-2.55734;-1.8612
-1.02902;-0.321905
-0.151183;0.325606
0.355855;0.590521
0.695329;0.746907
1.00194;0.924243
1.37204;1.19163
1.89343;1.60784
2.67054;2.25014
3.84361;3.23418
5.58947;4.72589
8.05114;6.92108
11.0672;9.90241
13.6538;13.1917
14.0684;15.1007
11.6398;13.448
7.83195;8.67058
4.38788;3.92489
1.98166;1.02121
0.516588;-0.332008
-0.330356;-0.887434
-0.85283;-1.14495
-1.25943;-1.35633
-1.69319;-1.64466
-2.26691;-2.08833
-3.09425;-2.76815
-4.30958;-3.79248
-6.06036;-5.30317
-8.42034;-7.43575
-11.1268;-10.1503
-13.205;-12.8319
-13.2544;-13.9855
-10.9554;-12.2351
-7.59739;-8.25554
-4.58043;-4.31074
-2.45665;-1.7693
-1.16146;-0.522949
-0.436697;-0.0130681
-0.0433631;0.17509
0.184508;0.256778
0.350017;0.327872
0.518231;0.431799
0.738768;0.597297
1.06392;0.858494
1.56509;1.26851
2.35103;1.91385
3.58803;2.93331
5.50769;4.538
8.33169;7.00171
11.9079;10.4966
14.9153;14.466
14.9721;16.5841
11.5327;13.8924
6.88909;7.63496
3.07589;2.27397
0.584942;-0.570119
-0.883484;-1.75541
-1.76327;-2.24315
-2.39811;-2.55918
-3.02233;-2.9497
-3.79794;-3.5403
-4.84839;-4.41959
-6.2624;-5.66624
-8.04135;-7.32214
-9.96624;-9.2877
-11.4584;-11.1358
-11.7487;-12.0338
-10.5342;-11.214
-8.36241;-8.84688
-6.10605;-6.0638
-4.32326;-3.89593
-3.15799;-2.62561
-2.53321;-2.06054
-2.32381;-1.94439
-2.43838;-2.11655
-2.84226;-2.51908
-3.55651;-3.16867
-4.64705;-4.13348
-6.19534;-5.51143
-8.21382;-7.38003
-10.4539;-9.65831
-12.1814;-11.8405
-12.3912;-12.8454
-10.7578;-11.6766
-8.09673;-8.67107
-5.50469;-5.38767
-3.5612;-3.02873
-2.33442;-1.75061
-1.67243;-1.21072
-1.40141;-1.07909
-1.40048;-1.16964
-1.6133;-1.41267
-2.04124;-1.81153
-2.73723;-2.41897
-3.80385;-3.33114
-5.38366;-4.68733
-7.59916;-6.6475
-10.3443;-9.27535
-12.8718;-12.1957
-13.7132;-14.1166
-11.9832;-13.2953
-8.63933;-9.62979
-5.30857;-5.27941
-2.83688;-2.18477
-1.28066;-0.578704
-0.387249;0.10651
0.114213;0.375502
0.42338;0.507485
0.670335;0.633115
0.942459;0.816124
1.31202;1.1027
1.85976;1.54922
2.69595;2.24149
3.97801;3.31245
5.90712;4.95448
8.63196;7.39102
11.8899;10.6857
14.3886;14.1567
14.1751;15.6587
11.0143;12.9564
6.86893;7.43057
3.43767;2.71594
1.16408;0.126486
-0.187062;-0.998719
-0.985358;-1.46394
-1.53206;-1.73423
-2.03625;-2.03481
-2.647;-2.48302
-3.49034;-3.16748
-4.6919;-4.18645
-6.36642;-5.65382
-8.53105;-7.65274
-10.8853;-10.0754
-12.5721;-12.3129
-12.5135;-13.1296
-10.5306;-11.5404
-7.6481;-8.1656
-5.00156;-4.77868
-3.09435;-2.50185
-1.92193;-1.3334
-1.29541;-0.860653
-1.02793;-0.74609
-0.994359;-0.811281
-1.13392;-0.990197
-1.43896;-1.2818
-1.94746;-1.72638
-2.74374;-2.40127
-3.9636;-3.42789
-5.7852;-4.9778
-8.34251;-7.24191
-11.4188;-10.2567
-13.9069;-13.4077
-14.02;-14.8989
-11.303;-12.8938
-7.40611;-8.18645
-4.01819;-3.6567
-1.70327;-0.89889
-0.309202;0.379021
0.499718;0.903547
1.01413;1.15987
1.438;1.39194
1.91306;1.72055
2.55495;2.22705
3.48307;2.99951
4.83513;4.15562
6.74321;5.84089
9.20684;8.16505
11.7845;10.9797
13.3269;13.4351
12.6451;13.8475
9.95397;11.1852
6.68473;6.90877
3.97597;3.35286
2.15248;1.30389
1.07358;0.364678
0.488002;0.00215207
0.186822;-0.115885
0.0331049;-0.149425
-0.0528184;-0.164623
-0.11526;-0.186428
-0.18052;-0.225648
-0.26863;-0.291426
-0.401676;-0.39748
-0.611363;-0.567044
-0.948472;-0.839485
-1.49703;-1.28107
-2.39598;-2.00265
-3.86713;-3.18613
-6.22352;-5.11227
-9.7282;-8.13192
-13.9318;-12.3371
-16.5202;-16.4369
-14.7107;-16.8928
-9.6022;-11.7392
-4.48456;-4.59608
-0.889937;0.192005
1.25853;2.31988
2.4888;3.10923
3.2742;3.47033
3.93708;3.82439
4.6772;4.35079
5.61136;5.13118
6.78528;6.20034
8.14383;7.53281
9.47077;8.97746
10.3736;10.1785
10.4471;10.6145
9.5892;9.91586
8.12516;8.2727
6.55882;6.36269
5.26417;4.80376
4.39513;3.82875
3.95788;3.39031
3.90618;3.36652
4.1996;3.66908
4.82356;4.2657
5.78108;5.16512
7.05649;6.38318
8.54272;7.88156
9.94749;9.46626
10.7848;10.688
10.6179;10.9276
9.4429;9.84877
7.73073;7.84562
6.04997;5.76695
4.74885;4.21872
3.9278;3.33228
3.55336;2.98686
3.56138;3.03558
3.90965;3.39234
4.59178;4.03746
5.62539;4.99644
7.01192;6.30462
8.65228;7.94135
10.2268;9.70965
11.1666;11.0998
10.947;11.3675
9.57636;10.0976
7.63436;7.78706
5.77924;5.46518
4.37784;3.8025
3.50746;2.88632
3.1056;2.53853
3.08782;2.5799
3.40246;2.91303
4.04411;3.51905
5.04475;4.43425
6.44152;5.72062
8.19893;7.41177
10.0647;9.39493
11.4451;11.2197
11.6098;12.0253
10.3311;11.0492
8.18369;8.56011
6.00157;5.7862
4.29761;3.71191
3.19578;2.53247
2.61886;2.02764
2.44916;1.95135
2.60373;2.1587
3.05519;2.60319
3.82966;3.3091
4.99326;4.34928
6.61441;5.8202
8.66241;7.78073
10.804;10.0933
12.2372;12.1478
12.0597;12.7832
10.1973;11.1342
7.56463;7.89803
5.14625;4.76278
3.39281;2.6849
2.31698;1.62106
1.76437;1.20541
1.57848;1.1487
1.65879;1.30256
1.96809;1.62226
2.52616;2.12964
3.40452;2.89544
4.71962;4.03464
6.59992;5.69654
9.06036;8.00407
11.6939;10.8412
13.3662;13.4051
12.8156;14.0024
10.1591;11.4573
6.83551;7.12723
4.04777;3.44393
2.15901;1.29997
1.03528;0.311369
0.418894;-0.0756522
0.0922149;-0.210742
-0.0894944;-0.264169
-0.213093;-0.30875
-0.331037;-0.375825
-0.480909;-0.484949
-0.700152;-0.659014
-1.03883;-0.934092
-1.57395;-1.3699
-2.42841;-2.06479
-3.79356;-3.17717
-5.93438;-4.94651
-9.07968;-7.6684
-12.9237;-11.4432
-15.6866;-15.326
-14.8059;-16.4655
-10.5314;-12.6227
-5.67365;-6.15123
-2.01069;-1.17639
0.27187;1.28975
1.59706;2.27061
2.41855;2.69246
3.06797;3.03093
3.76389;3.50169
4.65232;4.2144
5.82992;5.24274
7.32541;6.63087
9.02111;8.33634
10.5416;10.1025
11.2794;11.337
10.7778;11.2825
9.19506;9.68376
7.19232;7.24141
5.39331;4.99637
4.0941;3.48839
3.32515;2.70864
3.00768;2.45604
3.05884;2.56258
3.43544;2.94795
4.14154;3.60728
5.21609;4.58659
6.69511;5.9518
8.52205;7.72699
10.3905;9.75986
11.6407;11.5198
11.5552;12.0808
10.0412;10.7688
7.79062;8.07873
5.63101;5.32591
4.00724;3.38229
2.99051;2.32836
2.48212;1.908
2.36246;1.88195
2.55454;2.12058
3.03869;2.58983
3.84867;3.32298
5.05728;4.39991
6.73618;5.92249
8.84571;7.94873
11.0165;10.32
12.3898;12.3674
12.058;12.8636
10.0382;10.9895
7.3278;7.60766
4.90757;4.4702
3.18607;2.45648
2.14435;1.4519
1.61435;1.07003
1.43635;1.02429
1.51009;1.17224
1.79851;1.47235
2.32042;1.94658
3.14581;2.6637
4.39233;3.73696
6.2024;5.32017
8.63925;7.56298
11.3958;10.4285
13.4082;13.2501
13.2472;14.3542
10.7336;12.198
7.28569;7.7794
4.28379;3.7497
2.21093;1.32843
0.960155;0.193233
0.258925;-0.263847
-0.133651;-0.442582
-0.38316;-0.542623
-0.594783;-0.654585
-0.840371;-0.825183
-1.18293;-1.09366
-1.69737;-1.51279
-2.4902;-2.16527
-3.71838;-3.18097
-5.59261;-4.75128
-8.29959;-7.10859
-11.6659;-10.3519
-14.4753;-13.8727
-14.6034;-15.6173
-11.5035;-13.3538
-7.16962;-8.02158
-3.51198;-3.05009
-1.07382;-0.170263
0.377649;1.10142
1.2375;1.62274
1.83107;1.9218
2.38424;2.25534
3.05628;2.75381
3.97701;3.51101
5.26473;4.62425
7.00172;6.19293
9.12461;8.25266
11.2101;10.5907
12.3732;12.464
11.8035;12.6542
9.67329;10.5422
7.00666;7.17287
4.70158;4.21045
3.09459;2.36626
2.14094;1.46876
1.67478;1.14703
1.54786;1.14078
1.67233;1.32656
2.02266;1.67548
2.62893;2.21974
3.5721;3.03859
4.97584;4.25509
6.96482;6.02271
9.51325;8.44845
12.1034;11.3406
13.4863;13.7323
12.5174;13.8396
9.6137;10.8057
6.29683;6.40182
3.6397;2.94473
1.88791;1.02983
0.862646;0.175176
0.303263;-0.152967
0.00190292;-0.270925
-0.17681;-0.328674
-0.31469;-0.39061
-0.463929;-0.48717
-0.666635;-0.641997
-0.970323;-0.886676
-1.44267;-1.27197
-2.18899;-1.88122
-3.37341;-2.84895
-5.23184;-4.382
-8.01384;-6.75507
-11.6501;-10.1605
-14.9256;-14.0998
-15.3378;-16.3652
-12.0016;-14.149
-7.19935;-8.23576
-3.17813;-2.66408
-0.535414;0.47709
1.0222;1.8094
1.95025;2.34497
2.61267;2.67449
3.25626;3.07396
4.04754;3.67793
5.10632;4.57401
6.50723;5.83255
8.22512;7.47777
10.0126;9.38311
11.3036;11.1
11.4261;11.8153
10.1901;10.8455
8.13946;8.47143
6.05339;5.83458
4.41798;3.84919
3.35908;2.71022
2.81166;2.22377
2.66972;2.16407
2.85873;2.39683
3.35653;2.8806
4.19076;3.64175
5.42114;4.75072
7.09108;6.2898
9.11025;8.27554
11.058;10.4822
12.1149;12.1995
11.5628;12.3262
9.56982;10.3433
7.06446;7.20538
4.87725;4.41329
3.33901;2.64167
2.42617;1.76629
1.9951;1.45931
1.91406;1.48226
2.10761;1.72245
2.56147;2.15932
3.31682;2.83476
4.46143;3.83809
6.10396;5.29352
8.28545;7.31636
10.7539;9.86461
12.6692;12.4033
12.8379;13.6126
10.9111;12.1445
7.91081;8.48369
5.09295;4.74505
3.04221;2.26706
1.76952;1.01263
1.07111;0.497856
0.739519;0.345819
0.630651;0.358195
0.665666;0.454914
0.816058;0.619373
1.09169;0.869767
1.53734;1.25048
2.23834;1.83656
3.3329;2.74711
5.01962;4.1624
7.51138;6.32277
10.7871;9.42353
13.9581;13.1762
14.9582;15.9068
12.5467;14.7581
8.26506;9.49027
4.30785;3.88669
1.54953;0.473106
-0.123324;-1.0697
-1.10364;-1.69459
-1.74511;-2.01337
-2.29864;-2.32618
-2.93763;-2.78049
-3.79695;-3.4723
-4.99664;-4.49402
-6.629;-5.94068
-8.67146;-7.85898
-10.7934;-10.0925
-12.2012;-12.0275
-12.0116;-12.5787
-10.161;-11.0099
-7.5537;-7.95902
-5.1591;-4.93534
-3.42215;-2.8765
-2.35692;-1.80189
-1.81238;-1.37779
-1.63514;-1.32041
-1.72719;-1.48039
-2.05354;-1.81247
-2.63637;-2.33911
-3.54941;-3.13206
-4.90927;-4.30578
-6.83631;-6.00207
-9.31523;-8.31527
-11.8767;-11.0566
-13.3468;-13.3328
-12.5675;-13.5608
-9.82302;-10.95
-6.56039;-6.87196
-3.88592;-3.42869
-2.09692;-1.4088
-1.04282;-0.47537
-0.472348;-0.115439
-0.179431;0.00103043
-0.0298893;0.0339514
0.0540715;0.0490948
0.115681;0.0710643
0.180691;0.11052
0.268907;0.176605
0.402383;0.283131
0.612943;0.453521
0.951658;0.727493
1.50309;1.17202
2.4071;1.89942
3.88688;3.09485
6.25679;5.04683
9.7778;8.12604
13.9851;12.4771
16.5365;16.8878
14.6674;17.5353
9.53314;11.8368
4.42438;4.25699
0.847408;-0.476883
-1.28727;-2.49352
-2.50969;-3.23703
-3.29193;-3.58773
-3.95465;-3.94135
-4.69633;-4.46763
-5.63262;-5.24459
-6.80774;-6.30383
-8.16438;-7.61508
-9.48381;-9.02206
-10.3731;-10.1721
-10.4314;-10.5697
-9.56395;-9.88338
-8.09976;-8.30091
-6.54023;-6.45151
-5.2549;-4.9239
-4.39469;-3.95782
-3.96487;-3.51996
-3.91943;-3.49535
-4.21854;-3.79717
-4.84797;-4.39238
-5.81046;-5.28757
-7.08876;-6.49438
-8.57255;-7.96733
-9.9656;-9.50466
-10.7816;-10.6619
-10.5922;-10.8578
-9.40471;-9.80347
-7.69428;-7.87572
-6.02435;-5.86087
-4.73648;-4.34145
-3.92737;-3.46287
-3.56279;-3.11904
-3.57925;-3.16885
-3.93552;-3.5272
-4.62588;-4.17367
-5.66766;-5.13159
-7.06008;-6.43142
-8.69888;-8.04301
-10.2573;-9.75667
-11.1646;-11.0636
-10.9089;-11.2665
-9.51825;-10.0182
-7.57865;-7.79695
-5.73978;-5.55082
-4.35778;-3.9225
-3.50445;-3.0173
-3.11632;-2.6738
-3.11019;-2.71895
-3.43609;-3.05682
-4.08997;-3.66845
-5.10415;-4.58878
-6.51376;-5.87562
-8.27661;-7.55226
-10.1279;-9.48665
-11.4638;-11.2115
-11.5662;-11.8998
-10.2431;-10.8945
-8.0897;-8.49684
-5.92959;-5.83092
-4.25597;-3.81537
-3.18127;-2.6589
-2.62553;-2.16429
-2.47274;-2.09557
-2.64286;-2.31119
-3.11129;-2.76611
-3.90632;-3.48529
-5.09453;-4.54056
-6.7405;-6.0229
-8.79972;-7.97457
-10.912;-10.2225
-12.2556;-12.1206
-11.9618;-12.5666
-10.0306;-10.8765
-7.40305;-7.77308
-5.03141;-4.77798
-3.3303;-2.77545
-2.29655;-1.74561
-1.77446;-1.3478
-1.61185;-1.30396
-1.71352;-1.47107
-2.04722;-1.80797
-2.63738;-2.33964
-3.55983;-3.13965
-4.93314;-4.32422
-6.87861;-6.03674
-9.37721;-8.3709
-11.9447;-11.1291
-13.3854;-13.3945
-12.5475;-13.5655
-9.75609;-10.882
-6.47963;-6.7712
-3.81291;-3.34059
-2.03705;-1.3455
-0.993076;-0.429204
-0.427197;-0.0763234
-0.133159;0.0406613
0.0232301;0.0798259
0.120569;0.106783
0.204228;0.147632
0.304045;0.216318
0.446863;0.327701
0.666502;0.5051
1.01426;0.787637
1.57312;1.2409
2.47833;1.974
3.94267;3.16484
6.25993;5.08647
9.66273;8.08095
13.6996;12.2626
16.199;16.4807
14.5584;17.2039
9.71904;11.9569
4.7651;4.70022
