0.0316735 0.00279837 0.0315736 0.00278494
0.0315258 0.00211887 0.0314458 0.00208567
0.0311987 0.0017026 0.0311366 0.00169401
0.0326004 0.00161961 0.0324986 0.00163685
0.0304498 0.000882404 0.0303855 0.000915492
0.0310326 0.00181886 0.0308801 0.00178085
0.0306335 0.00139728 0.0305356 0.00138579
0.0300353 0.00127195 0.0299561 0.00130366
0.0313083 0.00243125 0.0312084 0.00238508
0.0304874 0.00119617 0.030388 0.00117056
0.0304592 0.00151337 0.0304255 0.0014713
0.030548 0.00142753 0.0304662 0.00140884
0.0309275 0.00246677 0.0308278 0.00244056
0.0317082 0.00303336 0.0316015 0.00303304
0.0325689 0.00430803 0.0324695 0.00429959
0.0300798 0.00105174 0.0300194 0.00101165
0.0302519 0.00161937 0.0301476 0.00164049
0.0305735 0.0017371 0.0305322 0.00175653
0.0311642 0.00389258 0.0311613 0.00387189
0.0298947 0.0023335 0.0298523 0.00231385
0.0310072 0.00347337 0.0309885 0.00347863
0.0296348 0.00127748 0.0296271 0.0012138
0.0298331 0.00220722 0.0297809 0.00225914
0.0313698 0.00420353 0.0312925 0.00412904
0.0304582 0.0025875 0.0304318 0.00258728
0.0300777 0.00194488 0.0300949 0.00195234
0.0295285 0.00188873 0.0295517 0.00185122
0.03269 0.00362347 0.0326066 0.00366509
0.0305999 0.0044123 0.0306228 0.00440901
0.0287096 0.00114635 0.0287605 0.00116254
0.0302693 0.00392958 0.0302495 0.00386909
0.0290944 0.00171299 0.0290719 0.00166994
0.0289873 0.00219168 0.0289912 0.00220758
0.0293561 0.00251185 0.0293541 0.00250191
0.0300303 0.00335022 0.0300678 0.00334055
0.0293339 0.00326346 0.0293206 0.00325173
0.0288283 0.00268282 0.0288118 0.00266231
0.0299466 0.00411701 0.0300322 0.00413644
0.0288981 0.00125299 0.0288728 0.00125525
0.0289622 0.00241101 0.029038 0.00239204
0.0284837 0.00249667 0.0284723 0.00247936
0.0274703 0.00120606 0.0274666 0.00116837
0.0301116 0.00462862 0.0301523 0.00458367
0.0273 0.000566942 0.0273384 0.000502338
0.0272652 0.000607852 0.0273019 0.000579045
0.0288076 0.00305268 0.0288236 0.00303811
0.0285297 0.00267947 0.0285581 0.00266949
0.0288366 0.00244209 0.0289438 0.00249144
0.0276183 0.00193138 0.0276863 0.00190389
0.0275878 0.00105253 0.0276147 0.00105567
0.0294421 0.00414463 0.0295288 0.00416677
0.0280253 0.00197633 0.0280132 0.0019569
0.0291823 0.00373916 0.0292455 0.0037243
0.0289144 0.00295824 0.0289632 0.0030008
0.0285053 0.00247138 0.0285447 0.00246764
0.0285971 0.00320645 0.028699 0.00318262
0.0276631 0.00195814 0.0277523 0.0020187
0.0274415 0.00103757 0.0274517 0.00101754
0.0288383 0.00406917 0.0288183 0.0041709
0.0278525 0.00201401 0.0279521 0.00205021
0.0267586 0.000466659 0.0267814 0.000487801
0.0273292 0.00146192 0.027428 0.0015507
0.0283663 0.00200036 0.0284803 0.00209441
0.0273376 0.00125035 0.027409 0.00128477
0.0271056 0.00144656 0.027158 0.00146015
0.0274941 0.00205656 0.0275875 0.00209638
0.0261131 0.000956366 0.0262462 0.00102052
0.0264937 0.000857605 0.0265166 0.000854887
0.0280052 0.00349097 0.028103 0.00349827
0.0260716 0.000704474 0.026174 0.000723021
0.0266013 0.000696274 0.0266838 0.000624585
0.0258305 0.000881797 0.0258431 0.000850238
0.026234 0.00147271 0.0263636 0.00150893
0.02608 0.000734669 0.0261963 0.000717646
0.0264393 0.00144051 0.0264272 0.00140047
0.0274734 0.00384525 0.0275446 0.00394502
0.0274283 0.00276619 0.0274507 0.00276166
0.0262178 0.00142577 0.0263408 0.00141991
0.025746 0.000949524 0.0257787 0.00101267
0.0271879 0.00261056 0.0272726 0.00263977
