0.0656678 0.0110119 0.0653718 0.0108549
0.0637806 0.0142145 0.0632975 0.0141733
0.0671799 0.0161514 0.0671657 0.0163349
0.0576126 0.00256543 0.0572268 0.00261555
0.0591839 0.00549732 0.059015 0.0056437
0.0709456 0.0221169 0.0708861 0.0222782
0.0711184 0.0114526 0.071249 0.0114635
0.0735526 0.0221673 0.0735784 0.022434
0.0805562 0.0237684 0.0804775 0.0238484
0.0667107 0.0203368 0.0668003 0.0205363
0.0645221 0.0107939 0.0645193 0.0110459
0.0675022 0.0135793 0.0673541 0.0136513
0.064939 0.0231229 0.0648488 0.0234346
0.0712939 0.0220844 0.0713482 0.0225489
0.0662763 0.0174339 0.0664259 0.0176841
0.0569994 0.00675356 0.057 0.00667127
0.0613572 0.00812712 0.0613195 0.0083954
0.0679326 0.0243134 0.0678079 0.0243009
0.0707288 0.0158191 0.0706889 0.0161147
0.0660508 0.012551 0.066146 0.0127299
0.0591052 0.0111187 0.0590947 0.0113198
0.0585664 0.00552042 0.058483 0.00565996
0.0576368 0.00826816 0.057597 0.00848857
0.0534296 0.00308008 0.0532451 0.00306244
0.0597939 0.00957128 0.0598403 0.00961602
0.0563185 0.00520108 0.0561178 0.00536929
0.0539353 0.00693197 0.0538933 0.00724096
0.0610091 0.0113022 0.0609261 0.0115071
0.0621822 0.0250537 0.0621027 0.0251923
0.0555483 0.00551165 0.0557317 0.00550023
0.0554104 0.00777656 0.0555054 0.0079829
0.063825 0.0146477 0.0638519 0.0149469
0.0575998 0.00811956 0.0577573 0.00839422
0.0568433 0.00841663 0.056929 0.00842729
0.0633624 0.0177996 0.0633856 0.0180155
0.0543775 0.00492439 0.0543289 0.00493857
0.0578094 0.00973077 0.0578216 0.00983029
0.0531249 0.0049231 0.0531975 0.00487909
0.0539218 0.00669035 0.0537126 0.0067277
0.054563 0.00937585 0.0544841 0.00953374
0.0528021 0.00376627 0.0527281 0.00379877
0.0546071 0.00945245 0.0545833 0.00952729
0.0527985 0.00755933 0.0525747 0.00765868
0.06394 0.015998 0.0639403 0.0163318
0.0548242 0.00769769 0.0547736 0.00775152
0.0572928 0.0195701 0.0573768 0.0197593
0.0556361 0.00656745 0.0558012 0.00654232
0.0563702 0.00914751 0.0564041 0.00912236
0.054536 0.010921 0.0546602 0.0110642
0.0533458 0.004876 0.0533365 0.004895
0.059136 0.0130277 0.0590705 0.013143
0.0566629 0.0110429 0.0566651 0.0111418
0.054551 0.0117047 0.0544771 0.0118981
0.0519134 0.00651808 0.0518742 0.00653655
0.0549066 0.00661727 0.0549157 0.0066098
0.0568483 0.0130432 0.0567464 0.0131607
0.0517649 0.00456346 0.0516802 0.00448813
0.0531517 0.00941624 0.0531902 0.00926589
0.0541202 0.00526828 0.0541297 0.00518589
0.0521222 0.00654676 0.0521771 0.00637811
0.055753 0.0109484 0.055822 0.0109825
0.053789 0.00999327 0.0538247 0.0101252
0.055875 0.0111498 0.0558854 0.0112639
0.0540698 0.00922604 0.0541484 0.00916429
0.054864 0.0042104 0.0549432 0.00422013
0.0553942 0.0121868 0.0553046 0.0122327
0.0505257 0.0082854 0.0505187 0.00819929
0.0528296 0.00676332 0.0527702 0.00678386
0.0492808 0.00400887 0.0492175 0.00399116
0.0508392 0.00712315 0.0507649 0.00713331
0.0553118 0.0111432 0.0553769 0.0111796
0.0502358 0.00369509 0.0503492 0.00372034
0.0484688 0.00326381 0.0484115 0.00308113
0.0533818 0.012198 0.0534397 0.0121501
0.0527302 0.00988248 0.0528036 0.00968485
0.0500304 0.00380922 0.0501171 0.0036947
0.0539692 0.00964066 0.0540766 0.00959722
0.0523027 0.009644 0.0522933 0.00961219
0.0491309 0.0047092 0.0490981 0.00455978
0.0512127 0.00509112 0.0512754 0.0050025
