0.111816 0.0136141 0.111691 0.0138021
0.108847 0.0163773 0.108425 0.0165818
0.117858 0.016362 0.118 0.0164313
0.10939 0.0131271 0.108934 0.0133653
0.11135 0.0169143 0.111146 0.0172379
0.109549 0.0186627 0.109625 0.0186276
0.105207 0.00409828 0.104976 0.00425907
0.113568 0.0178874 0.11309 0.0179519
0.106828 0.0113994 0.106662 0.0115536
0.10623 0.0106033 0.106029 0.0108985
0.104724 0.010024 0.104645 0.00997504
0.107464 0.0126432 0.107046 0.0128864
0.112714 0.0088133 0.112759 0.00861301
0.106243 0.0108624 0.106147 0.0111267
0.10867 0.0125582 0.108317 0.0128326
0.117355 0.0172021 0.117069 0.0174998
0.106333 0.0117736 0.106229 0.0118623
0.109528 0.00783312 0.109562 0.0077714
0.113654 0.0126044 0.114067 0.0128256
0.0995019 0.0104735 0.0992872 0.0105634
0.109444 0.00989194 0.109246 0.00985286
0.108067 0.0143807 0.107839 0.0143431
0.109908 0.0197807 0.109574 0.0201332
0.107545 0.0104331 0.107482 0.0105462
0.106469 0.0096598 0.106376 0.0101247
0.100738 0.00679082 0.100661 0.00693433
0.107545 0.0125657 0.107684 0.0126026
0.101836 0.00752849 0.102092 0.00774463
0.103201 0.00758491 0.103046 0.00788732
0.100058 0.00671852 0.100181 0.00673386
0.0958923 0.00600251 0.0960076 0.00570006
0.101347 0.00660462 0.101435 0.00644955
0.102449 0.0142757 0.102738 0.0145367
0.0996616 0.0134535 0.0998206 0.0139438
0.106326 0.0146438 0.106574 0.0147973
0.09942 0.00876555 0.0998635 0.00924911
0.103088 0.00993556 0.102939 0.0100435
0.111914 0.0157643 0.112178 0.0161389
0.0976648 0.0101005 0.0975639 0.0104507
0.0979375 0.00876414 0.098028 0.00876241
0.0957954 0.0104567 0.0959023 0.0107968
0.107047 0.0151103 0.107037 0.0153051
0.0970215 0.0124673 0.096707 0.0129693
0.0943929 0.00641627 0.0942597 0.00671593
0.0977973 0.0066987 0.0978923 0.00683884
0.0994051 0.0139546 0.0994575 0.014433
0.1014 0.00650269 0.101485 0.00676619
0.0940572 0.00932148 0.0940753 0.00925543
0.0985865 0.0110807 0.0989563 0.0110932
0.0992555 0.00718686 0.0993456 0.00748648
0.0920685 0.00776752 0.0919066 0.00790143
0.0963052 0.0124366 0.0967246 0.0124857
0.0970953 0.00842017 0.0969022 0.00846847
0.0966653 0.0109852 0.0965973 0.0110814
0.0967269 0.00780809 0.0969233 0.00801579
0.0918894 0.0111313 0.091939 0.0109959
0.0948609 0.012403 0.0946777 0.0127223
0.0931797 0.0106443 0.0931561 0.010886
0.092393 0.00906729 0.0923331 0.0094087
0.0918857 0.0111685 0.0919101 0.0114596
0.0994299 0.00889452 0.0998849 0.00875261
0.0876139 0.00681441 0.087611 0.00684417
0.0879643 0.00556333 0.0880086 0.00585301
0.0908058 0.00627733 0.0903751 0.0061514
0.0927406 0.00977911 0.0925821 0.0101951
0.087783 0.00705539 0.0878596 0.00734263
0.0889339 0.00884163 0.0893074 0.00901504
0.088629 0.00538498 0.0887426 0.00529157
0.0872257 0.00804909 0.08741 0.00786602
0.0876015 0.00781982 0.0876153 0.00771913
0.0947477 0.00683009 0.0951076 0.00676038
0.0867318 0.00481201 0.0867121 0.00503194
0.0870701 0.00749736 0.0868575 0.00741017
0.0858844 0.00618338 0.0859368 0.00634985
0.0886184 0.00911947 0.0888619 0.00911841
0.084788 0.00624308 0.084939 0.00613688
0.085336 0.00625513 0.085283 0.0061577
0.0899311 0.00838636 0.0899368 0.00837843
0.0864605 0.00792999 0.0866796 0.00794754
0.0841022 0.0086975 0.084065 0.00901226
