0.250306 0.00835392 0.249954 0.00833127
0.284431 0.00598948 0.28376 0.00639984
0.291969 0.00508611 0.291551 0.00492734
0.29677 0.00355325 0.296475 0.00359741
0.302222 0.00329413 0.302166 0.00345975
0.30376 0.00339783 0.30311 0.0032395
0.305166 0.00376084 0.304063 0.00322037
0.316311 0.00753535 0.315643 0.00747725
0.317129 0.00354988 0.316619 0.00380025
0.321673 0.00471741 0.321148 0.00475636
0.328779 0.0055245 0.327787 0.00560914
0.332371 0.00693192 0.332402 0.00589763
0.339181 0.00624899 0.337789 0.00591499
0.345349 0.00569744 0.344496 0.00487937
0.347408 0.00301787 0.34775 0.00287367
0.352233 0.00400932 0.352345 0.00263993
0.35975 0.00447762 0.359464 0.00537961
0.365615 0.00466028 0.364848 0.00344038
0.373413 0.00597887 0.373037 0.00598907
0.384267 0.0102896 0.383096 0.0110838
0.38897 0.00603416 0.388271 0.00707567
0.39241 0.0100236 0.393112 0.00941512
0.395487 0.00385303 0.395024 0.00401597
0.405008 0.00549983 0.404998 0.00542329
0.411254 0.00495022 0.408614 0.0053153
0.418234 0.0095838 0.418436 0.00728436
0.427726 0.00965897 0.42764 0.011118
0.430474 0.0075216 0.430703 0.0057624
0.44199 0.0125799 0.442298 0.0106496
0.441629 0.00709349 0.440565 0.00671286
0.452889 0.00771627 0.449862 0.00773123
0.448308 0.00557238 0.44928 0.00313294
0.458523 0.00934927 0.458802 0.0052092
0.462697 0.00758257 0.462912 0.00437549
0.471497 0.00578459 0.469877 0.00652848
0.481303 0.00977982 0.4786 0.00713189
0.478653 0.00561424 0.479367 0.00642638
0.486122 0.00994605 0.487145 0.00989062
0.493958 0.00702558 0.494911 0.00769411
0.499824 0.00844417 0.496955 0.00814214
0.500298 0.00485423 0.500328 0.00711265
0.506215 0.0100262 0.504835 0.00722227
0.507827 0.00569542 0.507346 0.00524829
0.517618 0.0110045 0.514414 0.0110744
0.516581 0.00549797 0.513778 0.00504531
0.518601 0.0060532 0.519571 0.00569429
0.525168 0.00622025 0.524959 0.00535631
0.532249 0.00459553 0.530641 0.00643024
0.539934 0.00776123 0.538845 0.00825683
0.535184 0.00710911 0.537069 0.00792355
0.538625 0.00535744 0.539168 0.00644014
0.54466 0.00676135 0.542047 0.00671246
0.54523 0.00548471 0.54631 0.00614525
0.550318 0.00921313 0.549146 0.00718961
0.550844 0.00370182 0.550139 0.00287654
0.55636 0.00855394 0.557234 0.00602241
0.560654 0.00736403 0.561069 0.00754855
0.564923 0.00663802 0.563487 0.00705518
0.564427 0.00876751 0.566455 0.00840044
0.57108 0.00308968 0.570312 0.00251815
0.571294 0.00690243 0.571314 0.0079682
0.572485 0.00483243 0.572206 0.00598525
0.579692 0.0071997 0.578361 0.00842199
0.576244 0.00639431 0.576606 0.00614878
0.578662 0.00505792 0.580679 0.0051796
0.586212 0.0043396 0.585226 0.00496277
0.583782 0.00233263 0.583427 0.00341201
0.587441 0.0059942 0.587335 0.00666551
0.592809 0.00701158 0.590083 0.00908339
0.593419 0.00907057 0.595126 0.00724094
0.596697 0.00688166 0.597744 0.00608359
0.598985 0.00508232 0.59763 0.00406429
0.599543 0.00704686 0.599404 0.00492378
0.600701 0.0059983 0.600122 0.00493525
0.607159 0.00767385 0.60827 0.00599656
0.604778 0.00658947 0.6042 0.00495799
0.607758 0.00748239 0.605222 0.00378813
0.606947 0.00513883 0.608905 0.00244041
0.613588 0.00621547 0.609798 0.00644455
0.610277 0.0047192 0.610664 0.00345654
0.614014 0.00530712 0.614085 0.00369766
0.613841 0.00458938 0.61411 0.00428393
0.616038 0.00447498 0.615647 0.00373678
0.615428 0.00436227 0.615629 0.00489763
0.618296 0.00274409 0.617698 0.0029869
0.622489 0.00454707 0.622292 0.00316211
0.621956 0.00803914 0.622639 0.00634985
0.621378 0.00354814 0.623127 0.00312119
0.624772 0.00444493 0.62453 0.00298151
0.626574 0.00378297 0.626162 0.00255526
0.628712 0.0038339 0.626573 0.00346479
0.628226 0.00551809 0.628456 0.00381461
0.628055 0.00503187 0.628437 0.00332146
0.629876 0.00382146 0.629897 0.00302327
0.633019 0.00313039 0.633386 0.00399438
0.635225 0.00407332 0.633584 0.00419819
0.634935 0.00322197 0.632966 0.00436415
0.634765 0.00410677 0.63487 0.00300248
0.637401 0.00271145 0.639381 0.00335677
0.638069 0.00412507 0.637719 0.00337333
