0.0283401 0.00369916 0.0282982 0.00369597
0.040388 0.00778751 0.0404336 0.00786689
0.0503504 0.0131905 0.0504363 0.013349
0.0609435 0.0186663 0.0611747 0.0187504
0.0538089 0.0102577 0.05357 0.0103139
0.0732001 0.0283095 0.0729242 0.0274617
0.0745842 0.0228086 0.0744644 0.0229063
0.0795269 0.0172716 0.0796043 0.0175475
0.101299 0.0298552 0.100918 0.0299584
0.0934737 0.0156666 0.0938153 0.0155377
0.0901546 0.00829782 0.0896615 0.00820053
0.0905368 0.0103613 0.091134 0.0104471
0.10244 0.0235987 0.102507 0.0233752
0.115726 0.0295007 0.115676 0.0298949
0.109296 0.0130176 0.109333 0.0125509
0.126726 0.0215829 0.126446 0.0213786
0.119361 0.0165117 0.118321 0.0163515
0.120107 0.0108169 0.120322 0.0105543
0.14018 0.0186052 0.139219 0.0182706
0.128755 0.0160784 0.129101 0.0152181
0.134643 0.0100785 0.134237 0.0104252
0.144596 0.0185266 0.143542 0.0193339
0.15747 0.0175382 0.156536 0.0170422
0.16162 0.0178726 0.161817 0.0178928
0.14683 0.00847239 0.146831 0.00891065
0.15894 0.0124362 0.158689 0.0130966
0.15537 0.0065555 0.155067 0.00649073
0.156365 0.00566451 0.156489 0.00602551
0.171114 0.0165375 0.171368 0.0154014
0.171571 0.011574 0.171394 0.0117413
0.168612 0.00590471 0.168799 0.00608207
0.170595 0.0107848 0.170027 0.0106514
0.183291 0.0161448 0.183006 0.0161317
0.183837 0.0125735 0.18268 0.01245
0.18416 0.0100481 0.182905 0.0097242
0.190155 0.0107034 0.189976 0.00995604
0.188354 0.00833838 0.188387 0.00929459
0.200498 0.0128572 0.198983 0.0126902
0.201281 0.0118067 0.201278 0.0101795
0.195339 0.00896716 0.195984 0.0091604
0.194042 0.00589031 0.193799 0.00569777
0.200467 0.0132142 0.200348 0.0126826
0.199565 0.00475118 0.19902 0.00497756
0.205986 0.00791356 0.207142 0.00859582
0.212423 0.0116076 0.213001 0.0103791
0.214466 0.0120623 0.213615 0.0129618
0.213218 0.0107481 0.21413 0.0108162
0.211957 0.00510975 0.212599 0.00449072
0.21809 0.00610851 0.218693 0.00684696
0.219323 0.00919461 0.219224 0.0107284
0.219196 0.00592121 0.21921 0.00599709
0.219407 0.00527606 0.219148 0.00570311
0.224155 0.00830496 0.222195 0.00876545
0.22633 0.00668916 0.226706 0.00716637
0.22408 0.00457514 0.225305 0.00507818
0.230268 0.0129846 0.230944 0.0131443
0.228282 0.00902669 0.226979 0.00751735
0.23027 0.00301161 0.230125 0.00321936
0.232172 0.0054321 0.231993 0.00453065
0.234216 0.00675093 0.233978 0.00636712
0.235181 0.0125931 0.23684 0.0117767
0.243385 0.0118269 0.24343 0.0112996
0.241062 0.00655023 0.240787 0.0062584
0.240556 0.00672976 0.240478 0.00526704
0.242464 0.00932952 0.24277 0.00887959
0.250542 0.00900655 0.251477 0.00942966
0.249566 0.0102306 0.249757 0.00998451
0.24987 0.00675818 0.249829 0.00609558
0.247498 0.00397419 0.247394 0.00254955
0.249531 0.00361061 0.24951 0.00331104
0.25244 0.00684849 0.251444 0.0069811
0.261689 0.00920686 0.261417 0.00802865
0.256623 0.00854168 0.255728 0.00920668
0.255514 0.00502002 0.256171 0.00408852
0.257988 0.00990029 0.257856 0.0101196
0.258022 0.00269781 0.256838 0.00303716
0.260852 0.00447857 0.259456 0.00471758
0.260943 0.00476829 0.261758 0.00509073
0.265347 0.00618349 0.262774 0.00602389
0.264834 0.00876387 0.264379 0.00840025
0.27368 0.0123626 0.273388 0.0126773
0.266783 0.00740837 0.267034 0.00736784
0.2682 0.00511474 0.2686 0.0052194
0.269752 0.00680222 0.271392 0.00842497
0.273259 0.00483198 0.27283 0.00513655
0.273914 0.0069968 0.273229 0.0067701
0.272323 0.00333769 0.271812 0.00270573
0.274115 0.00323494 0.273281 0.00233682
0.276829 0.00513671 0.276105 0.0043267
0.274771 0.00323573 0.275558 0.0024554
0.279478 0.00556215 0.279235 0.00563262
0.282893 0.00735086 0.28076 0.007529
0.279815 0.00544786 0.279816 0.00359937
0.286269 0.00919537 0.286073 0.00783365
0.288727 0.0149753 0.287973 0.0166608
0.287031 0.00644088 0.287203 0.00830416
0.285621 0.00220616 0.284688 0.00240785
0.289664 0.00743975 0.290744 0.00781652
0.288726 0.00399097 0.28916 0.00433342
0.288757 0.00818766 0.290714 0.00749855
