0.107751 0.0206737 0.107332 0.0209267
0.115322 0.0217084 0.114865 0.0220279
0.114631 0.0253915 0.113992 0.0255995
0.106655 0.023473 0.106304 0.023553
0.11994 0.0260497 0.119702 0.0260767
0.112435 0.0234902 0.112042 0.0237233
0.101958 0.0229414 0.101312 0.0230455
0.107298 0.0235036 0.10687 0.0235255
0.110436 0.0268377 0.110034 0.0270204
0.102338 0.020054 0.101849 0.0200897
0.109561 0.0149219 0.10907 0.0150794
0.0968718 0.0140611 0.0963592 0.014281
0.11224 0.0256459 0.111685 0.0258369
0.103327 0.0195399 0.102671 0.0197769
0.110078 0.0251333 0.109809 0.0255287
0.103055 0.020107 0.102618 0.0202929
0.0999869 0.0188817 0.099665 0.0191129
0.0844207 0.0101309 0.0838502 0.010129
0.102169 0.0252378 0.101757 0.0253596
0.114987 0.020127 0.114645 0.0204809
0.0937375 0.0210836 0.0931838 0.0211777
0.0949972 0.0211345 0.0943863 0.0214162
0.108449 0.0255963 0.107938 0.0260106
0.110365 0.0218917 0.110121 0.0221292
0.103813 0.0218707 0.103808 0.0219458
0.094823 0.0197772 0.0944588 0.020102
0.10084 0.021371 0.100664 0.0213896
0.0876031 0.0151774 0.0874336 0.0152443
0.0913458 0.0205392 0.0912355 0.0206794
0.0942199 0.0207501 0.0937155 0.0209789
0.101642 0.0203282 0.101586 0.0204232
0.0964405 0.0178864 0.0962992 0.0180453
0.106454 0.0269664 0.106163 0.0273643
0.104666 0.0143074 0.104436 0.0144817
0.0971385 0.0198099 0.0972466 0.0197479
0.0962288 0.0202472 0.0960823 0.0203242
0.0982207 0.0190694 0.0982024 0.0192052
0.0966579 0.0208759 0.0965174 0.0212402
0.096131 0.0257615 0.0962654 0.0259422
0.096842 0.0181159 0.0968243 0.0183469
0.0892798 0.0135969 0.0892464 0.013539
0.101501 0.0244177 0.101595 0.0248009
0.096103 0.018876 0.0959706 0.0191441
0.087893 0.0172161 0.0878842 0.0176232
0.0979003 0.012608 0.0978528 0.0128096
0.0991449 0.0186153 0.0992657 0.0187328
0.0903282 0.0165472 0.0901721 0.0167391
0.0890068 0.0206387 0.0887357 0.0208961
0.0981918 0.0196224 0.0981117 0.0197595
0.101181 0.0262456 0.101268 0.0265047
0.0849753 0.019178 0.0848242 0.019501
0.0877874 0.0251927 0.0877406 0.0251206
0.0829868 0.0117644 0.0828484 0.0121772
0.0798416 0.0151281 0.0794854 0.0153785
0.0812526 0.0148395 0.0812174 0.0150699
0.0802833 0.00715456 0.0799846 0.00738123
0.0819487 0.0107235 0.0820782 0.0107653
0.0894043 0.0217144 0.08927 0.0218508
0.0918305 0.0197223 0.0918561 0.0200618
0.0898849 0.0191821 0.0901305 0.0194238
0.0783363 0.00707382 0.0780474 0.00747028
0.0845216 0.0174868 0.0846479 0.0178006
0.080507 0.0150641 0.0805476 0.0151936
0.0834824 0.0127452 0.0834918 0.0129409
0.0795733 0.0163315 0.07952 0.0166229
0.0829367 0.0179177 0.0829171 0.0181283
0.083986 0.0209497 0.0839182 0.0211208
0.0825082 0.00958014 0.0825901 0.00984297
0.0779833 0.0111532 0.0779561 0.0113646
0.0870867 0.0200585 0.0869631 0.0203548
0.0843034 0.0179793 0.0846131 0.0180233
0.0769116 0.00979273 0.0769855 0.0099863
0.0784828 0.0131539 0.0784147 0.0133824
0.0930615 0.0211702 0.0932838 0.0212682
0.0715257 0.00876241 0.0715622 0.00890333
0.0747691 0.0132868 0.0746242 0.0132834
0.0833451 0.0179987 0.0833747 0.0181922
0.0784835 0.0131069 0.0783211 0.0133857
0.0834002 0.0167384 0.0833434 0.0168882
0.0773012 0.00724068 0.0774102 0.00713306
