0.0255917 0.00198408 0.0255629 0.00197541
0.0365852 0.00648648 0.0365946 0.00643545
0.0388758 0.0029048 0.0391026 0.00302151
0.0550575 0.0207738 0.0552797 0.0214585
0.0516832 0.0146153 0.0517422 0.0147018
0.0532059 0.00359793 0.0532289 0.00361539
0.062259 0.00722916 0.0623149 0.00695523
0.0652703 0.00890044 0.065421 0.00897125
0.0746422 0.00822475 0.0743225 0.0076161
0.0804114 0.012491 0.0800756 0.0123835
0.0808096 0.0117962 0.0805659 0.0113186
0.0942442 0.0157907 0.0944656 0.016084
0.0970602 0.0125099 0.0967259 0.0119115
0.0979221 0.00809628 0.0977518 0.00803701
0.104098 0.0207707 0.104447 0.0216114
0.110331 0.0206872 0.110549 0.0202639
0.107064 0.0106857 0.107676 0.0100314
0.114295 0.0106203 0.114429 0.0106589
0.1236 0.0143363 0.123742 0.0148439
0.11946 0.0116091 0.119324 0.0114199
0.129075 0.0104156 0.129704 0.0101343
0.123511 0.0113997 0.123513 0.0118021
0.137073 0.0104551 0.136889 0.0109419
0.13256 0.00502038 0.132444 0.00499765
0.138121 0.0112797 0.138539 0.011178
0.143343 0.0102192 0.14372 0.0100765
0.14579 0.0113844 0.146235 0.0114863
0.148756 0.00714876 0.148947 0.00702821
0.150084 0.00689742 0.149283 0.00682969
0.153123 0.0105502 0.153216 0.0110512
0.157418 0.0112086 0.155854 0.0106986
0.165381 0.0136822 0.165128 0.0140209
0.161871 0.00884772 0.161381 0.00833886
0.163556 0.00765539 0.162638 0.00741636
0.172565 0.00721351 0.172754 0.00678986
0.167628 0.00702279 0.168375 0.00685316
0.17082 0.00745926 0.1713 0.00734552
0.175029 0.0072849 0.175175 0.00761468
0.173557 0.00385964 0.172778 0.00478568
0.176462 0.0064183 0.175619 0.00686399
0.182405 0.00602433 0.182139 0.00587231
0.188057 0.00784284 0.187861 0.00760859
0.186505 0.00756215 0.185829 0.00718665
0.190393 0.00809438 0.191085 0.00706815
0.187359 0.00565352 0.186324 0.00525986
0.191388 0.00357319 0.191898 0.0030422
0.192241 0.00647656 0.191499 0.00668779
0.199187 0.00767307 0.20054 0.00914743
0.203395 0.00651525 0.202936 0.00704226
0.202658 0.00580983 0.200424 0.00576553
0.200769 0.00691378 0.199812 0.00639358
0.206056 0.0102677 0.205738 0.0105292
0.206395 0.00815631 0.206345 0.00768195
0.205779 0.00508963 0.204959 0.0051878
0.207672 0.00519482 0.207849 0.00578912
0.213166 0.00608139 0.212576 0.00669731
0.215146 0.00517322 0.214524 0.0054067
0.212423 0.00564974 0.211838 0.00547939
0.215504 0.00883801 0.216888 0.00758096
0.21423 0.00418122 0.21357 0.0037391
0.220742 0.00774831 0.221266 0.00787522
0.216176 0.00572623 0.21756 0.00566067
0.225266 0.00866063 0.224016 0.00780835
0.224041 0.00597805 0.223963 0.0066922
0.223651 0.00609324 0.223843 0.00436387
0.225625 0.00526742 0.226222 0.00396604
0.230033 0.00992411 0.230093 0.00958963
0.225726 0.0028718 0.225674 0.0027166
0.231173 0.00856836 0.231196 0.0085086
0.233354 0.00551724 0.233409 0.0041202
0.234546 0.00404254 0.233331 0.00474456
0.233142 0.00450498 0.233714 0.00451185
0.242237 0.0102135 0.242888 0.0102112
0.241424 0.0120131 0.241278 0.0115413
0.241707 0.00669523 0.241813 0.00713114
0.239938 0.00493128 0.240789 0.00533485
0.240629 0.00529495 0.241629 0.00577067
0.246638 0.0082306 0.246549 0.00901438
0.245614 0.00624296 0.24469 0.00727898
0.24901 0.00972325 0.248792 0.00927498
0.245333 0.00381465 0.244207 0.00273159
0.250747 0.00493615 0.25042 0.00613971
0.250306 0.00799628 0.250592 0.00757707
0.249413 0.00286493 0.247658 0.00328012
0.251959 0.00608883 0.250937 0.00581412
0.254458 0.00907412 0.255522 0.00761133
0.262715 0.0176561 0.262188 0.0167364
0.257389 0.00443799 0.256024 0.00354795
0.261865 0.0071056 0.26207 0.00721881
0.259292 0.00678206 0.260837 0.00673183
0.259601 0.00324699 0.259141 0.00310792
0.26156 0.00476974 0.261816 0.00545503
0.265666 0.00631835 0.266859 0.00606156
0.262347 0.003053 0.262607 0.00243614
0.266649 0.0078863 0.26761 0.00772874
0.269919 0.0104428 0.269769 0.0106712
0.27164 0.00840228 0.271076 0.00861243
0.273809 0.0047179 0.273558 0.00573883
0.271413 0.00601308 0.27244 0.00804501
0.274233 0.00577637 0.273768 0.00452135
