0.0458371 0.00186456 0.0457585 0.00194829
0.049116 0.00802034 0.0491693 0.00776641
0.0473838 0.00219146 0.0473182 0.00206621
0.0487179 0.00905495 0.0487131 0.00910923
0.0469694 0.00317155 0.0469465 0.00307117
0.0471819 0.00371578 0.0469729 0.00364546
0.0489558 0.00549474 0.0487793 0.00559639
0.0456281 0.00432878 0.0455029 0.00448652
0.0459619 0.00226657 0.0457755 0.00230886
0.0443316 0.00143608 0.0441904 0.0013219
0.0464513 0.00283105 0.0463826 0.00278238
0.0474292 0.00876652 0.0473687 0.00885035
0.0444779 0.0024119 0.0444115 0.00224403
0.0443927 0.00299864 0.0442726 0.00310301
0.0439172 0.00111861 0.0438153 0.000978463
0.0432177 0.00210012 0.0431745 0.00221067
0.0479288 0.00407913 0.0480379 0.00417936
0.0435098 0.00349021 0.0435292 0.00349534
0.044895 0.0023385 0.0448501 0.00231256
0.0447582 0.00395295 0.044666 0.00392989
0.0429446 0.00171259 0.0430539 0.00182691
0.0428391 0.00198077 0.0426013 0.00183658
0.0436271 0.00193906 0.0436093 0.00187714
0.0437105 0.00319177 0.043748 0.00321608
0.0424311 0.00280025 0.0425279 0.00283545
0.0438987 0.00237507 0.0438334 0.00258421
0.0434851 0.00241496 0.0433294 0.00236919
0.0424174 0.00172558 0.0422885 0.00169082
0.0438955 0.00180073 0.0437633 0.00184821
0.0430376 0.00269067 0.043113 0.00271785
0.0415651 0.00149433 0.0416605 0.00149613
0.04259 0.00264992 0.0426798 0.0026539
0.0422426 0.00293039 0.0423186 0.00304283
0.0413315 0.00177165 0.0413304 0.00177506
0.0421392 0.00212656 0.0422673 0.0021496
0.0430503 0.0028287 0.0433131 0.00295172
0.0419454 0.00305208 0.041929 0.00306245
0.0430471 0.00471226 0.0428916 0.00472355
0.0426374 0.00357411 0.0426595 0.0035052
0.0415928 0.00193831 0.04177 0.00193134
0.0420148 0.00224172 0.0421448 0.00234637
0.0413452 0.0020255 0.0414516 0.00204268
0.041894 0.00231667 0.0419548 0.0023206
0.0425363 0.00270478 0.0425064 0.00281828
0.0430222 0.00293169 0.0430306 0.0029753
0.0434031 0.00319907 0.04359 0.00312634
0.0409491 0.00122548 0.0409834 0.0011899
0.042237 0.00243119 0.0422579 0.00233528
0.0413596 0.00232031 0.0413939 0.00236569
0.0414113 0.00319709 0.0414354 0.00317084
0.0401328 0.00202988 0.0401424 0.00208606
0.0412713 0.00369853 0.0412635 0.00367683
0.0430161 0.00335063 0.0431369 0.00336081
0.0406016 0.00197266 0.04066 0.00194247
0.0413325 0.00279089 0.0414642 0.00283907
0.0405364 0.00218485 0.0406173 0.00216072
0.0427622 0.00394133 0.0428552 0.00396609
0.040557 0.00167814 0.0406565 0.0018278
0.0398667 0.00247666 0.0398863 0.00242926
0.0416284 0.00258227 0.0418437 0.00252492
0.0412 0.00362376 0.041273 0.00346659
0.0410691 0.00234084 0.0412191 0.00227092
0.0409977 0.00258917 0.0412436 0.00255153
0.0398073 0.00153857 0.0399736 0.00153416
0.0418452 0.00347981 0.0421061 0.00352088
0.0392096 0.00160579 0.0392563 0.00149849
0.0428075 0.00419384 0.043037 0.00407527
0.0405583 0.00247013 0.0406907 0.00242412
0.039686 0.00211909 0.0400257 0.00207486
0.0423882 0.00504314 0.0424559 0.00498414
0.0401811 0.00195717 0.0403559 0.00201329
0.0426704 0.0037889 0.0427315 0.00387721
0.0392825 0.00228564 0.0394421 0.00250921
0.0396491 0.00182297 0.03987 0.00178263
0.0408208 0.00503879 0.0410959 0.00504678
0.0420234 0.00426724 0.0421505 0.00430878
0.0396359 0.00230868 0.039921 0.00234855
0.0404046 0.00265754 0.0407913 0.00261203
0.040827 0.00281824 0.0409677 0.00276319
0.0409128 0.00266847 0.041111 0.00262146
