0.0825058 0.00999957 0.0818586 0.00996404
0.0828738 0.00670424 0.0823643 0.00678021
0.0840394 0.0102138 0.0838386 0.0104409
0.0774699 0.00541152 0.0770875 0.00543078
0.080312 0.00607137 0.0796997 0.00627161
0.0789199 0.00598707 0.0785679 0.00604675
0.0814948 0.0110423 0.0810897 0.0108541
0.0829402 0.0137106 0.0825593 0.013819
0.0819939 0.00788741 0.0819377 0.007706
0.0796506 0.00937348 0.079653 0.0093257
0.079601 0.00595771 0.0792736 0.00570723
0.0769878 0.00708187 0.0766734 0.00691467
0.0785087 0.00727016 0.0781223 0.00759411
0.0783203 0.00529842 0.0777448 0.00543188
0.0749949 0.00347314 0.0746653 0.00314864
0.0763561 0.00624409 0.0761605 0.00605686
0.0793525 0.00522129 0.07934 0.00537107
0.0754396 0.00267988 0.0752774 0.0028415
0.0802094 0.00503679 0.0803199 0.00522183
0.0788029 0.00387089 0.0784443 0.00373783
0.0763459 0.00543454 0.0764283 0.00532699
0.0800343 0.00894543 0.0796486 0.00926422
0.0757336 0.00946907 0.075416 0.00952016
0.0780557 0.0117981 0.077903 0.0120384
0.0762384 0.0047408 0.0760303 0.00433808
0.0753689 0.00826765 0.0753234 0.00829845
0.0794437 0.0121705 0.0794172 0.0124148
0.0734453 0.00569798 0.073506 0.00606357
0.0734714 0.00618755 0.0734355 0.00621161
0.0718815 0.00401938 0.0719182 0.00386104
0.0693768 0.00485493 0.0696026 0.00512975
0.0744046 0.00832741 0.0744431 0.0085509
0.0736998 0.00467768 0.0736538 0.00450377
0.0714211 0.00471216 0.0715238 0.00469211
0.0737148 0.00614422 0.073562 0.00610219
0.0746399 0.00691434 0.0744046 0.00696675
0.0721942 0.00481704 0.0721972 0.00488846
0.0714544 0.00487677 0.0715221 0.00495626
0.0730462 0.00976709 0.0729303 0.00987414
0.0738422 0.00502798 0.0736323 0.00509939
0.0722296 0.00481413 0.0722476 0.00482837
0.0744186 0.00867519 0.0745593 0.00900996
0.0720464 0.00610529 0.072318 0.00615768
0.0718785 0.00702662 0.0719087 0.00707376
0.0700976 0.00532694 0.07005 0.00552664
0.0722525 0.0101452 0.0723722 0.0100467
0.0709018 0.00467991 0.070703 0.00462576
0.0718908 0.00601678 0.0721105 0.00595614
0.0692173 0.00557972 0.0691638 0.00551931
0.0690968 0.00516806 0.0692135 0.00504558
0.0676624 0.004184 0.0678175 0.0042141
0.0694033 0.00375561 0.0695209 0.00362998
0.0666109 0.0055448 0.0667942 0.00525279
0.0681263 0.00506183 0.0679488 0.00509346
0.0691456 0.00315623 0.0691315 0.00334467
0.0702484 0.00957913 0.0703556 0.00957302
0.0650816 0.00354596 0.0649461 0.00354976
0.0667099 0.00424235 0.0666993 0.00406661
0.0669781 0.00902911 0.0672832 0.0090761
0.0681026 0.00337482 0.0682355 0.00351461
0.0700511 0.00648707 0.0702869 0.00671783
0.0681116 0.00495473 0.068192 0.00444524
0.0652127 0.00533866 0.0653664 0.00522176
0.0673064 0.00527355 0.067421 0.00532294
0.0631624 0.00384327 0.0632742 0.00370575
0.0661041 0.0030807 0.0659458 0.00295856
0.0665032 0.00427756 0.0667383 0.00439896
0.065384 0.00467992 0.0655855 0.00462039
0.0655742 0.00341383 0.0656028 0.00316772
0.0648405 0.00539234 0.0650644 0.00524785
0.0650887 0.00250583 0.0648813 0.00268057
0.0649796 0.00292916 0.0652232 0.00275187
0.063962 0.00291239 0.0642742 0.00274199
0.0673964 0.00458998 0.0674056 0.00482135
0.0636595 0.0029635 0.0636614 0.00294633
0.0636896 0.00263828 0.0641319 0.00255665
0.0643933 0.00221977 0.0648066 0.00220633
0.0635734 0.00420733 0.0638881 0.00407263
0.0651996 0.00426957 0.0652474 0.00426749
0.0618056 0.00319477 0.062053 0.00306948
