0.477105 0.0954958 0.477445 0.0954599
0.50063 0.0937288 0.501281 0.0941275
0.473277 0.0710584 0.474006 0.0712371
0.45471 0.0810862 0.455344 0.0814926
0.472823 0.0914733 0.473464 0.091471
0.432801 0.0673527 0.433147 0.0679703
0.466826 0.0941471 0.467317 0.0944349
0.497498 0.103164 0.497806 0.103438
0.44089 0.0743318 0.4413 0.0743244
0.461319 0.0728467 0.462076 0.073361
0.46771 0.0891655 0.468292 0.0894584
0.470943 0.0783166 0.471983 0.0786014
0.477871 0.0675709 0.478896 0.0678427
0.463032 0.0921004 0.463551 0.0924914
0.496699 0.0904273 0.497491 0.0900075
0.489462 0.105842 0.490045 0.106027
0.531033 0.10333 0.531592 0.103473
0.481126 0.0935144 0.481874 0.0935276
0.541706 0.0922485 0.542543 0.0922805
0.457704 0.0991577 0.458339 0.0994971
0.460489 0.0818197 0.461194 0.0820553
0.429279 0.0606419 0.430032 0.0612714
0.479037 0.100132 0.479805 0.100232
0.456755 0.0807018 0.457928 0.0810191
0.498989 0.110145 0.499677 0.110148
0.47062 0.0940537 0.47128 0.0948629
0.472322 0.0689812 0.473775 0.0697093
0.494697 0.0785092 0.495891 0.0791624
0.446832 0.068193 0.448085 0.0688057
0.465619 0.0916574 0.46651 0.0918439
0.458839 0.0995263 0.459807 0.0998237
0.460871 0.0877611 0.462003 0.0882784
0.435322 0.0783146 0.436338 0.0788491
0.461529 0.0868573 0.462538 0.0872844
0.473163 0.0879933 0.474239 0.0882098
0.474933 0.0843775 0.47615 0.0846059
0.443819 0.0638241 0.444886 0.0643484
0.506387 0.0814318 0.507815 0.0812496
0.427354 0.0774269 0.428391 0.0775196
0.500026 0.10521 0.500833 0.10559
0.424782 0.0807944 0.425598 0.0803311
0.470744 0.103543 0.471874 0.103693
0.4315 0.0682123 0.432922 0.0687896
0.442316 0.0566778 0.443507 0.0573749
0.419371 0.0594062 0.420186 0.0597323
0.482999 0.0791994 0.48469 0.0794003
0.422933 0.0665735 0.423696 0.0673872
0.396977 0.0474955 0.397789 0.0480395
0.415208 0.0490826 0.416423 0.0496421
0.420088 0.0580155 0.42123 0.0587179
0.435384 0.0696068 0.436366 0.0705182
0.449535 0.0894026 0.450725 0.0897663
0.416614 0.0279886 0.417687 0.0281974
0.392828 0.0335649 0.393594 0.0342002
0.458703 0.0862744 0.460084 0.0868576
0.400267 0.0504759 0.401377 0.0511782
0.464503 0.104765 0.465309 0.104997
0.403603 0.0622209 0.404844 0.0625884
0.434559 0.0964989 0.435937 0.0970151
0.441886 0.0642807 0.443351 0.0647683
0.466855 0.0626264 0.46849 0.0632796
0.383187 0.0228929 0.384337 0.0229689
0.423314 0.0598683 0.424334 0.0607907
0.425922 0.0675151 0.427333 0.0680906
0.441395 0.0736839 0.442938 0.0742857
0.455359 0.0927436 0.456819 0.093373
0.395748 0.0508709 0.396581 0.0516546
0.380273 0.0472027 0.381091 0.0476714
0.433886 0.0711177 0.435081 0.0718095
0.390783 0.0473534 0.391782 0.0475777
0.407629 0.0546208 0.40862 0.0549005
0.399073 0.045129 0.399717 0.0459721
0.367188 0.027741 0.367702 0.0275287
0.407512 0.0622555 0.408296 0.063082
0.409453 0.0658815 0.410401 0.0666799
0.386404 0.0563356 0.387173 0.0570596
0.41696 0.0370676 0.417738 0.037672
0.394189 0.0388383 0.394784 0.0387284
0.394417 0.0602238 0.39496 0.0608514
0.424749 0.0693568 0.425915 0.0699395
