0.0869671 0.0327271 0.0863713 0.0327151
0.0837856 0.0247458 0.0832577 0.024805
0.0826109 0.029431 0.0819773 0.0294756
0.0864437 0.0292187 0.0860892 0.029269
0.0995126 0.0361418 0.0991343 0.0361917
0.0826748 0.0255891 0.0822372 0.0256202
0.0759824 0.0180995 0.0756475 0.0181916
0.0965991 0.0340474 0.0963394 0.0340636
0.0811616 0.0231189 0.0808385 0.0231486
0.0748269 0.0233275 0.0745113 0.023469
0.084674 0.026751 0.0843112 0.0267538
0.072547 0.020679 0.0720053 0.0207295
0.0863657 0.0335161 0.0860015 0.0335592
0.0832283 0.0252119 0.0828943 0.0254154
0.0922401 0.024232 0.0919218 0.0243981
0.0831778 0.0274129 0.0829412 0.0275886
0.070771 0.0191493 0.0703407 0.0192197
0.0760226 0.0258718 0.0758099 0.0259615
0.0816268 0.0255066 0.0812635 0.0256739
0.0705198 0.0181473 0.0702952 0.0182299
0.0764886 0.0237968 0.0762067 0.0239576
0.0874646 0.0252187 0.0871914 0.0254229
0.0768273 0.0277443 0.0766283 0.027813
0.0661743 0.0171237 0.0660169 0.0172271
0.0715825 0.019173 0.0714838 0.0192606
0.086224 0.0297183 0.0860838 0.0297664
0.0605875 0.00988891 0.0603247 0.00988022
0.064196 0.0126502 0.0639216 0.0128015
0.071397 0.0213941 0.0712026 0.0214444
0.0746813 0.0266447 0.0743964 0.026835
0.0655659 0.0175947 0.0652876 0.0178199
0.0688799 0.0215264 0.0687449 0.0216516
0.0828067 0.0234111 0.0825002 0.0235539
0.0603628 0.00791666 0.0600947 0.0078033
0.0642451 0.0118973 0.0642588 0.0119766
0.0777505 0.0261453 0.0777766 0.0262931
0.0759205 0.0230889 0.0757029 0.0232491
0.0736053 0.023391 0.073681 0.0235123
0.0676094 0.0230704 0.0675408 0.0231348
0.0824488 0.0253198 0.0823891 0.0255783
0.0679545 0.0185928 0.0678281 0.0186435
0.0713493 0.0218034 0.0712106 0.0220113
0.0759224 0.0295137 0.0759257 0.0296488
0.0654059 0.0171647 0.0653048 0.0171074
0.0704942 0.0184347 0.0704132 0.0186122
0.0633763 0.0104743 0.06324 0.010442
0.0633385 0.0097359 0.0632333 0.00975444
0.0652637 0.0146247 0.0651623 0.0147044
0.0690638 0.0150508 0.0689936 0.0151542
0.0617818 0.0138318 0.0617406 0.0138739
0.0687895 0.0162175 0.0687213 0.016375
0.078551 0.0278594 0.0785382 0.0280552
0.0686145 0.0226269 0.0686363 0.02278
0.0555237 0.00879389 0.0552044 0.00879862
0.0577476 0.00920027 0.0576739 0.00914283
0.0712157 0.0240968 0.0709267 0.0242667
0.0650814 0.0196604 0.0649519 0.0197874
0.0664791 0.0170801 0.0665447 0.0170847
0.0619151 0.011838 0.061838 0.0119537
0.0685688 0.0163183 0.0685778 0.0163843
0.0636229 0.0115741 0.0633889 0.0115024
0.0571759 0.00937577 0.0569787 0.00941497
0.0709967 0.026511 0.0707818 0.0267618
0.0661081 0.0202417 0.0661601 0.0204195
0.0585047 0.0115677 0.0584107 0.011644
0.0650743 0.0181355 0.0649708 0.0182224
0.0658871 0.0185539 0.0658414 0.018614
0.0659649 0.0219902 0.0659592 0.0221497
0.0594313 0.00936857 0.0592763 0.00938515
0.0634306 0.0137743 0.0635167 0.0138108
0.0600494 0.0148425 0.0598207 0.0149529
0.0605878 0.0127119 0.0603968 0.0127133
0.0591822 0.0132647 0.0590029 0.0133384
0.0607469 0.0143654 0.0606619 0.0144484
0.0594949 0.016199 0.0594386 0.0161206
0.0609198 0.0117367 0.0608122 0.0117387
0.0588384 0.0124351 0.0587183 0.0124168
0.0592016 0.0147224 0.0592132 0.0147704
0.0565951 0.00980195 0.0564343 0.00978502
0.0639857 0.0145374 0.0638699 0.0145911
