0.328357 0.0371921 0.327935 0.0374412
0.359085 0.0741597 0.358963 0.0745471
0.325784 0.0300071 0.325458 0.0301308
0.356729 0.0716739 0.356691 0.0720677
0.359048 0.100672 0.358625 0.100704
0.329 0.0211661 0.328769 0.0214044
0.376266 0.085759 0.376334 0.0859577
0.33369 0.0549015 0.333297 0.0553935
0.364631 0.0969949 0.364505 0.0972131
0.338341 0.0821515 0.338114 0.0823732
0.305438 0.00761272 0.305297 0.0076789
0.340768 0.0488653 0.340628 0.0492401
0.34052 0.0483187 0.340575 0.0486433
0.323641 0.042905 0.323405 0.0432759
0.35312 0.0970242 0.353127 0.0969674
0.337655 0.041749 0.337599 0.0419683
0.320975 0.0422025 0.320724 0.042594
0.37211 0.102865 0.372081 0.103326
0.343771 0.0862633 0.343669 0.0868571
0.369978 0.0791013 0.370004 0.0795267
0.362017 0.0733344 0.361957 0.0736033
0.310883 0.017022 0.310668 0.0170241
0.368397 0.0997361 0.368226 0.100054
0.350305 0.0499869 0.350083 0.0500675
0.315127 0.0214275 0.314973 0.0216438
0.326725 0.0355458 0.326728 0.0356765
0.359364 0.082833 0.359709 0.0831969
0.361232 0.0713786 0.361133 0.0718652
0.328325 0.0676993 0.32813 0.0681455
0.317062 0.0288648 0.316871 0.0286615
0.308054 0.0108853 0.308162 0.0108906
0.347806 0.0609978 0.34784 0.0617327
0.332264 0.0553736 0.332368 0.0554403
0.331647 0.0503588 0.331961 0.0508278
0.325322 0.0534994 0.325232 0.0537358
0.350318 0.0679304 0.350269 0.0683103
0.321225 0.0414476 0.321203 0.0413619
0.304154 0.0130112 0.304148 0.0126425
0.359198 0.0696315 0.359387 0.0700869
0.31609 0.0319002 0.316029 0.0318359
0.338846 0.05503 0.338833 0.0554571
0.329971 0.048581 0.330304 0.0487847
0.301703 0.0203198 0.301763 0.0204061
0.312198 0.0231086 0.311992 0.0226373
0.326145 0.0293959 0.326022 0.0293652
0.31958 0.0288776 0.319692 0.0290219
0.314073 0.0277923 0.313833 0.0278828
0.322748 0.0415617 0.322776 0.0414187
0.30665 0.0169841 0.306605 0.0166995
0.306141 0.0122321 0.306443 0.0120256
0.320762 0.0251559 0.3204 0.0252422
0.309538 0.0249905 0.30936 0.0249836
0.318457 0.0287748 0.318689 0.0286498
0.323553 0.0442353 0.323846 0.0443241
0.299935 0.0150039 0.299846 0.0146223
0.312443 0.0295364 0.312544 0.0290947
0.309662 0.0225032 0.309643 0.0221968
0.320421 0.0399902 0.320908 0.0394884
0.309725 0.0225816 0.30984 0.0223018
0.303636 0.0237668 0.304003 0.0232616
0.320668 0.029713 0.320843 0.029539
0.316086 0.0227316 0.316251 0.0227425
0.324136 0.0348811 0.324222 0.0344275
0.319486 0.021937 0.319733 0.0216103
0.313493 0.0360527 0.313959 0.0361164
0.325464 0.0536728 0.32577 0.0536828
0.306321 0.0168449 0.306802 0.0164013
0.317527 0.045634 0.318047 0.0457081
0.330635 0.043406 0.330777 0.0433517
0.307921 0.027715 0.308474 0.0276995
0.339473 0.0505315 0.339842 0.0504389
0.309469 0.0306537 0.309778 0.030248
0.334046 0.0427054 0.334653 0.0424567
0.298893 0.0184619 0.299112 0.0183981
0.331121 0.0495529 0.331654 0.0492894
0.309307 0.0305986 0.309823 0.0304046
0.307777 0.0231061 0.308231 0.0225061
0.324552 0.0332999 0.324939 0.032476
0.319279 0.049004 0.319879 0.0487314
0.313354 0.0473131 0.313719 0.0470225
