0.367373 0.0440366 0.368052 0.0448535
0.381595 0.0438056 0.382271 0.0450038
0.409678 0.04437 0.41088 0.0451893
0.400637 0.0910632 0.401423 0.0917545
0.374548 0.0333581 0.375058 0.0341502
0.432489 0.0489295 0.434152 0.0495616
0.407452 0.0886685 0.408144 0.0888019
0.395199 0.0825763 0.395975 0.0833094
0.420995 0.076301 0.42185 0.0770312
0.419833 0.0775636 0.421204 0.0787088
0.383921 0.0463832 0.384715 0.0473329
0.399275 0.0614131 0.40056 0.062347
0.373537 0.0441655 0.374318 0.0449863
0.374098 0.0405035 0.374692 0.0414462
0.393396 0.0414574 0.394157 0.0418785
0.376433 0.0803006 0.376839 0.0805139
0.378084 0.0425021 0.378817 0.0432412
0.362697 0.0242459 0.363125 0.0249172
0.38245 0.05238 0.383313 0.0532511
0.365593 0.0327257 0.36643 0.0334398
0.386377 0.0622828 0.38759 0.0636426
0.383043 0.0542013 0.383805 0.0552389
0.3886 0.052196 0.38942 0.0529375
0.360894 0.0376144 0.361319 0.0384181
0.382868 0.0709242 0.383862 0.0717275
0.367161 0.0347912 0.368027 0.0351955
0.423211 0.0949728 0.4248 0.0960629
0.354173 0.0340425 0.354893 0.0351486
0.360132 0.0459377 0.3605 0.0465033
0.382138 0.0727804 0.382684 0.0734921
0.381046 0.0754926 0.381815 0.076132
0.365901 0.0407806 0.366705 0.0414166
0.375879 0.0300265 0.376825 0.0307226
0.401285 0.0802434 0.402275 0.081245
0.373016 0.0494124 0.373898 0.0501699
0.354911 0.0204585 0.355498 0.0206009
0.373933 0.0416898 0.37448 0.0423059
0.373369 0.0498764 0.374201 0.050979
0.354269 0.0222616 0.355052 0.022357
0.360806 0.0315594 0.361309 0.0322692
0.360794 0.03458 0.361253 0.0351718
0.360166 0.0408015 0.360574 0.0412362
0.38246 0.0277834 0.383385 0.0285488
0.368224 0.036276 0.368923 0.0367008
0.39099 0.0382265 0.391711 0.0383123
0.350547 0.0256419 0.350915 0.0260314
0.384388 0.0365034 0.385187 0.0371006
0.378606 0.0553164 0.379573 0.0559386
0.368151 0.0412835 0.368952 0.042071
0.367597 0.053184 0.368264 0.0535241
0.361312 0.0250675 0.36193 0.0251427
0.371852 0.0378856 0.372301 0.0377837
0.349872 0.0235229 0.350188 0.0233704
0.355825 0.0242305 0.356262 0.0241304
0.356771 0.0138853 0.357432 0.0140459
0.35581 0.0245879 0.356194 0.0247034
0.355109 0.0426879 0.355614 0.0429906
0.37894 0.0394705 0.379682 0.0402152
0.347702 0.026476 0.348379 0.0262033
0.332384 0.0125772 0.332821 0.0123474
0.360439 0.0358487 0.361089 0.0361337
0.35229 0.0265233 0.353118 0.0260148
0.351616 0.0340769 0.352231 0.034424
0.346037 0.0226037 0.34651 0.0229365
0.36136 0.0278187 0.361857 0.0281571
0.344457 0.0230886 0.345135 0.0232788
0.354701 0.0360337 0.354603 0.0359717
0.343481 0.0204004 0.344124 0.0205395
0.343979 0.0290388 0.344206 0.0292759
0.349305 0.0326097 0.349748 0.0329102
0.341913 0.020168 0.342781 0.0202101
0.342194 0.0247996 0.342716 0.0248295
0.355567 0.0343075 0.356124 0.03453
0.342862 0.0277152 0.343221 0.0276535
0.345647 0.0312138 0.345966 0.0309332
0.334109 0.0139024 0.334799 0.0137742
0.333649 0.0111061 0.33392 0.0112694
0.352869 0.0356105 0.353467 0.0350264
0.349557 0.0376186 0.349536 0.0366355
0.335157 0.0204003 0.335923 0.0196901
