0.365791 0.0317646 0.367055 0.0322676
0.364234 0.0438928 0.365309 0.0448774
0.403177 0.0790597 0.404901 0.0803368
0.359817 0.029971 0.36041 0.0304726
0.398799 0.07552 0.400296 0.0767345
0.377199 0.0662935 0.378936 0.0674628
0.37294 0.0450664 0.374065 0.0456745
0.356962 0.0261809 0.358242 0.0265747
0.361752 0.0342128 0.363221 0.0346582
0.351772 0.0272394 0.352601 0.0279751
0.363564 0.0778714 0.36402 0.0788679
0.364221 0.0354973 0.364958 0.035986
0.34775 0.0208764 0.348333 0.0211362
0.339298 0.0147366 0.340196 0.0147114
0.339495 0.0159581 0.340049 0.0163991
0.352764 0.0352757 0.353668 0.0360342
0.349016 0.0188527 0.349425 0.018885
0.369219 0.0366867 0.369891 0.0377054
0.3535 0.0267437 0.354048 0.0271802
0.353875 0.0438893 0.354305 0.0446565
0.341937 0.0170137 0.342233 0.0172145
0.343143 0.0207174 0.34379 0.0209591
0.342523 0.0199746 0.342885 0.0204441
0.356894 0.0314852 0.357471 0.0321718
0.341045 0.0169999 0.341162 0.0173297
0.345795 0.0315776 0.346486 0.0324506
0.349142 0.021819 0.349509 0.022378
0.330155 0.00681005 0.330713 0.00690808
0.341272 0.016195 0.34167 0.0163347
0.358028 0.0441564 0.358435 0.0446517
0.348646 0.0274665 0.348871 0.0281235
0.339859 0.0130738 0.340273 0.0133495
0.338875 0.0151151 0.33916 0.0152929
0.345821 0.0183587 0.34618 0.0187364
0.371052 0.0386166 0.371834 0.0393161
0.347424 0.0285675 0.347269 0.0288572
0.354163 0.0478338 0.354794 0.0481862
0.342659 0.0216641 0.343252 0.0218921
0.334873 0.0132343 0.335 0.0133239
0.329674 0.0139876 0.329985 0.0139742
0.349171 0.0257519 0.349543 0.0259904
0.339911 0.0116241 0.339735 0.0117281
0.335441 0.0282922 0.336111 0.028696
0.352482 0.0365909 0.352781 0.0374123
0.369943 0.0441767 0.370259 0.0449715
0.341718 0.0153983 0.341361 0.0154115
0.333722 0.0107129 0.334219 0.0110266
0.336996 0.0189032 0.337058 0.0189743
0.337803 0.0249194 0.337972 0.0249485
0.34842 0.0289421 0.348806 0.0291321
0.326577 0.00848362 0.326681 0.00828242
0.343122 0.0265279 0.343468 0.0262861
0.333456 0.0110133 0.334034 0.0110584
0.334963 0.0163404 0.335065 0.0171167
0.345249 0.0257024 0.345398 0.0255249
0.334812 0.0193113 0.334894 0.0190452
0.331474 0.0196648 0.332315 0.0192846
0.338638 0.0209108 0.338874 0.0209211
0.32766 0.0106419 0.327845 0.0100798
0.342837 0.0298455 0.343309 0.0301744
0.345727 0.0251731 0.346142 0.0251835
0.329732 0.0132148 0.329602 0.0131775
0.328198 0.0111223 0.328038 0.0106674
0.321184 0.00896236 0.321881 0.00904665
0.339821 0.0191675 0.339658 0.0184727
0.329204 0.0130535 0.329431 0.0131149
0.342017 0.0175856 0.342452 0.0172836
0.326436 0.0151023 0.326701 0.0152341
0.324348 0.00749228 0.324448 0.00715313
0.329796 0.012028 0.329994 0.0114321
0.334112 0.0280621 0.334581 0.0274003
0.32375 0.00996731 0.324064 0.00971545
0.336749 0.0186597 0.337568 0.01847
0.337764 0.0335681 0.33804 0.0328886
0.329195 0.0158027 0.329392 0.0153875
0.332194 0.0216096 0.332847 0.0207833
0.322473 0.00938351 0.323098 0.00941729
0.324726 0.0184848 0.325288 0.0181666
0.322545 0.0189283 0.323216 0.0190928
0.333166 0.0127603 0.333793 0.0123551
