0.0829975 0.0089885 0.082705 0.00921801
0.0890483 0.00981625 0.0890829 0.0102575
0.087247 0.013398 0.0871798 0.0135871
0.0796345 0.00626845 0.0796958 0.00645985
0.079258 0.00918332 0.0790678 0.00937971
0.0912581 0.0160746 0.0910365 0.0162051
0.0796804 0.0061452 0.0795286 0.00589813
0.0753046 0.00314991 0.0745864 0.00342606
0.0824634 0.0148678 0.0825512 0.0149457
0.0785603 0.00763869 0.0784685 0.00810549
0.0794831 0.0147321 0.0793961 0.0149721
0.0775122 0.00486258 0.0774174 0.00509336
0.0789951 0.00728133 0.0788429 0.00767645
0.0748147 0.00532244 0.0745791 0.0054267
0.075432 0.0063273 0.0754876 0.00619415
0.0768105 0.00412696 0.0766237 0.00389886
0.0764117 0.00394123 0.0761589 0.00385209
0.075719 0.0062337 0.0755337 0.00630417
0.0722826 0.00610436 0.072215 0.00648798
0.0806346 0.0134147 0.080639 0.0137485
0.0741714 0.00674237 0.0741404 0.00695182
0.074778 0.00450916 0.0747176 0.00482373
0.0758943 0.0118003 0.0758003 0.0119326
0.0735634 0.00673581 0.0731382 0.00655961
0.0766847 0.00671323 0.0766684 0.00660819
0.0764198 0.00794192 0.0763635 0.00797582
0.0713343 0.0041543 0.071138 0.00427231
0.0826539 0.0170761 0.0825296 0.0173028
0.0736247 0.00604363 0.0735592 0.00591062
0.0721311 0.00768439 0.0719707 0.00761672
0.0709784 0.00446005 0.0708862 0.00439765
0.0756338 0.0060893 0.0756612 0.00616878
0.0701764 0.00377264 0.0700073 0.00401835
0.0724509 0.00580048 0.072485 0.00582414
0.0751194 0.0106289 0.0752368 0.0105005
0.0737267 0.00758852 0.0734265 0.00762458
0.0736038 0.00814691 0.0733148 0.00830642
0.0755917 0.00715301 0.0755983 0.00724946
0.074839 0.00755749 0.0748958 0.00751572
0.0722033 0.00838184 0.0720066 0.00869232
0.0703071 0.00609284 0.0703601 0.00634488
0.0733071 0.0059189 0.0730956 0.00596077
0.0696772 0.00699182 0.0696757 0.00721338
0.0661537 0.00431111 0.0659002 0.0042279
0.0666203 0.00451265 0.0666342 0.00461336
0.0675121 0.00433679 0.0674983 0.00411
0.0668332 0.00755931 0.0670223 0.00767409
0.0654384 0.00385319 0.0651858 0.00394722
0.0652814 0.00288222 0.0649 0.00288496
0.0681942 0.00603633 0.068304 0.00616897
0.0656822 0.00494937 0.0655017 0.00491008
0.0714758 0.0120609 0.0716816 0.012202
0.0676171 0.00345522 0.0674936 0.00330653
0.0718842 0.0124897 0.071839 0.0125664
0.0659182 0.00422051 0.0658557 0.00421752
0.0646829 0.00715687 0.0648723 0.0071973
0.0669362 0.00191214 0.0669083 0.00193105
0.0709086 0.015921 0.0707604 0.0160581
0.0657266 0.00451307 0.0655033 0.00453286
0.0670815 0.00803425 0.0671601 0.00803845
0.0630261 0.00514181 0.063054 0.0050029
0.0670573 0.00467214 0.0671958 0.00456836
0.0639312 0.0048219 0.0638963 0.0047381
0.0615797 0.00415186 0.0616679 0.00421306
0.0677198 0.00362177 0.0676883 0.00383697
0.066508 0.00491681 0.0665311 0.00486219
0.0650688 0.00334348 0.0651291 0.00348271
0.0655274 0.00741278 0.065695 0.00754951
0.0648112 0.00558693 0.0650673 0.00534975
0.063162 0.00707747 0.0635421 0.00697324
0.0623454 0.00515978 0.0621635 0.00506915
0.0651943 0.00422048 0.0652736 0.00430241
0.0626 0.00345033 0.0627954 0.00329633
0.0640347 0.00709146 0.0642521 0.00691793
0.0635778 0.00401346 0.0634807 0.00402143
0.0620481 0.00319997 0.0621683 0.00317038
0.0604483 0.00329789 0.060485 0.00325033
0.0653113 0.00600619 0.0657526 0.00638235
0.0637722 0.00473782 0.0637467 0.00457435
0.0646626 0.00542562 0.0647571 0.00548543
