0.073419 0.00612971 0.0732796 0.00630532
0.0735256 0.0049755 0.0730943 0.00490981
0.0736529 0.00657076 0.0732412 0.00660607
0.0737201 0.00363018 0.0733532 0.0036128
0.0743371 0.00785579 0.0741887 0.00767733
0.0712472 0.00747677 0.0709981 0.00764724
0.0790768 0.0110559 0.079069 0.0113158
0.0715737 0.00423448 0.07157 0.00420863
0.0715351 0.00429088 0.0712848 0.00389904
0.0739446 0.00922376 0.0738204 0.00925654
0.0668174 0.00272261 0.0663968 0.00242111
0.0694769 0.00464987 0.0694528 0.00455796
0.0735136 0.00715468 0.0735519 0.00716557
0.0702605 0.00627655 0.0701888 0.00610952
0.0707837 0.00232471 0.070493 0.00221325
0.0668945 0.00386664 0.0666514 0.0036541
0.0724113 0.00502617 0.0722221 0.00517505
0.0709872 0.00334085 0.0706907 0.003054
0.0698568 0.00383791 0.0698397 0.00406289
0.0705223 0.00384481 0.0703287 0.0037244
0.0683865 0.0027511 0.0680517 0.002621
0.0679271 0.00554791 0.0673994 0.00528099
0.0660558 0.00450635 0.0659033 0.00444119
0.0664444 0.00453731 0.0660737 0.0045141
0.069377 0.0063909 0.0694519 0.00642649
0.0661856 0.00376126 0.0660812 0.00344924
0.0675876 0.00639728 0.0674674 0.00639102
0.0660971 0.00380326 0.0661671 0.00360469
0.0651155 0.00539354 0.0649284 0.0051061
0.0642252 0.00375326 0.0645503 0.00370074
0.0665278 0.00859758 0.0666779 0.00875193
0.0634545 0.00488342 0.063332 0.00473455
0.0648361 0.00394808 0.0648246 0.00367968
0.065842 0.00742806 0.0658744 0.00747092
0.0623313 0.00234345 0.0623679 0.00263901
0.0647728 0.0037069 0.0646002 0.00394968
0.0660049 0.00698577 0.0661962 0.0070372
0.0638708 0.00334461 0.0640776 0.00349023
0.0638878 0.00496913 0.0639412 0.00498924
0.0616364 0.00361667 0.0614446 0.00360364
0.0648572 0.00539275 0.0647753 0.00531418
0.0622585 0.00255168 0.0620775 0.00259074
0.0640035 0.00352342 0.063763 0.00363027
0.0640249 0.00436435 0.0640205 0.00431585
0.0612913 0.00366325 0.0612898 0.00359878
0.0623317 0.00461174 0.0623391 0.00463793
0.0601769 0.00397243 0.060113 0.00387265
0.0616817 0.00591084 0.0615421 0.0058297
0.0629929 0.0034156 0.0632218 0.00332059
0.0623861 0.00237932 0.0622234 0.00246941
0.0635303 0.00463951 0.0634522 0.00450919
0.0620273 0.00463168 0.0620174 0.00450675
0.0598766 0.00317307 0.0596028 0.00307169
0.0613026 0.00502109 0.0613847 0.00513049
0.0578731 0.00343643 0.058018 0.00359496
0.0619365 0.00543736 0.0620725 0.00532603
0.059139 0.00473915 0.0592077 0.0048886
0.0574201 0.00215111 0.0576705 0.00212918
0.0600947 0.00628382 0.0604798 0.00617649
0.0609608 0.00414466 0.061163 0.00410428
0.0631257 0.00414949 0.0631188 0.00428419
0.0582931 0.00410405 0.0585012 0.00399266
0.0603434 0.00553679 0.0603402 0.00559113
0.0593901 0.00411003 0.0596503 0.00390766
0.0584596 0.00345185 0.0585016 0.00334375
0.0588197 0.00354119 0.0589633 0.00354459
0.0575504 0.00249252 0.0578021 0.00245908
0.0592493 0.00298532 0.059482 0.00291866
0.0581621 0.00430711 0.058132 0.00412065
0.0605223 0.0061409 0.0605509 0.00633975
0.0589024 0.00288055 0.0589896 0.00312344
0.0597363 0.00252214 0.0598099 0.00269137
0.0566717 0.00242091 0.0569143 0.00237803
0.0588337 0.00224649 0.0593435 0.00231712
0.0608276 0.003295 0.0608994 0.00332635
0.0592808 0.00278827 0.0593685 0.00283816
0.0573878 0.00252253 0.0577802 0.00236193
0.0590813 0.0037526 0.0591535 0.003829
0.0593564 0.00278666 0.0596895 0.00292567
0.0595025 0.00222852 0.0598081 0.00204524
