0.26637 0.00263271 0.265964 0.00257189
0.263701 0.00416832 0.263342 0.00410532
0.261422 0.00394967 0.261044 0.00392249
0.255772 0.00409087 0.255453 0.00409653
0.254486 0.00456411 0.25412 0.00450638
0.253219 0.00443903 0.252874 0.00434831
0.249018 0.00442009 0.248726 0.00437779
0.247136 0.00540731 0.246886 0.00535552
0.249127 0.00693703 0.248815 0.00683634
0.247409 0.0074967 0.247052 0.00743317
0.245366 0.00735312 0.244996 0.00730726
0.242025 0.00654991 0.241725 0.00649636
0.24028 0.0035821 0.239971 0.00361097
0.239018 0.00564292 0.238678 0.00560974
0.238906 0.00388711 0.23862 0.00387912
0.237797 0.00617963 0.237491 0.0061311
0.238983 0.00510065 0.238648 0.00507774
0.238128 0.00383716 0.237823 0.003856
0.237239 0.00393044 0.236923 0.0039431
0.238653 0.0060476 0.238309 0.00605402
0.235843 0.00433399 0.235503 0.00432955
0.237064 0.0048178 0.236734 0.00480258
0.235039 0.00317565 0.234695 0.00319126
0.235226 0.0021212 0.2349 0.00213287
0.234379 0.00263968 0.234017 0.0026467
0.233955 0.00256026 0.233602 0.00258026
0.234385 0.00309344 0.23402 0.00309505
0.233201 0.00270094 0.232859 0.00267698
0.233161 0.00316131 0.23282 0.00314038
0.234015 0.00380116 0.233678 0.00379643
0.232608 0.00253437 0.232279 0.00251939
0.233731 0.00500152 0.233392 0.00497985
0.23296 0.00284248 0.232612 0.00284114
0.231453 0.00191108 0.231117 0.00190226
0.232016 0.00145345 0.231684 0.00144786
0.234236 0.0051064 0.233895 0.00507522
0.230993 0.00266972 0.230675 0.00264375
0.232315 0.00381226 0.231988 0.00377204
0.232716 0.00503039 0.232397 0.00499992
0.232375 0.00545138 0.232068 0.00542178
0.230016 0.00182386 0.229717 0.00178916
0.231177 0.00240739 0.23086 0.0023691
0.229914 0.00426605 0.229636 0.00423766
0.229271 0.00181855 0.228981 0.00179502
0.230224 0.00289587 0.229928 0.00286736
0.228096 0.00531677 0.227807 0.00528693
0.22875 0.0039687 0.228501 0.00389669
0.230499 0.00373047 0.230215 0.00370792
0.228974 0.00316787 0.228702 0.00315437
0.229023 0.00444857 0.228729 0.00446442
0.229245 0.00417169 0.228988 0.00414913
0.225168 0.00440194 0.224954 0.0043876
0.225574 0.00342432 0.225341 0.00341363
0.225755 0.00496701 0.225495 0.00495001
0.218582 0.00974755 0.218297 0.00980552
0.218858 0.00788565 0.218632 0.0079283
0.223784 0.00981947 0.223515 0.00983728
0.212937 0.0117799 0.212681 0.0118408
0.211553 0.0123134 0.211264 0.0123972
0.210601 0.0140219 0.210297 0.0141027
0.209211 0.0145263 0.208913 0.0146026
0.207586 0.00914407 0.207334 0.00917827
0.208714 0.0136442 0.208463 0.0136888
0.199104 0.0139521 0.198727 0.0140023
0.200371 0.010494 0.200029 0.0105057
0.199036 0.0154504 0.19866 0.0155056
0.197761 0.00780423 0.197411 0.00786686
0.195301 0.0067075 0.194901 0.00671269
0.20102 0.0119928 0.200694 0.0120784
0.193994 0.0043589 0.193625 0.00435007
0.202602 0.0198507 0.202353 0.0198612
0.196284 0.0116986 0.196013 0.0117808
0.190969 0.00891221 0.190538 0.00879922
0.188563 0.00487067 0.188186 0.00481692
0.186715 0.00523069 0.186408 0.00519212
0.187906 0.00579125 0.187563 0.00576134
0.187594 0.00700425 0.187331 0.0069304
0.186582 0.00649886 0.186299 0.00651823
0.190585 0.0217028 0.190377 0.0216891
0.189838 0.0145438 0.189529 0.014593
