0.0216507 0.0010837 0.0216107 0.00107954
0.0314977 0.00274246 0.0314876 0.00267527
0.034982 0.00158195 0.0348987 0.00173734
0.0390328 0.00191194 0.0389047 0.00184649
0.0425352 0.00304097 0.0424251 0.00295169
0.0447248 0.00123786 0.0446581 0.00134826
0.0534623 0.00628986 0.0534189 0.00643267
0.0550443 0.00432532 0.0549176 0.00406016
0.0595996 0.00442733 0.0594373 0.00452871
0.0629078 0.0057194 0.063219 0.0055061
0.0637474 0.00441466 0.0635502 0.00434569
0.0730332 0.00751986 0.0732872 0.00752051
0.0747255 0.00556562 0.0746203 0.00519602
0.0823114 0.0108182 0.0821405 0.011725
0.0840739 0.00683455 0.0840955 0.00657733
0.086046 0.00671327 0.0862833 0.00653932
0.0971822 0.0130956 0.0967707 0.0129578
0.0926197 0.00679891 0.0925384 0.00659008
0.0946425 0.00869603 0.0946163 0.00916387
0.102851 0.00456619 0.102487 0.0045593
0.0977263 0.00670858 0.097989 0.006783
0.107815 0.00852166 0.107352 0.00841713
0.112249 0.0139412 0.112697 0.0139173
0.105929 0.00714448 0.106111 0.00709485
0.115596 0.00637821 0.115403 0.00615143
0.123091 0.00904277 0.122592 0.00897522
0.122594 0.00527961 0.122273 0.00556726
0.126019 0.00747743 0.126612 0.00820178
0.122323 0.00843062 0.122047 0.00784835
0.131059 0.00673315 0.130837 0.00669849
0.129684 0.00444782 0.128537 0.00451361
0.133228 0.00500827 0.132756 0.00479729
0.133098 0.00473471 0.132602 0.00501537
0.136313 0.00726401 0.136177 0.00736246
0.136249 0.00605761 0.136049 0.00580465
0.142384 0.0050376 0.142509 0.00540433
0.143039 0.00527867 0.142484 0.0054358
0.146115 0.00880796 0.146621 0.008308
0.14635 0.00587799 0.14593 0.00610253
0.146833 0.00474227 0.147591 0.00471865
0.150369 0.00478131 0.151434 0.00431872
0.153793 0.00717108 0.15361 0.00697437
0.158215 0.00436774 0.158401 0.00344003
0.15682 0.0033353 0.156971 0.00509596
0.159239 0.00525831 0.159686 0.00453773
0.160102 0.00277429 0.160508 0.00262861
0.161565 0.00456776 0.161278 0.00427619
0.168222 0.00540138 0.167856 0.00614934
0.161187 0.00342867 0.161953 0.00280045
0.167943 0.00518633 0.16778 0.0052788
0.165771 0.00388113 0.165586 0.00358164
0.168693 0.00382714 0.168725 0.00405448
0.171734 0.0056868 0.170725 0.00549208
0.173489 0.00323663 0.172791 0.00363749
0.173949 0.00539241 0.174241 0.00489538
0.174731 0.00520889 0.175435 0.0056053
0.176727 0.00601422 0.177143 0.00582117
0.178115 0.00370635 0.178061 0.00371731
0.179507 0.00340884 0.180457 0.00376193
0.181084 0.00401125 0.180742 0.00357311
0.183734 0.0026011 0.182422 0.00319636
0.185014 0.00439772 0.18522 0.00446737
0.184548 0.00414489 0.183785 0.00356859
0.185297 0.00329603 0.184656 0.00315119
0.189579 0.00389832 0.188776 0.00336948
0.187439 0.00287559 0.186967 0.00317589
0.191618 0.00281085 0.191198 0.00319614
0.191046 0.00336077 0.190682 0.00366947
0.192843 0.00476566 0.193473 0.00587161
0.193677 0.00412358 0.193453 0.00441765
0.192801 0.00292013 0.193258 0.00311533
0.196773 0.00490935 0.196921 0.00549386
0.199185 0.00335415 0.1991 0.0026783
0.200678 0.00426286 0.201556 0.00368149
0.19982 0.00211436 0.199965 0.00314644
0.203265 0.00460288 0.203074 0.00443784
0.199855 0.00398553 0.200471 0.00412164
0.204179 0.00374118 0.203154 0.00397686
0.204546 0.0065269 0.205176 0.0066272
0.204585 0.00473959 0.205334 0.00395248
0.206654 0.00337181 0.206176 0.00366775
0.206853 0.00430294 0.20657 0.00393177
0.208985 0.00394207 0.208867 0.00369685
0.209237 0.00443446 0.208153 0.00447512
0.211536 0.0033941 0.211195 0.00326577
0.209885 0.00199818 0.209553 0.00228295
0.211907 0.00311822 0.211776 0.00257118
0.215219 0.00314803 0.215199 0.00444348
0.215545 0.0038517 0.215681 0.00284425
0.215421 0.00423982 0.215469 0.00311013
0.22103 0.00513405 0.219813 0.00459942
0.219373 0.00422264 0.219153 0.00444213
0.218553 0.00381301 0.218639 0.00405002
0.222595 0.00485902 0.221308 0.00482449
0.221009 0.00315842 0.221375 0.00327642
0.223749 0.00481934 0.222815 0.00369215
0.222884 0.00319131 0.223954 0.00231542
0.225075 0.00345753 0.224561 0.00279916
0.225623 0.00447316 0.22543 0.00482666
0.225436 0.0030751 0.225559 0.00342987
