0.133737 0.0171912 0.133446 0.0174757
0.12373 0.013787 0.123499 0.013875
0.131578 0.0108344 0.131312 0.0111262
0.121063 0.015767 0.120483 0.0160017
0.115587 0.0109256 0.115065 0.011132
0.1339 0.0202778 0.133572 0.0204558
0.134201 0.0190609 0.133774 0.0190044
0.122595 0.0124783 0.122269 0.0124929
0.127708 0.0142915 0.12729 0.0142518
0.118356 0.0149886 0.117939 0.0153423
0.125082 0.0174332 0.124954 0.0172618
0.124115 0.0181355 0.123712 0.0181678
0.122066 0.0140557 0.121746 0.0140822
0.120081 0.0141265 0.119615 0.0145386
0.122097 0.0184785 0.1219 0.0188878
0.130797 0.0163383 0.130798 0.016382
0.120505 0.0147295 0.120223 0.0148363
0.131966 0.0175661 0.131678 0.0176373
0.12301 0.0145651 0.12283 0.0147882
0.115364 0.0186811 0.115109 0.0188643
0.116398 0.0138667 0.116237 0.013849
0.13289 0.0156445 0.132625 0.0156284
0.113663 0.0123816 0.113224 0.0125214
0.132839 0.0189359 0.132447 0.0191814
0.119808 0.0157819 0.119541 0.0160595
0.127138 0.0180099 0.126882 0.0182091
0.123359 0.0178795 0.123126 0.0180863
0.115719 0.0147074 0.115322 0.0150603
0.122749 0.0137177 0.1223 0.0141616
0.121238 0.0152841 0.121025 0.0154119
0.108226 0.00807939 0.107983 0.00827507
0.111298 0.010978 0.110916 0.0109348
0.124741 0.0190405 0.124652 0.019043
0.124561 0.0158193 0.124447 0.0158532
0.122603 0.0138868 0.122251 0.0143286
0.122799 0.0152951 0.122792 0.0154131
0.118565 0.0147447 0.118583 0.0146457
0.114245 0.0174781 0.114338 0.0179507
0.115662 0.0154526 0.115641 0.0157177
0.118833 0.0129147 0.118917 0.012825
0.111045 0.0150441 0.11102 0.015035
0.116327 0.0135511 0.116426 0.0134399
0.112242 0.0129714 0.111965 0.013366
0.112921 0.0183933 0.112678 0.0183847
0.11058 0.0120756 0.110152 0.0123686
0.114624 0.0211167 0.11438 0.0215854
0.111925 0.0140535 0.111959 0.0145216
0.111914 0.0151879 0.11187 0.0153644
0.11186 0.0133631 0.11204 0.0134183
0.116812 0.0196457 0.116912 0.020035
0.117575 0.015064 0.117567 0.0151796
0.110752 0.0112649 0.110816 0.0114098
0.110425 0.0140862 0.110228 0.01439
0.107905 0.00992742 0.107567 0.0101784
0.121053 0.0154399 0.121082 0.015598
0.108222 0.0136083 0.108221 0.0137697
0.106706 0.0143415 0.10667 0.0145744
0.108297 0.00981979 0.108507 0.00995413
0.104471 0.0132896 0.104576 0.0133544
0.0983348 0.0108258 0.0982346 0.0111227
0.108994 0.0156376 0.109266 0.0159811
0.102344 0.0162445 0.102234 0.0162624
0.11322 0.0210383 0.113237 0.0212013
0.100985 0.0106302 0.101232 0.0109447
0.111537 0.0195563 0.111648 0.0196019
0.102839 0.0223441 0.102589 0.0226894
0.101795 0.00852617 0.101483 0.00882182
0.102482 0.0137555 0.102493 0.0139973
0.0987996 0.0194237 0.0988095 0.0194407
0.108166 0.016338 0.108313 0.0164721
0.10538 0.0136204 0.105535 0.0137046
0.104587 0.0111414 0.10477 0.0113624
0.103432 0.0120144 0.103445 0.0122067
0.109879 0.017311 0.110098 0.0173607
0.0992087 0.0150035 0.0995211 0.0151052
0.104109 0.0122994 0.104116 0.0125623
0.0972834 0.0124152 0.0972662 0.0126888
0.100467 0.0145477 0.100587 0.0147369
0.0948817 0.0101496 0.0946652 0.0100506
0.0955183 0.010852 0.0955548 0.01114
