0.0210142 0.000737103 0.0209708 0.000734829
0.0300186 0.00110626 0.0299039 0.00109302
0.0334023 0.00219263 0.0332784 0.00229444
0.0367269 0.00134701 0.0367854 0.00139204
0.0395444 0.0015271 0.0394848 0.00141226
0.0423318 0.00166467 0.0423632 0.00161066
0.0450917 0.0019209 0.0450623 0.00164418
0.0489646 0.00248703 0.0485946 0.00232545
0.0558789 0.00688209 0.0558151 0.00686466
0.0562448 0.00382883 0.0561709 0.00405797
0.0582253 0.00289001 0.0580519 0.0029789
0.0621876 0.00431192 0.0618158 0.00437021
0.067846 0.00644803 0.0680082 0.00655861
0.0712402 0.00751198 0.0709753 0.00759033
0.0717131 0.0049278 0.0718973 0.00503081
0.0762073 0.00514808 0.075777 0.00493691
0.0831225 0.00870061 0.0838324 0.00855682
0.0820742 0.00492419 0.0822206 0.00518773
0.0910813 0.00761644 0.0910974 0.00755552
0.0894893 0.00557496 0.0889202 0.00585535
0.0911418 0.0068638 0.0904414 0.00663087
0.0912945 0.00435851 0.0911672 0.00369227
0.0974824 0.00443876 0.0975782 0.00400475
0.0986544 0.00824789 0.098958 0.00788257
0.101133 0.0038489 0.100302 0.00329945
0.100941 0.00579937 0.100334 0.00610133
0.106963 0.00503549 0.105894 0.00515853
0.109216 0.00494404 0.108799 0.0050065
0.111615 0.00538243 0.11064 0.00525341
0.114205 0.00489003 0.113984 0.00511894
0.115702 0.00706279 0.116058 0.00739072
0.117782 0.00559093 0.117163 0.0055975
0.11948 0.00870853 0.119818 0.00891873
0.122044 0.00200754 0.121438 0.00204406
0.123428 0.00319858 0.123252 0.00341403
0.12743 0.00472008 0.12758 0.0042172
0.127694 0.00587298 0.127215 0.00579216
0.132001 0.00311563 0.131756 0.00347175
0.131492 0.00450719 0.130987 0.00463391
0.134764 0.00489486 0.134549 0.00491581
0.136992 0.00337987 0.136956 0.00289994
0.138479 0.00383471 0.138042 0.00328015
0.136594 0.00274194 0.136324 0.00322619
0.139275 0.00349192 0.139434 0.00259329
0.143508 0.00279534 0.143783 0.00337108
0.145004 0.00322889 0.144002 0.00343925
0.14589 0.00550641 0.145256 0.00586962
0.149035 0.00415276 0.147789 0.00444532
0.147927 0.00393407 0.147007 0.00344734
0.147788 0.00454771 0.14758 0.00493467
0.152677 0.00335594 0.152456 0.00336545
0.152552 0.00468563 0.15123 0.00376756
0.154035 0.00358138 0.154293 0.00397616
0.154425 0.004457 0.153879 0.00469782
0.155125 0.00495032 0.154695 0.00441918
0.157475 0.00514945 0.157063 0.0042576
0.157772 0.00329158 0.157617 0.00303715
0.158933 0.00398016 0.15876 0.00323486
0.162145 0.0036806 0.161698 0.00329724
0.1607 0.00412349 0.160725 0.00390564
0.163311 0.00469218 0.16204 0.00481805
0.164642 0.00476934 0.164799 0.00375454
0.163911 0.00463222 0.164282 0.00473049
0.167142 0.00359903 0.166132 0.00380359
0.166704 0.00334815 0.166229 0.00292772
0.167134 0.00300975 0.167431 0.00318177
0.168184 0.00302054 0.168759 0.00296094
0.170044 0.00373267 0.169269 0.00225472
0.17175 0.00372586 0.171674 0.00393485
0.172509 0.0029798 0.17288 0.00288483
0.172703 0.00473064 0.173266 0.00425614
0.174656 0.00341404 0.173802 0.00295258
0.177761 0.00249107 0.176921 0.001914
0.177908 0.00348379 0.177074 0.00418364
0.177453 0.00272115 0.17716 0.00187391
0.179439 0.00259598 0.178911 0.00232815
0.180649 0.00253558 0.179382 0.00324899
0.179386 0.00351183 0.179054 0.00307155
0.180719 0.00279573 0.180627 0.00277129
0.183196 0.001882 0.181757 0.00266149
0.182497 0.00399275 0.181948 0.00369209
0.18327 0.003429 0.183883 0.00296772
0.183584 0.00254421 0.182829 0.00245289
0.185872 0.00262251 0.185683 0.0026678
0.185134 0.00233731 0.184691 0.00166985
0.18773 0.00287124 0.186856 0.00251618
0.187593 0.00218426 0.186845 0.00251532
0.189142 0.00247524 0.188739 0.00324571
0.189011 0.00258943 0.189529 0.00242282
0.191622 0.00162721 0.190259 0.00188916
0.189609 0.00275351 0.190176 0.00336263
0.190017 0.00226939 0.190195 0.0017013
0.195171 0.00312585 0.194593 0.00398946
0.193217 0.00356934 0.192964 0.00301184
0.194018 0.00228786 0.193466 0.0017604
0.196505 0.00114804 0.195622 0.00213965
0.196382 0.00165794 0.197131 0.00181468
0.198659 0.00259874 0.198936 0.0029548
0.198646 0.00225319 0.198136 0.00245013
0.197611 0.00307886 0.198711 0.00238839
