0.250021 0.00668882 0.249555 0.00662242
0.286484 0.00678401 0.286419 0.00663284
0.293888 0.00489915 0.29362 0.00572377
0.298203 0.00528129 0.297039 0.00591442
0.299249 0.00466163 0.299311 0.00486117
0.302742 0.003001 0.301884 0.00352429
0.303668 0.00325072 0.303711 0.00265705
0.310997 0.00461017 0.31098 0.00373758
0.315859 0.00373256 0.316224 0.00498248
0.320412 0.00329538 0.320296 0.00254465
0.325957 0.00396442 0.324584 0.00268001
0.332136 0.00503474 0.33119 0.00503972
0.341022 0.00759031 0.338971 0.00558567
0.342775 0.00399721 0.342233 0.00464773
0.347642 0.00371502 0.347233 0.00293561
0.358818 0.00604076 0.358002 0.00722551
0.364918 0.00689439 0.364082 0.00558723
0.370457 0.00345055 0.369053 0.00358877
0.376087 0.00679792 0.375059 0.00612223
0.381741 0.00731709 0.382819 0.00883431
0.389902 0.00655932 0.38964 0.00457095
0.394781 0.00358303 0.394877 0.00390619
0.401144 0.00544541 0.399329 0.00427113
0.405549 0.00478158 0.404977 0.00198139
0.413646 0.00408764 0.414001 0.00315977
0.421074 0.00666773 0.419968 0.0058776
0.42974 0.00618153 0.429566 0.0080629
0.435 0.00600098 0.433586 0.00888667
0.434887 0.00508894 0.438355 0.00478973
0.445975 0.0050151 0.44741 0.00602963
0.448853 0.00589689 0.447473 0.00472034
0.455845 0.00637794 0.455453 0.00750997
0.464805 0.00446345 0.463822 0.00520531
0.469299 0.0047082 0.469493 0.00498042
0.478395 0.00784514 0.475179 0.00845725
0.478912 0.00669056 0.475636 0.00514619
0.479912 0.00546148 0.481737 0.00518222
0.490268 0.00745494 0.488629 0.0063372
0.492505 0.0066561 0.492303 0.00528735
0.501433 0.00915379 0.498262 0.00873011
0.503115 0.00641838 0.501102 0.00762658
0.505898 0.00619569 0.505428 0.0073367
0.51426 0.00647452 0.512531 0.00679701
0.515593 0.00342794 0.516036 0.00306788
0.519128 0.00469905 0.517736 0.00402598
0.523187 0.00930063 0.522143 0.0086065
0.530574 0.00604978 0.52556 0.00507972
0.530731 0.00549555 0.529225 0.00571909
0.534244 0.00714577 0.534775 0.00669484
0.540903 0.00515173 0.539064 0.00507629
0.547829 0.00731695 0.54658 0.00625019
0.546011 0.00539712 0.54642 0.00524028
0.546813 0.00558012 0.546025 0.00312526
0.549551 0.00601557 0.548212 0.00277924
0.553427 0.00767984 0.55445 0.0058883
0.55787 0.00608904 0.556039 0.00374181
0.559668 0.00596856 0.558031 0.00312291
0.561986 0.00362635 0.560206 0.00435331
0.561875 0.00369035 0.563553 0.00449416
0.56696 0.00794831 0.565968 0.00613486
0.565872 0.00571226 0.567329 0.00380377
0.574237 0.00235819 0.572078 0.0048303
0.572269 0.00567947 0.571349 0.00562678
0.577251 0.00262325 0.572729 0.00258445
0.579694 0.0051105 0.579459 0.0034694
0.581042 0.00466676 0.582363 0.00399414
0.578354 0.00329104 0.581499 0.00394794
0.58564 0.00405732 0.586582 0.00444164
0.589641 0.00499907 0.588362 0.00305445
0.590504 0.00417364 0.591103 0.0039191
0.589035 0.00574862 0.588463 0.00331133
0.591465 0.00466019 0.589963 0.00300358
0.594933 0.00523137 0.595637 0.00271176
0.596585 0.00423985 0.597052 0.00352031
0.597127 0.00297192 0.597231 0.00353746
0.601027 0.00543058 0.601088 0.00428704
0.600264 0.00249717 0.599174 0.00382583
0.605145 0.00313156 0.602877 0.00427842
0.605687 0.00426043 0.606347 0.00352833
0.605149 0.00364375 0.60433 0.00311998
0.608133 0.0031516 0.607967 0.00330139
0.610192 0.00310735 0.606437 0.00452827
0.609009 0.00327411 0.609845 0.00340158
0.610278 0.00381763 0.610777 0.00422578
0.614026 0.00484416 0.612836 0.00281649
0.617433 0.00404755 0.61719 0.00252429
0.615993 0.00403061 0.616275 0.00282985
0.61995 0.00385637 0.618589 0.0036481
0.619324 0.00370193 0.619957 0.0035715
0.620708 0.00528825 0.619179 0.00287458
0.620862 0.00544359 0.620584 0.00430143
0.621548 0.00444299 0.621331 0.0038898
0.623575 0.00454334 0.623575 0.00424592
0.624402 0.00567343 0.624327 0.00403581
0.624378 0.00357831 0.624446 0.00222456
0.625801 0.0034603 0.625781 0.0029461
0.625254 0.00205527 0.627176 0.00304282
0.629089 0.00474179 0.62828 0.00259122
0.628852 0.00329848 0.628285 0.00333974
0.628141 0.00375944 0.62819 0.00294949
