0.400385 0.0635221 0.401865 0.0642124
0.365877 0.0258304 0.367089 0.0266179
0.362347 0.0254026 0.363274 0.0260457
0.369351 0.0174631 0.370337 0.0178848
0.363678 0.0300672 0.365122 0.0307543
0.374249 0.0227513 0.375384 0.0233369
0.358872 0.0125082 0.359788 0.0126453
0.369179 0.0264561 0.370658 0.027234
0.378164 0.0335474 0.379547 0.0340161
0.368688 0.0285847 0.369925 0.02924
0.359991 0.020834 0.360885 0.0214418
0.371831 0.0390943 0.37227 0.0396134
0.358474 0.0118679 0.359007 0.0125484
0.366476 0.0386823 0.367301 0.0391737
0.358241 0.0166056 0.35942 0.0168073
0.365894 0.0149682 0.366967 0.0153496
0.348424 0.0156579 0.349133 0.0162016
0.359439 0.0115384 0.360098 0.0119088
0.364296 0.029028 0.364532 0.0296035
0.361387 0.0242098 0.362001 0.0244225
0.361401 0.0197439 0.362218 0.019892
0.360682 0.0271231 0.361439 0.0275188
0.354737 0.0230477 0.355872 0.0237818
0.354544 0.0163362 0.355414 0.0166434
0.351583 0.012641 0.352621 0.0127341
0.355277 0.0172991 0.355753 0.0178498
0.355815 0.0185255 0.356718 0.0189848
0.356928 0.020551 0.357969 0.0203928
0.348937 0.0160946 0.349717 0.0162932
0.356191 0.0194508 0.356791 0.0192336
0.358533 0.0315513 0.359436 0.0318764
0.36282 0.0280634 0.363616 0.0285818
0.363634 0.0365637 0.364272 0.0368125
0.349177 0.0109572 0.349872 0.0112678
0.354859 0.0145043 0.355169 0.0145654
0.343388 0.013455 0.344261 0.013295
0.355785 0.0193849 0.356355 0.0196883
0.35952 0.0319248 0.360492 0.0321297
0.350286 0.0283979 0.35053 0.0285817
0.35773 0.0249913 0.358023 0.0249275
0.350067 0.0230695 0.351277 0.0233145
0.347597 0.0199346 0.348718 0.0198711
0.344596 0.0156164 0.345292 0.0157726
0.344714 0.00979558 0.34544 0.0101419
0.347341 0.0217583 0.347917 0.0223305
0.346692 0.00929498 0.347357 0.00925402
0.34377 0.0125672 0.344436 0.0129097
0.34907 0.0166998 0.349973 0.0168242
0.343869 0.0154928 0.344795 0.0151151
0.352349 0.017578 0.352821 0.0174256
0.348121 0.010341 0.348633 0.0100801
0.353844 0.0169867 0.354734 0.0171819
0.341612 0.0113185 0.341897 0.0110057
0.353245 0.0161502 0.35412 0.0162771
0.34868 0.0193717 0.349398 0.0193666
0.345242 0.0106321 0.345815 0.010987
0.35222 0.0146582 0.352671 0.0145299
0.34962 0.0209137 0.350522 0.0200928
0.35146 0.0270023 0.352344 0.0269769
0.347991 0.0151669 0.348464 0.0154494
0.343589 0.0252186 0.344226 0.02542
0.342127 0.0162213 0.342879 0.0161932
0.343065 0.0143195 0.343962 0.0144869
0.346029 0.0183768 0.347198 0.0183369
0.346456 0.0156514 0.347666 0.0153516
0.338054 0.0125361 0.339075 0.0130792
0.342332 0.0160807 0.343075 0.0157052
0.340128 0.0154731 0.340724 0.0158285
0.336218 0.00899818 0.336909 0.00863837
0.334205 0.0092481 0.334691 0.00943258
0.350186 0.029158 0.350851 0.0290529
0.334457 0.00880695 0.33537 0.00862071
0.345187 0.0256116 0.345665 0.0253661
0.338481 0.0131521 0.339537 0.0129869
0.338397 0.0151896 0.339806 0.0150735
0.334333 0.0110452 0.335625 0.0111405
0.33848 0.0153124 0.33996 0.0147944
0.332533 0.0119344 0.333615 0.0117663
0.342293 0.024047 0.343165 0.0238893
0.337352 0.011492 0.338773 0.0114111
