0.021482 0.00147636 0.0214391 0.00146931
0.0301997 0.00188741 0.0301299 0.00195519
0.0344821 0.0017916 0.0344665 0.00174953
0.0371087 0.00153952 0.036959 0.00158307
0.0392014 0.00158179 0.0391959 0.00145656
0.0426244 0.00158547 0.0425432 0.0014866
0.0457931 0.00157167 0.0455186 0.00157863
0.049831 0.00200816 0.0495675 0.00191425
0.0544978 0.00439404 0.0541633 0.00393356
0.0568461 0.00385281 0.0566852 0.00345582
0.0625115 0.00672023 0.0622755 0.00662837
0.0623749 0.00747443 0.062349 0.00734315
0.0678462 0.004784 0.0681223 0.00512394
0.0719682 0.00791029 0.0718668 0.00772668
0.078691 0.00859252 0.0782753 0.00912563
0.0800081 0.00936899 0.0795035 0.00884223
0.0818535 0.00629397 0.0816972 0.00616445
0.0866815 0.00693304 0.0861315 0.00721663
0.0858068 0.00540689 0.085002 0.00535109
0.0898036 0.00452319 0.0889772 0.00464684
0.0937188 0.00728116 0.093736 0.00841698
0.0974397 0.0104481 0.0972676 0.00990715
0.0975526 0.00693528 0.0975528 0.00702079
0.104565 0.00467697 0.104383 0.00503257
0.101054 0.00619261 0.100757 0.00572957
0.107913 0.00558544 0.108713 0.00533588
0.108859 0.00639067 0.108441 0.00591079
0.113941 0.00554857 0.11302 0.0057549
0.116565 0.00433782 0.116271 0.00490038
0.117003 0.0051703 0.11722 0.00537308
0.120044 0.00702786 0.119307 0.00624138
0.119691 0.00495414 0.119224 0.00506129
0.122708 0.00554907 0.122526 0.00614974
0.128479 0.00607184 0.128498 0.00648395
0.128779 0.00499659 0.128363 0.00560348
0.132067 0.00538239 0.131628 0.00583511
0.133644 0.00526296 0.132985 0.00497403
0.135992 0.00507742 0.135688 0.0047336
0.134269 0.00449413 0.134203 0.00385227
0.139602 0.00415232 0.13927 0.003721
0.139837 0.00560729 0.139947 0.0061182
0.139603 0.00506258 0.139148 0.00441207
0.142087 0.00548608 0.141127 0.00496193
0.144054 0.00373734 0.144348 0.00348932
0.147471 0.00424303 0.14702 0.00425422
0.145303 0.00387697 0.14447 0.00308893
0.148596 0.00509382 0.148403 0.00542426
0.152398 0.00449714 0.152087 0.00364058
0.152055 0.00464489 0.152354 0.00538432
0.152272 0.00342111 0.151983 0.00356706
0.154455 0.00462497 0.154996 0.00433179
0.159616 0.00595518 0.159368 0.00595207
0.159056 0.00537893 0.158175 0.00577254
0.159377 0.00605531 0.158847 0.00498914
0.159886 0.00519519 0.160254 0.00474148
0.161695 0.00538667 0.161541 0.00550589
0.162735 0.00436779 0.161395 0.00483473
0.162209 0.00348933 0.161962 0.00398107
0.16595 0.00567146 0.165222 0.00421375
0.166611 0.00403002 0.166079 0.00412229
0.168262 0.00327089 0.16787 0.00446934
0.168095 0.00413523 0.167992 0.00447956
0.170084 0.00276735 0.169777 0.00280834
0.172265 0.00347239 0.172245 0.00359205
0.172223 0.00361007 0.172137 0.00377684
0.172679 0.00315255 0.172526 0.00253303
0.173755 0.00287258 0.173278 0.00290543
0.176474 0.00376361 0.176099 0.0033142
0.177774 0.00321648 0.177221 0.00306813
0.178479 0.00396501 0.177646 0.00398833
0.177792 0.00304794 0.178631 0.00386884
0.180724 0.00292244 0.180663 0.00244734
0.181217 0.00404426 0.180657 0.00392488
0.177354 0.00353634 0.178138 0.00273652
0.184548 0.00358956 0.184223 0.00389178
0.185675 0.00349148 0.184951 0.00286918
0.184718 0.00259006 0.183762 0.00239868
0.185393 0.0032042 0.185046 0.00253752
0.186489 0.00322077 0.186331 0.00350221
0.187279 0.00430171 0.187 0.00402265
0.188351 0.00371044 0.18703 0.00331107
0.189606 0.00376037 0.188736 0.00399058
0.189189 0.00357966 0.189105 0.00310877
0.189307 0.00396536 0.190146 0.0033962
0.191814 0.00331903 0.191301 0.00321467
0.192786 0.00321912 0.193973 0.00357062
0.194568 0.00190368 0.194588 0.00215403
0.193639 0.00259822 0.193551 0.00300047
0.195473 0.00366398 0.195099 0.00253289
0.197055 0.00259944 0.197335 0.00241575
0.196333 0.00318006 0.196385 0.00347338
0.199021 0.00264828 0.198622 0.00266108
0.197421 0.00368711 0.197605 0.0031135
0.199419 0.00274842 0.198546 0.00280708
0.200216 0.00334269 0.199969 0.00254048
0.200907 0.00253653 0.200319 0.00259359
0.20279 0.00310651 0.200718 0.00318735
0.204073 0.0023488 0.203672 0.0026661
0.202953 0.00323094 0.204028 0.00268488
0.204373 0.00304941 0.20436 0.00235458
