0.0312815 0.00335488 0.03124 0.00335924
0.0255334 0.00151393 0.0254859 0.0015157
0.0306023 0.00557537 0.0305595 0.00558597
0.0281485 0.00403441 0.0281037 0.00403528
0.0301002 0.00522638 0.0300566 0.0052346
0.0264244 0.00404155 0.0263759 0.00404964
0.027969 0.00431988 0.0279201 0.00432399
0.0271667 0.00442629 0.027117 0.00443426
0.025175 0.00198778 0.0251223 0.00198768
0.0271081 0.00640101 0.0270543 0.00641105
0.0275752 0.00636023 0.0275238 0.0063716
0.0261529 0.00415892 0.0260958 0.00416159
0.0268888 0.00727652 0.0268372 0.00729182
0.0274608 0.00672695 0.0274078 0.00673684
0.0248518 0.00165338 0.0247964 0.00164713
0.0268406 0.00429288 0.0267885 0.00429992
0.0249464 0.00160472 0.0248861 0.00160426
0.0264286 0.00304257 0.0263642 0.00304809
0.0263594 0.00350002 0.0262978 0.00350328
0.0245613 0.00212603 0.0245025 0.0021108
0.0259074 0.00385667 0.025843 0.00385283
0.0238212 0.00111564 0.0237608 0.00110762
0.0269767 0.00654222 0.0269205 0.00654659
0.0284481 0.0104923 0.0283991 0.0105081
0.0254764 0.00210477 0.0254084 0.0020927
0.0238334 0.00218321 0.0237752 0.00216798
0.0262042 0.00612987 0.026148 0.00613903
0.0232251 0.0015786 0.0231709 0.001565
0.0232553 0.00286629 0.0232025 0.00284878
0.0268385 0.00923225 0.026786 0.00924545
0.0271257 0.00823196 0.0270704 0.00824462
0.0247609 0.00311099 0.0246989 0.00309067
0.0234421 0.00224113 0.0233855 0.00222543
0.023554 0.00227123 0.0234954 0.00225414
0.02298 0.00270015 0.0229347 0.00268932
0.0263677 0.00512836 0.0263114 0.00513367
0.0266482 0.00686197 0.02659 0.00685661
0.023902 0.00338047 0.0238414 0.00336081
0.0223177 0.00151465 0.0222669 0.00150169
0.0237524 0.00374996 0.0237024 0.00374259
0.0258771 0.00492364 0.0258119 0.00490607
0.0223245 0.00162692 0.0222745 0.00161306
0.0224825 0.00208209 0.0224337 0.00206668
0.0228347 0.00156826 0.0227834 0.00155538
0.0230578 0.00241961 0.0230062 0.0024012
0.0218659 0.000889088 0.0218205 0.000879485
0.0255318 0.00462147 0.0254674 0.00460385
0.0225583 0.00233434 0.0225094 0.00232107
0.0225227 0.00243392 0.0224692 0.0024181
0.023257 0.00313151 0.0231992 0.0031107
0.0216502 0.000776735 0.0216034 0.000770755
0.0219773 0.000758857 0.0219266 0.000748135
0.0214736 0.000702337 0.0214292 0.000695896
0.0219552 0.00122301 0.021908 0.00121122
0.0231933 0.00254914 0.0231377 0.00253268
0.0217306 0.0010611 0.0216826 0.0010523
0.0214491 0.000345211 0.0214062 0.000341731
0.0253036 0.00863379 0.0252496 0.00861424
0.0221541 0.00196805 0.0221021 0.00195416
0.0217535 0.000602785 0.0217032 0.000595132
0.0233553 0.00411365 0.0233014 0.00409207
0.0210282 0.000411411 0.0209816 0.000405752
0.0237346 0.00282657 0.0236702 0.00280874
0.0245638 0.00804187 0.0245079 0.00802344
0.0213732 0.000971311 0.0213249 0.000956725
0.0213575 0.000799009 0.0213089 0.000788419
0.0216236 0.00145671 0.0215728 0.00144014
0.022106 0.0021187 0.0220503 0.002094
0.0214816 0.000711277 0.021431 0.000703299
0.0216565 0.00132876 0.0216043 0.00130733
0.0213445 0.000642136 0.0212948 0.000631844
0.0208999 0.000164404 0.0208561 0.00016457
0.0214374 0.000922781 0.0213901 0.000914042
0.021449 0.000877754 0.0213971 0.000864627
0.0241653 0.00905878 0.024115 0.00904705
0.0230953 0.00399076 0.0230346 0.00396223
0.0219036 0.00301521 0.02185 0.00298705
0.0276454 0.0188776 0.0276032 0.0189067
0.0275694 0.0172544 0.0275214 0.0172747
0.0210537 0.000607754 0.021006 0.000598908
