0.463576 0.100808 0.463965 0.100895
0.456027 0.0818866 0.456747 0.0822991
0.445841 0.0841769 0.446708 0.0845628
0.462433 0.0947392 0.463109 0.0949474
0.458541 0.0771912 0.459329 0.0773916
0.446761 0.080059 0.447431 0.0799887
0.470541 0.0916932 0.471393 0.0916727
0.443364 0.0963874 0.443787 0.0963454
0.434316 0.0730701 0.434929 0.0729318
0.459964 0.0899382 0.460431 0.0900603
0.495887 0.0995608 0.496454 0.0994555
0.487081 0.0852238 0.487845 0.0854973
0.441996 0.090906 0.442524 0.090951
0.454006 0.0773367 0.454852 0.0779886
0.455824 0.0821034 0.456652 0.0826134
0.503098 0.0933305 0.503898 0.0939781
0.445963 0.093469 0.446468 0.0934197
0.455875 0.0931602 0.456396 0.0934009
0.444977 0.0818799 0.445657 0.0823292
0.464426 0.0761911 0.465248 0.0763057
0.432433 0.0586877 0.432998 0.0591097
0.478056 0.0711592 0.479242 0.0714136
0.450861 0.115184 0.451351 0.115363
0.458147 0.102956 0.458701 0.10318
0.49803 0.106274 0.498844 0.10641
0.408971 0.0590843 0.409527 0.059653
0.457941 0.0673884 0.458884 0.067765
0.458401 0.0601477 0.45988 0.060689
0.499423 0.0819196 0.50074 0.0824362
0.4639 0.0959101 0.464808 0.096437
0.506502 0.0749953 0.507855 0.0748582
0.408934 0.0759082 0.409613 0.0765426
0.427588 0.0772931 0.428347 0.0780175
0.442472 0.0802281 0.443764 0.0808742
0.428951 0.0853397 0.429998 0.0860391
0.440754 0.0722666 0.441813 0.072899
0.417091 0.070323 0.417979 0.0711472
0.446626 0.0744735 0.447665 0.0746477
0.435875 0.0819135 0.436556 0.0823969
0.427554 0.0857058 0.428398 0.0860754
0.41204 0.057896 0.413182 0.0582904
0.413808 0.0696726 0.414427 0.0701689
0.497759 0.07723 0.499372 0.0772696
0.420065 0.0782554 0.420811 0.0784949
0.437759 0.0916716 0.438596 0.0920957
0.45181 0.0818176 0.452858 0.0822301
0.446975 0.0816046 0.448149 0.0825374
0.442111 0.0939086 0.442895 0.0944164
0.453307 0.0717993 0.454935 0.0725977
0.410969 0.0405523 0.412109 0.041266
0.383604 0.0424952 0.38449 0.0429437
0.411678 0.0871702 0.41255 0.0878255
0.407522 0.0588916 0.408487 0.0592939
0.463114 0.076342 0.464777 0.077094
0.408481 0.0574523 0.409664 0.057983
0.441551 0.0721874 0.4428 0.0728833
0.401529 0.0624007 0.402231 0.0628377
0.426018 0.0814868 0.427088 0.0823529
0.423317 0.0568845 0.42457 0.0574382
0.425473 0.0459075 0.426565 0.046498
0.404912 0.0656043 0.405711 0.0660736
0.408296 0.0741283 0.40921 0.0742522
0.413054 0.0420537 0.414267 0.0430187
0.39743 0.0473222 0.398495 0.0477109
0.387408 0.047283 0.388415 0.047597
0.375736 0.0375833 0.376425 0.0381606
0.414314 0.068434 0.414919 0.0687729
0.385155 0.0578091 0.385726 0.0583994
0.40986 0.0613986 0.411293 0.0618171
0.408796 0.0885598 0.408958 0.0883156
0.41595 0.0716952 0.416644 0.0719859
0.370648 0.0473411 0.371449 0.0479177
0.383309 0.0429951 0.384229 0.0429711
0.387398 0.0291217 0.388364 0.0290963
0.419081 0.0509787 0.420114 0.0516301
0.373929 0.0399148 0.374601 0.0402345
0.405307 0.0708489 0.406398 0.0712416
0.435124 0.0627343 0.436072 0.0635422
0.38248 0.0602686 0.383286 0.0605334
0.372397 0.0284798 0.373106 0.0287052
