0.0307794 0.00159552 0.0307108 0.00150793
0.030518 0.00219977 0.0304314 0.00218369
0.031493 0.00260957 0.0313799 0.00258088
0.0316601 0.00229755 0.0316039 0.00232885
0.030952 0.00189512 0.0308484 0.00193054
0.0300079 0.000511726 0.0298974 0.00054944
0.0314681 0.00254513 0.0314079 0.0026214
0.0298554 0.00105221 0.0298428 0.000997804
0.0300044 0.00121763 0.0299871 0.00113167
0.029849 0.000939384 0.0296949 0.000995999
0.0293716 0.000700817 0.029269 0.000704325
0.0308786 0.00206588 0.0307942 0.00208718
0.0305681 0.00237362 0.0305389 0.00236288
0.0298106 0.00106381 0.029749 0.000955409
0.0299209 0.00213734 0.0298742 0.0021571
0.0300596 0.00103936 0.0299462 0.00101661
0.0293335 0.000757384 0.0293358 0.000672606
0.0294439 0.00129135 0.0293783 0.00131313
0.0297371 0.00187165 0.0296851 0.00186513
0.0296826 0.00210673 0.0297116 0.00208184
0.02942 0.00134095 0.0293314 0.0012574
0.0295931 0.00198112 0.0294763 0.00193571
0.0307539 0.00358245 0.0306447 0.00349735
0.0285641 0.000517201 0.0285028 0.000543537
0.0306489 0.00412516 0.0306332 0.00408434
0.028705 0.0011362 0.0286669 0.00109192
0.0299491 0.00355204 0.0300209 0.00356588
0.0281706 0.000772002 0.0280849 0.000743719
0.0284083 0.000861698 0.0284459 0.000941587
0.0292025 0.00173055 0.0291553 0.00161086
0.0279264 0.000542286 0.0279649 0.000579525
0.0278114 0.000393245 0.027769 0.000439976
0.0280893 0.000866435 0.028038 0.000833067
0.0278455 0.000719674 0.0278725 0.00069356
0.030885 0.005245 0.030888 0.0051945
0.0279458 0.000732764 0.0279432 0.000771668
0.0283825 0.00192221 0.0284955 0.00193703
0.0284699 0.00160232 0.0284362 0.00152747
0.0281859 0.00134911 0.0281923 0.00133015
0.027939 0.000738881 0.0280253 0.000707376
0.0290096 0.00418961 0.0290121 0.00415142
0.0277896 0.00146019 0.0278113 0.0014412
0.0283116 0.00243233 0.0283409 0.00243901
0.0277729 0.00139655 0.0278223 0.00143807
0.027595 0.00118588 0.0276183 0.00116892
0.0275674 0.00145834 0.0277037 0.00144166
0.0281496 0.00157404 0.0282366 0.00159728
0.0273382 0.00103755 0.0273767 0.00100978
0.0274107 0.000668185 0.0274438 0.000661557
0.027125 0.000790148 0.0271575 0.000809737
0.0281316 0.00103305 0.0281669 0.00103165
0.0272794 0.00206007 0.0273322 0.00206572
0.0270912 0.00079837 0.0271161 0.000794311
0.0275962 0.00184519 0.0276358 0.00192904
0.0273792 0.0017448 0.0274569 0.00175057
0.0273585 0.000910214 0.0274124 0.000951696
0.0268137 0.00145866 0.0268584 0.00146581
0.0267307 0.000538187 0.0268185 0.000597919
0.0268013 0.000959565 0.026836 0.000921828
0.0263309 0.000664634 0.0263495 0.000662478
0.0274521 0.00195921 0.0275234 0.00190458
0.0273258 0.00176233 0.027365 0.00175241
0.026261 0.000651124 0.0263408 0.000662174
0.0266089 0.00119183 0.0265932 0.00117144
0.0266366 0.000941317 0.0266296 0.000954296
0.0259738 0.000580577 0.0260276 0.000603437
0.0258945 0.000467416 0.0259385 0.000416671
0.0263252 0.00128398 0.026375 0.0012719
0.0263792 0.0019402 0.0264926 0.00198102
0.0257662 0.000607814 0.0258261 0.000607899
0.0260607 0.000795315 0.0260902 0.00084441
0.0254107 0.000532242 0.025429 0.000591843
0.0258115 0.00151488 0.0259046 0.00149195
0.0260781 0.00114452 0.0261225 0.00121615
0.0261553 0.00166635 0.0262193 0.0017709
0.0257023 0.00138226 0.0257124 0.00138725
0.025747 0.00131562 0.0258297 0.00128427
0.0254752 0.00117496 0.0254862 0.00127074
0.025927 0.00123628 0.0259191 0.0013001
0.0252097 0.000754031 0.0252624 0.000805821
