0.409609 0.078228 0.409885 0.0781675
0.533332 0.105157 0.533729 0.105005
0.423519 0.0707 0.424284 0.0714783
0.418132 0.0857129 0.41854 0.0858228
0.487239 0.109052 0.487776 0.109352
0.45022 0.107727 0.450554 0.107665
0.457948 0.0977436 0.458655 0.0977404
0.472298 0.108272 0.47281 0.108193
0.462511 0.0945735 0.463075 0.095174
0.425614 0.0571824 0.426464 0.0575828
0.4283 0.0925923 0.429064 0.0930149
0.492018 0.0929005 0.492718 0.093308
0.492232 0.0877467 0.493237 0.0881134
0.46374 0.115799 0.464087 0.11595
0.394266 0.0828611 0.394597 0.082843
0.457551 0.101324 0.457944 0.101539
0.473672 0.0844831 0.474358 0.0843244
0.46586 0.0989148 0.466863 0.0988859
0.439611 0.0624512 0.440655 0.06307
0.463431 0.0740042 0.464288 0.0741227
0.479222 0.0898257 0.480527 0.0904485
0.406348 0.0803139 0.40679 0.0803122
0.41541 0.0777144 0.416121 0.0784386
0.49686 0.0741115 0.498085 0.0739678
0.445709 0.0617152 0.44699 0.0623072
0.390172 0.033681 0.390629 0.0341326
0.476924 0.114778 0.477628 0.114859
0.437965 0.100844 0.438619 0.101375
0.420269 0.0841887 0.421099 0.0847498
0.462433 0.0982772 0.46343 0.098701
0.452268 0.078358 0.453536 0.0791314
0.446589 0.0768898 0.447362 0.0772958
0.413162 0.0734933 0.413661 0.074054
0.435176 0.0701359 0.43637 0.0707094
0.470951 0.0879851 0.472351 0.08896
0.447614 0.0821203 0.448881 0.0823544
0.407855 0.0609113 0.408483 0.0617182
0.447245 0.105522 0.447953 0.105841
0.387404 0.0663993 0.387918 0.0666963
0.426216 0.0685679 0.427527 0.0693238
0.425913 0.0711811 0.427172 0.071443
0.417416 0.0668161 0.418303 0.0672869
0.371837 0.0374415 0.372362 0.0375204
0.422169 0.0813282 0.423142 0.0819108
0.466086 0.0888301 0.467171 0.0890483
0.432537 0.0785275 0.433766 0.0791827
0.405284 0.0648117 0.406088 0.0656528
0.367897 0.0380735 0.368383 0.0385916
0.421247 0.0938602 0.421729 0.0939591
0.431005 0.0821167 0.431839 0.0829784
0.403426 0.0681341 0.404311 0.0689517
0.397248 0.0428738 0.398131 0.0432189
0.389334 0.0511437 0.390066 0.0521817
0.435096 0.0933594 0.436035 0.094021
0.376619 0.0312194 0.377398 0.0318369
0.423328 0.0818393 0.424376 0.0830144
0.398019 0.0552116 0.398775 0.0557323
0.425671 0.0635157 0.426719 0.0641163
0.432893 0.0878353 0.433832 0.0881303
0.396564 0.0597482 0.397541 0.060758
0.387007 0.0801828 0.387415 0.0810278
0.414594 0.0623845 0.415899 0.0636054
0.399727 0.0553807 0.400423 0.0562142
0.384189 0.0561553 0.384938 0.057058
0.4056 0.0777631 0.406381 0.0784332
0.422558 0.0649276 0.423496 0.0654243
0.394698 0.0480498 0.395899 0.0482015
0.395447 0.0869066 0.396385 0.0875226
0.370348 0.0393858 0.370654 0.0398144
0.397696 0.0533845 0.398896 0.0535056
0.374 0.0423875 0.374921 0.0427316
0.37713 0.0492117 0.377647 0.0497014
0.353707 0.0247714 0.354089 0.0246747
0.421256 0.0803846 0.42245 0.0811255
0.407169 0.060413 0.408226 0.0605858
0.39078 0.0398762 0.391757 0.0403099
0.379063 0.0386106 0.379152 0.0388428
0.362369 0.030396 0.362922 0.030725
0.378479 0.0443306 0.379211 0.0446074
0.368146 0.0258217 0.368632 0.0256207
