0.298628 0.0023751 0.298144 0.00244759
0.297968 0.00464959 0.297512 0.00472115
0.302107 0.00621723 0.301765 0.00637357
0.30234 0.00815566 0.301845 0.00822969
0.298534 0.00749633 0.298214 0.00745444
0.29839 0.00405244 0.297817 0.0042441
0.299549 0.00518293 0.29903 0.00506103
0.322106 0.0366512 0.321998 0.0375978
0.300264 0.00665602 0.299953 0.00674016
0.298478 0.00611857 0.298092 0.00611168
0.305148 0.0104417 0.304729 0.0108823
0.304085 0.0104573 0.30377 0.010632
0.30112 0.0148383 0.300831 0.014765
0.303098 0.00743739 0.30307 0.00745297
0.298804 0.00680164 0.29832 0.00686714
0.297557 0.00456151 0.297258 0.00445453
0.297004 0.00363281 0.29672 0.00359066
0.298957 0.00543761 0.298843 0.00554383
0.296314 0.00716177 0.296272 0.0071873
0.297097 0.00909738 0.296876 0.00937443
0.305057 0.013857 0.304554 0.0136772
0.29542 0.00468959 0.295123 0.00445202
0.299185 0.00787916 0.298853 0.00763688
0.298228 0.00559039 0.298008 0.00541448
0.299473 0.00765673 0.299064 0.00783922
0.295344 0.0054499 0.294646 0.00535003
0.299783 0.00967057 0.299478 0.00967765
0.301259 0.0121662 0.300611 0.0118545
0.295699 0.0036357 0.295487 0.00374757
0.296336 0.00483028 0.295869 0.00488847
0.300186 0.00802368 0.29962 0.00831011
0.298831 0.0104988 0.298553 0.0105271
0.297714 0.00805597 0.297556 0.00818057
0.29654 0.00754773 0.296396 0.00750812
0.304041 0.0122938 0.304065 0.0124037
0.300044 0.00994805 0.299948 0.00946498
0.300462 0.0112163 0.300004 0.0109666
0.297697 0.0123493 0.297252 0.0121256
0.294563 0.00455569 0.294383 0.00447974
0.300342 0.0143071 0.300342 0.0142182
0.296672 0.00885902 0.296904 0.0090229
0.296036 0.0087524 0.296051 0.00888852
0.294595 0.00738375 0.294383 0.00735111
0.293522 0.00436985 0.293237 0.00460812
0.295148 0.0116255 0.295097 0.0119094
0.295598 0.00748792 0.295122 0.00758908
0.300625 0.012899 0.300328 0.0130028
0.293413 0.0132081 0.293505 0.012812
0.296376 0.0104287 0.29672 0.010306
0.293654 0.00613196 0.293441 0.00641911
0.288394 0.00421867 0.288391 0.00444976
0.297388 0.0086888 0.29738 0.00846921
0.289343 0.00465535 0.289418 0.00482066
0.293964 0.0147837 0.293693 0.0144706
0.289046 0.00664507 0.288902 0.00602547
0.294514 0.0150293 0.294637 0.0147714
0.290875 0.00723655 0.290908 0.00718508
0.29074 0.0102635 0.290839 0.0105264
0.286824 0.00313163 0.286583 0.00273732
0.287166 0.00510631 0.286896 0.00587895
0.289579 0.00982505 0.288882 0.00938153
0.296258 0.00949084 0.296686 0.00967252
0.289463 0.0118685 0.289424 0.0122026
0.289332 0.0103055 0.289588 0.00996611
0.290041 0.00855835 0.289986 0.00806997
0.285119 0.00680368 0.285001 0.00704601
0.285636 0.0058265 0.285359 0.00541597
0.288754 0.00867034 0.288756 0.00860476
0.283549 0.0054445 0.284056 0.00556814
0.282646 0.00395009 0.282817 0.00434477
0.286174 0.0100287 0.286488 0.00984418
0.288041 0.0101046 0.288469 0.0100792
0.286549 0.00835761 0.286497 0.00862514
0.28787 0.0120026 0.288359 0.0124722
0.286297 0.00917413 0.28644 0.00920415
0.286332 0.0151479 0.286327 0.0153307
0.286101 0.00537123 0.286321 0.00553599
0.283171 0.00997852 0.283232 0.0100845
0.286613 0.014624 0.286638 0.0140283
0.280685 0.00737959 0.280391 0.00802161
