0.0213078 0.000942526 0.0212705 0.000940741
0.0321879 0.00274952 0.0320611 0.00269864
0.0351 0.00316094 0.035065 0.00308929
0.038668 0.0015344 0.0385795 0.00159278
0.03979 0.00121816 0.0398649 0.00122575
0.0439952 0.00184709 0.0438877 0.00188896
0.0464846 0.0016185 0.0464598 0.00159443
0.0539242 0.00460127 0.053955 0.0047159
0.0575992 0.00623599 0.0574524 0.00619194
0.0642288 0.0100174 0.0641223 0.0101855
0.0635934 0.00478271 0.0638179 0.00429888
0.0701207 0.0072054 0.0701297 0.00722703
0.0716908 0.00826156 0.0716308 0.00859105
0.0727003 0.00712507 0.0725855 0.00729017
0.0803024 0.00814638 0.0803843 0.00813005
0.0780437 0.00756447 0.0785668 0.00743683
0.0845471 0.0046901 0.0843928 0.00499601
0.0916964 0.00693279 0.0916174 0.00676025
0.0907643 0.00832922 0.0901926 0.00862193
0.0945738 0.00648531 0.0939362 0.0062469
0.100121 0.00507979 0.0992887 0.00512563
0.1013 0.00911257 0.100964 0.0087678
0.105147 0.00775284 0.104446 0.0076246
0.108658 0.0113676 0.108028 0.0110887
0.108458 0.009132 0.108316 0.00999994
0.106953 0.0066163 0.106454 0.00663557
0.116048 0.00772551 0.116009 0.0082061
0.115687 0.00672818 0.11576 0.00642464
0.119238 0.010867 0.119646 0.0107394
0.121733 0.00965816 0.121483 0.00944775
0.127575 0.00810855 0.127376 0.00837763
0.125673 0.00375627 0.125653 0.0034796
0.128029 0.00518365 0.127624 0.0053592
0.131378 0.00886687 0.131071 0.00845477
0.132805 0.00644096 0.13277 0.00674498
0.132739 0.007637 0.132996 0.00695969
0.139962 0.00953868 0.139804 0.00857382
0.139655 0.00611106 0.139155 0.00630006
0.142065 0.00717023 0.142518 0.00677063
0.139535 0.00559936 0.139982 0.00630969
0.150202 0.00675732 0.150459 0.0065127
0.144544 0.00710176 0.145169 0.00667643
0.149407 0.00507125 0.148639 0.00514354
0.149705 0.00594792 0.14888 0.00509432
0.152027 0.00414712 0.152828 0.0036145
0.154186 0.00778933 0.153244 0.00760919
0.152046 0.00404546 0.15197 0.00328169
0.160111 0.00589415 0.158612 0.00640062
0.160049 0.00513236 0.159624 0.00460273
0.16046 0.00522686 0.160398 0.0048694
0.163192 0.00556429 0.163507 0.00653213
0.163651 0.00584063 0.164298 0.00645199
0.167827 0.00678745 0.167035 0.0069182
0.167726 0.00433647 0.166438 0.00516632
0.17092 0.0061507 0.170511 0.00660709
0.170241 0.00260372 0.169955 0.00297988
0.170293 0.0035119 0.169935 0.00319866
0.172679 0.004708 0.17253 0.00479789
0.173606 0.00530468 0.17385 0.00465155
0.174656 0.00317844 0.174428 0.00245179
0.176999 0.00383521 0.177268 0.00300337
0.180528 0.0047247 0.179481 0.00515328
0.17943 0.00410064 0.179294 0.00428688
0.180579 0.0028087 0.179728 0.00210415
0.181812 0.00373984 0.18121 0.00288695
0.183581 0.00526369 0.183151 0.00485955
0.184919 0.00325902 0.184675 0.00298312
0.184959 0.00442595 0.184869 0.00389495
0.190554 0.00344314 0.190397 0.00287458
0.189167 0.00526016 0.18963 0.00519965
0.189114 0.00391457 0.189122 0.00382326
0.192834 0.00258133 0.192285 0.00251519
0.191652 0.00318369 0.191183 0.00330264
0.194085 0.0032812 0.193588 0.00329237
0.194275 0.00422239 0.194292 0.00341466
0.19697 0.00373931 0.19614 0.00394365
0.196853 0.00399624 0.196864 0.0031129
0.196113 0.00322373 0.195887 0.00263704
0.197805 0.0043723 0.197704 0.00449469
0.198351 0.00359126 0.198797 0.00349265
0.200582 0.00338112 0.19989 0.00295633
0.201949 0.00328687 0.201977 0.0030924
0.203307 0.00414877 0.202564 0.00427115
0.202822 0.00444528 0.203319 0.00322429
0.206271 0.00380289 0.206172 0.00426707
0.205733 0.00360176 0.206693 0.00392636
0.204978 0.00326257 0.2057 0.00285221
0.206387 0.00335894 0.207151 0.00214916
0.208672 0.00272508 0.208519 0.00183263
0.209095 0.00316435 0.209376 0.00243662
0.211477 0.00388128 0.210952 0.00404717
0.213031 0.00260103 0.211971 0.00206579
0.214044 0.00435017 0.21385 0.00366188
0.215398 0.00462809 0.215 0.00344935
0.214378 0.00500542 0.214911 0.0037291
0.216862 0.00336889 0.216838 0.00370032
0.216147 0.00257305 0.216068 0.00257208
0.219842 0.00499952 0.21883 0.00381589
0.218052 0.00279802 0.217518 0.00233894
0.21903 0.00231309 0.218159 0.00296091
