0.0740342 0.00468397 0.0737105 0.00482522
0.0759658 0.00612292 0.0759112 0.0061043
0.0745591 0.00618161 0.0742874 0.00638853
0.0771891 0.00353298 0.0771036 0.003478
0.0750164 0.0040066 0.0747382 0.00403031
0.0712583 0.00228723 0.070945 0.00231949
0.076269 0.00802207 0.0760106 0.0079974
0.0730889 0.0057527 0.0729922 0.00545389
0.0756098 0.00669168 0.0753697 0.00700943
0.0727622 0.00533461 0.0730244 0.00541041
0.0756653 0.00644053 0.0752472 0.00652598
0.0733051 0.00856678 0.0729089 0.00895716
0.0713341 0.00551186 0.0714953 0.00552372
0.0746496 0.00510997 0.0744717 0.00506139
0.0774883 0.0116093 0.0773768 0.0114979
0.0776121 0.0137957 0.0777312 0.0140258
0.0755248 0.0138182 0.0754724 0.0141251
0.0720393 0.0044567 0.0714853 0.00449394
0.0742527 0.0117613 0.0743087 0.011616
0.0736523 0.00638998 0.0736209 0.00654675
0.0675797 0.00424468 0.0673451 0.00408728
0.0734539 0.00843112 0.0732445 0.00863234
0.0728054 0.0150396 0.0728319 0.0151856
0.0696674 0.0096348 0.0694746 0.00973869
0.0797886 0.0156757 0.0799106 0.0160079
0.0679869 0.00326387 0.067797 0.00327726
0.0695267 0.00723559 0.0692171 0.007406
0.070055 0.00983621 0.0700978 0.0098134
0.068991 0.0062733 0.0688162 0.00631262
0.0679107 0.00539329 0.0677932 0.00556395
0.0672692 0.00487161 0.0668596 0.00492575
0.0676752 0.00651283 0.0673381 0.00614616
0.0676641 0.00573074 0.0673481 0.00590252
0.0665496 0.00609235 0.0665311 0.00589456
0.0677689 0.00505686 0.067664 0.00524819
0.0652134 0.00331795 0.065141 0.00336247
0.0696265 0.00768532 0.0697368 0.00791875
0.0703909 0.00635471 0.0703199 0.00626543
0.0636854 0.00431185 0.0635513 0.00436348
0.0653168 0.00592804 0.065211 0.00590645
0.070709 0.00637526 0.0703842 0.00643567
0.0658513 0.00485516 0.0659608 0.00475585
0.0725717 0.0123671 0.0727788 0.0124217
0.0672318 0.00677645 0.067145 0.00672539
0.0678915 0.00851616 0.0678999 0.00860102
0.0693592 0.0119173 0.0693615 0.0121253
0.0647692 0.0053744 0.0648509 0.00542032
0.0631775 0.00310315 0.0629991 0.00316345
0.0626639 0.00377223 0.062431 0.00349918
0.0628597 0.0037966 0.0628365 0.00375689
0.06369 0.00980384 0.0636798 0.00995417
0.061883 0.00366442 0.0618032 0.00373405
0.0705638 0.0108301 0.0703137 0.011059
0.0618855 0.00585987 0.0616444 0.0060167
0.063068 0.00372567 0.0630901 0.00360274
0.0640443 0.00591616 0.0641287 0.00595713
0.0626649 0.00383348 0.0626488 0.00394589
0.0620816 0.00492261 0.0622766 0.00497869
0.0609566 0.00250982 0.0610447 0.00255627
0.0660509 0.00956823 0.0659596 0.00943591
0.0650679 0.00640402 0.0649636 0.00629669
0.0621917 0.00235153 0.062138 0.00248467
0.0614859 0.00304428 0.0616283 0.00304417
0.0619083 0.00333083 0.0620837 0.00343057
0.0626286 0.00390122 0.0625728 0.00376443
0.0628592 0.00470903 0.062798 0.00470174
0.0613169 0.00556624 0.0614405 0.00520975
0.0610095 0.00350269 0.0608416 0.0034426
0.0589631 0.00334826 0.0590545 0.00349918
0.0634664 0.00623827 0.0636127 0.00630094
0.0623043 0.00328794 0.0623834 0.00348032
0.0638796 0.00549201 0.0641246 0.00540058
0.0621561 0.00347545 0.0622989 0.0034697
0.0606116 0.00390302 0.0606921 0.0037767
0.0629271 0.0104637 0.0629106 0.0105049
0.0609208 0.00207042 0.0610455 0.0022006
0.0612657 0.00447626 0.0613278 0.00451344
0.0595462 0.00416007 0.0596684 0.00415327
0.0642506 0.0062362 0.0641232 0.00622046
0.0585871 0.00510235 0.0587088 0.00510152
