0.0474207 0.0150102 0.0471025 0.0149764
0.050175 0.0250959 0.0500122 0.0251626
0.0601928 0.0330021 0.0598604 0.0329771
0.0624718 0.0382572 0.0622142 0.0382683
0.0549712 0.029123 0.0546329 0.0291924
0.0462681 0.00972856 0.0460047 0.0096922
0.0525093 0.0175225 0.0523364 0.0174674
0.0552845 0.0245668 0.0550553 0.0245468
0.0512309 0.014823 0.0510101 0.0147408
0.0628443 0.0275506 0.0626491 0.0276059
0.0437068 0.00851341 0.0435357 0.00846506
0.047282 0.0118982 0.047123 0.0119053
0.0537238 0.0194344 0.0534632 0.0194309
0.0490858 0.016851 0.0488746 0.0168334
0.0522131 0.0242469 0.0520053 0.0242872
0.0504607 0.0209081 0.0502632 0.0209601
0.04462 0.011743 0.0443539 0.0117521
0.0519543 0.0100017 0.0517118 0.00999546
0.0455643 0.00961438 0.0453733 0.00960468
0.0555116 0.0255977 0.0552757 0.0256586
0.0484737 0.0112031 0.0482994 0.0112046
0.0469754 0.0161329 0.0467997 0.0161082
0.0589367 0.0301034 0.058803 0.030116
0.0424831 0.00536672 0.0422431 0.00536907
0.0546211 0.0196322 0.0544814 0.0196136
0.0510646 0.0276003 0.0508974 0.0276524
0.0532699 0.0232456 0.0531302 0.0233435
0.0461902 0.0102058 0.0459992 0.0101553
0.0546119 0.0244239 0.0544478 0.0244947
0.0530761 0.0218654 0.0530104 0.0219119
0.055915 0.0220784 0.055727 0.0221497
0.0459248 0.0143278 0.0458214 0.0142575
0.0615368 0.0280128 0.0614378 0.0280481
0.0462282 0.0142986 0.0460174 0.014292
0.0529069 0.0212876 0.0528083 0.021345
0.0540229 0.0193426 0.0538745 0.0193767
0.0470704 0.0136017 0.0468954 0.0136016
0.0424979 0.00698704 0.0424251 0.00691206
0.0488875 0.0158684 0.0487194 0.0158247
0.0511483 0.0181272 0.0510146 0.0181365
0.0540444 0.0110189 0.0538808 0.0109809
0.0528102 0.025579 0.0526969 0.0256413
0.0456339 0.0199578 0.045606 0.0199426
0.0440522 0.0084164 0.0439259 0.00844581
0.048522 0.0230871 0.0484937 0.0230622
0.0486801 0.0129392 0.0485295 0.0128893
0.0463474 0.0102935 0.046217 0.0103093
0.0481281 0.00987143 0.0479755 0.00979211
0.0437428 0.00929341 0.0437091 0.00915312
0.042376 0.00690405 0.0423059 0.00682299
0.0509183 0.0164226 0.0507894 0.0163597
0.0457982 0.0154485 0.0457159 0.0153915
0.0446501 0.0105393 0.0445906 0.0103845
0.0421651 0.00633982 0.042052 0.00620504
0.0529447 0.0204913 0.052837 0.0205744
0.0414735 0.0114502 0.0414518 0.0113193
0.0428064 0.00796953 0.0427319 0.00790767
0.0453325 0.0135977 0.0451815 0.0134636
0.048827 0.0113461 0.0487373 0.0112257
0.0506394 0.0134497 0.0504364 0.0134606
0.0465582 0.0117666 0.0464553 0.0117234
0.0597028 0.0289294 0.0596024 0.0289356
0.0445991 0.0124969 0.0446228 0.0123315
0.0406177 0.00582227 0.0405772 0.00571927
0.049288 0.0206495 0.0491597 0.020544
0.0472234 0.0117505 0.0471473 0.0116589
0.0481952 0.0114396 0.0480936 0.0112962
0.0515419 0.0152922 0.0514286 0.0151348
0.0503831 0.0163376 0.0503033 0.0163161
0.0551252 0.0134213 0.0550314 0.0133205
0.0490186 0.0205846 0.0490052 0.0204638
0.0454259 0.0109618 0.0454077 0.010797
0.0471297 0.0151298 0.0471337 0.0149534
0.0512299 0.0140406 0.0511394 0.0139131
0.0385105 0.00502167 0.0386612 0.00503
0.0442176 0.0133701 0.0441804 0.0131882
0.042705 0.0126874 0.0427024 0.0125978
0.0440334 0.0141703 0.0439984 0.0140257
0.0433661 0.0115115 0.043375 0.0114209
0.0432648 0.00907701 0.0432132 0.00899025
