0.445639 0.0762477 0.446646 0.0762701
0.428187 0.0507383 0.429382 0.051102
0.442169 0.0794232 0.443962 0.0798071
0.433646 0.0614322 0.434661 0.0622815
0.43767 0.0604399 0.439092 0.0612236
0.390775 0.0217129 0.391442 0.0218043
0.424052 0.0457689 0.42522 0.0462684
0.444884 0.0700597 0.446533 0.070391
0.45977 0.0828432 0.461091 0.0832485
0.459006 0.0815684 0.460448 0.0821258
0.441042 0.0687948 0.442829 0.0693612
0.487519 0.0906783 0.488941 0.0912312
0.449836 0.0669474 0.451156 0.0668738
0.460009 0.059336 0.461888 0.0602787
0.433864 0.0502591 0.435321 0.0511965
0.424778 0.0488231 0.426061 0.0495742
0.411044 0.0435543 0.412111 0.044448
0.430597 0.070588 0.43213 0.0712312
0.424897 0.0505952 0.426516 0.0513683
0.425554 0.0343076 0.426819 0.0348038
0.450009 0.0640515 0.451661 0.064935
0.407656 0.02883 0.408886 0.029147
0.429233 0.0660847 0.430292 0.0664593
0.436386 0.0670294 0.437767 0.0675157
0.461972 0.0634296 0.464038 0.0642399
0.416654 0.0634552 0.418246 0.0643507
0.42352 0.0498612 0.424707 0.0508227
0.40266 0.0500406 0.403942 0.0510365
0.417552 0.0704869 0.418902 0.070896
0.385329 0.0358139 0.386446 0.0362401
0.439051 0.0536038 0.440854 0.0539972
0.435543 0.0699287 0.437056 0.0714146
0.415931 0.0364863 0.417425 0.0368476
0.416748 0.0760989 0.41751 0.0769975
0.4177 0.0390694 0.41952 0.039805
0.413251 0.0440929 0.414635 0.0448577
0.414065 0.0639157 0.415247 0.0653069
0.442559 0.0498456 0.4441 0.0505267
0.421312 0.0533069 0.422726 0.0535605
0.397394 0.0453086 0.398145 0.0463869
0.392927 0.0224755 0.393703 0.0230481
0.439434 0.0672378 0.440946 0.0680996
0.430052 0.0688059 0.431763 0.0698649
0.410626 0.0444684 0.412192 0.045331
0.402926 0.0524947 0.404001 0.0532181
0.40927 0.046882 0.410562 0.0475126
0.406152 0.0435905 0.407062 0.0440146
0.400964 0.0405597 0.402181 0.0411977
0.399353 0.0589356 0.400667 0.0593289
0.392417 0.0321504 0.39292 0.0325425
0.404441 0.0499492 0.4055 0.0502277
0.403476 0.0495905 0.403772 0.0507305
0.401631 0.0428074 0.402372 0.0432322
0.411455 0.067578 0.412096 0.0684279
0.402912 0.0461523 0.403936 0.046684
0.417868 0.0594181 0.418943 0.0595453
0.385011 0.0322464 0.385888 0.0321373
0.39452 0.0471092 0.39512 0.0469844
0.397381 0.0224949 0.398614 0.0228098
0.383534 0.0278329 0.383907 0.0277774
0.377677 0.0148716 0.378118 0.0151122
0.387428 0.0474486 0.388087 0.0482997
0.385422 0.0434007 0.386135 0.0438899
0.38293 0.02654 0.383781 0.026465
0.387246 0.0253828 0.388425 0.0254309
0.413473 0.0416678 0.414466 0.0421001
0.374893 0.0329591 0.374948 0.0333138
0.37139 0.0203055 0.372029 0.0203126
0.381911 0.038877 0.38278 0.039482
0.396634 0.0466031 0.397151 0.0467623
0.383319 0.0457228 0.383936 0.0461251
0.388586 0.0476769 0.389101 0.0485985
0.385878 0.0259605 0.387003 0.0253118
0.383226 0.0334465 0.384102 0.0332495
0.388017 0.0408267 0.388413 0.0411239
0.36822 0.0262676 0.368572 0.0268146
0.366375 0.0221562 0.367524 0.0220119
0.386836 0.0526535 0.387421 0.0531723
0.393789 0.0493454 0.394746 0.0493076
0.392263 0.0597372 0.393238 0.0599862
