0.0387993 0.00453486 0.0388048 0.0045154
0.0379945 0.00169664 0.0379051 0.00172447
0.0379523 0.00152811 0.0378146 0.00160235
0.0371004 0.00113479 0.0369635 0.00104413
0.0385307 0.00171853 0.0384933 0.0017205
0.0388226 0.00335964 0.0388489 0.00345131
0.0372216 0.00205186 0.0371942 0.00199211
0.0378973 0.00144429 0.0379601 0.00153247
0.0371966 0.0015733 0.0371082 0.00158248
0.0377587 0.00231022 0.0377785 0.00235257
0.0378953 0.00235116 0.0377605 0.00226787
0.0374427 0.00228224 0.0373568 0.00244031
0.0383638 0.00192549 0.0383276 0.00189526
0.0366296 0.00144424 0.0366403 0.00152656
0.038562 0.00362864 0.0385471 0.00363257
0.0358021 0.000967137 0.0358024 0.000968481
0.0371907 0.00255172 0.0371913 0.00252397
0.0373009 0.00209705 0.0373473 0.00217294
0.0374092 0.00307272 0.0374515 0.00305346
0.0375323 0.00250244 0.0374786 0.00248183
0.0361469 0.00135257 0.0361309 0.00136202
0.036317 0.00128098 0.0362989 0.0014144
0.035945 0.00106337 0.0359636 0.00100835
0.0367237 0.00254429 0.0367215 0.0025519
0.0354495 0.00158719 0.0354316 0.00167604
0.0365005 0.00237332 0.0364582 0.00232614
0.0362263 0.00159985 0.0363164 0.00158564
0.0363934 0.0022113 0.0362522 0.00223396
0.0361307 0.00122145 0.0361633 0.00132192
0.0360944 0.00222134 0.0360147 0.00226894
0.0373758 0.00230889 0.0373426 0.00223704
0.0356123 0.00177259 0.0355772 0.00177851
0.0369972 0.00217756 0.0369522 0.00226623
0.0357168 0.00214312 0.0357654 0.00219312
0.0357125 0.000893724 0.0357982 0.000894823
0.0358985 0.00124933 0.0359135 0.00127735
0.0348141 0.000939731 0.0348478 0.00105984
0.0362297 0.00204407 0.0362283 0.00196172
0.0353627 0.00200126 0.0354467 0.00212072
0.0348498 0.00167598 0.0349335 0.00168987
0.0353929 0.00145206 0.0354599 0.00142411
0.0349953 0.002035 0.035013 0.00203342
0.0352074 0.00247028 0.0353191 0.00241247
0.0400079 0.0076551 0.0400054 0.00767431
0.0349896 0.00315238 0.035108 0.003045
0.0354326 0.00278228 0.0355139 0.00275786
0.0346269 0.00130283 0.0347646 0.00125403
0.0353353 0.00293339 0.035486 0.00284384
0.0366665 0.00617854 0.0366457 0.00613405
0.0370393 0.00527949 0.0371293 0.00515441
0.0349352 0.00358686 0.035029 0.00357986
0.0337565 0.000835419 0.0339731 0.000857914
0.0351595 0.00385629 0.0351865 0.00380157
0.0349211 0.00245734 0.0348414 0.00241232
0.0336859 0.00151539 0.0338213 0.00145783
0.0351477 0.00200107 0.0352211 0.00204715
0.0343142 0.00244531 0.0344864 0.00238518
0.0337291 0.00204652 0.0338951 0.00202328
0.0350086 0.00256381 0.0351034 0.00255673
0.0353133 0.0032825 0.0354211 0.00333016
0.0337404 0.00288775 0.0338829 0.00281397
0.0344282 0.00198717 0.0345284 0.00187964
0.0344532 0.00297636 0.0345259 0.00297216
0.0342261 0.00174861 0.0343125 0.00169257
0.0335121 0.00210225 0.0336179 0.0019704
0.0335756 0.00250551 0.0337895 0.00249745
0.0347925 0.00409417 0.0349556 0.00403576
0.0336206 0.00216939 0.0337534 0.00215588
0.0331839 0.00103188 0.0333637 0.00103977
0.0347917 0.00261342 0.0348649 0.00261813
0.035305 0.00423607 0.0355259 0.00414275
0.033039 0.00101311 0.0331938 0.00102843
0.0334139 0.00234362 0.0336003 0.00240866
0.0349882 0.0056763 0.0350576 0.00570255
0.0343458 0.00194761 0.0345695 0.00195893
0.034795 0.00319507 0.0348691 0.00311052
0.0330278 0.00120902 0.0331423 0.0012934
0.0322442 0.00105377 0.0323505 0.00103124
0.0337447 0.00290979 0.0339597 0.00300294
0.0352112 0.00536569 0.0353503 0.00531784
