0.0700868 0.00498016 0.0698598 0.00529384
0.0686101 0.00590281 0.0682725 0.00582391
0.0740483 0.00927083 0.0742326 0.00955953
0.0717839 0.00944226 0.0715504 0.00965114
0.0713122 0.00799125 0.071252 0.00842042
0.0684565 0.00489973 0.0683767 0.00528561
0.0696027 0.00811289 0.0691982 0.00794271
0.0674433 0.00578824 0.0671936 0.00570238
0.0657083 0.00358152 0.0656339 0.00334402
0.0664237 0.00518249 0.0662358 0.00517534
0.0681856 0.00493984 0.0680097 0.00493293
0.0668266 0.00469991 0.066707 0.00461591
0.0674284 0.00619304 0.067254 0.00610692
0.0674723 0.00696368 0.067219 0.00705438
0.0666437 0.00852457 0.0664747 0.00859694
0.0711495 0.0150796 0.0711082 0.0153424
0.0633411 0.00441712 0.0631755 0.00434509
0.0633566 0.00680343 0.0631206 0.00678951
0.0640268 0.0033597 0.0640631 0.0032575
0.0616074 0.00287813 0.0614452 0.00296962
0.0669978 0.00555205 0.0667668 0.00561844
0.0620197 0.0028271 0.0621384 0.00273674
0.0624908 0.00436426 0.0622019 0.00439984
0.0670848 0.00990969 0.0672177 0.00989331
0.0639018 0.00391738 0.063783 0.0039683
0.0645275 0.00646167 0.0644937 0.00653694
0.0679304 0.0112231 0.0677021 0.0113659
0.0635523 0.00497411 0.0633457 0.00434503
0.0628928 0.00377054 0.0629088 0.00380699
0.0627393 0.00455694 0.0626421 0.00444499
0.0621426 0.00472646 0.0621462 0.0046869
0.0618476 0.00766535 0.0616304 0.00796258
0.0617971 0.00341347 0.0616616 0.00348161
0.0615297 0.00162486 0.0617436 0.00177106
0.060094 0.00437138 0.0600447 0.00400247
0.0637779 0.007179 0.0636656 0.00741248
0.0605085 0.00370398 0.0607178 0.00371511
0.0611877 0.00581102 0.0610876 0.00566572
0.0604359 0.00296095 0.0605271 0.00301523
0.0622778 0.00458223 0.0620594 0.00473816
0.0615536 0.00606959 0.0614523 0.00605186
0.0586108 0.00340534 0.0584155 0.00339522
0.0601918 0.00328715 0.0603194 0.00305212
0.0592614 0.00368052 0.059078 0.00374818
0.0576527 0.00349267 0.0576073 0.00339249
0.0564428 0.00293427 0.0566251 0.00317829
0.0594995 0.00383447 0.059502 0.00372967
0.0597261 0.00456132 0.0597347 0.00458071
0.0613539 0.00827123 0.0614957 0.00822521
0.0562774 0.00375461 0.0562573 0.00381335
0.0582959 0.00401622 0.0584946 0.00421769
0.059648 0.00459816 0.0597774 0.00480038
0.0580797 0.00478214 0.0581685 0.00481616
0.0592675 0.00321953 0.05943 0.00320284
0.0588712 0.00519989 0.0589588 0.00518964
0.0594276 0.0018918 0.0595003 0.00196437
0.0565854 0.00234946 0.0563308 0.00231855
0.057418 0.00337769 0.0574792 0.00343658
0.0585367 0.00683108 0.0585291 0.00659279
0.0573763 0.00463189 0.0574921 0.00455482
0.0585112 0.00468274 0.0586797 0.00456181
0.0584074 0.00293451 0.0587794 0.00263821
0.058482 0.0034628 0.0588069 0.0033109
0.0557154 0.00426796 0.0559206 0.00406721
0.0564559 0.00364846 0.0564689 0.00367652
0.0567334 0.0042824 0.0569558 0.00420185
0.0560119 0.00328963 0.0562417 0.00302687
0.057855 0.00360834 0.0579687 0.00359984
0.0565528 0.00362246 0.0567411 0.00361052
0.0573373 0.0043831 0.0574979 0.00439784
0.0538462 0.00214498 0.054201 0.00195678
0.0571208 0.00287695 0.0571583 0.00293855
0.0565876 0.00624086 0.056923 0.00614105
0.0559381 0.00266525 0.0562931 0.0027074
0.0537683 0.00343449 0.0539183 0.00333427
0.0563144 0.00397921 0.0564888 0.00398047
0.0546304 0.00285633 0.0547723 0.00256151
0.0584686 0.00305426 0.0588966 0.00309227
0.0552118 0.00245167 0.055701 0.00234279
0.0573207 0.00304786 0.0574675 0.00301222
