0.0758899 0.0154349 0.0754604 0.0156734
0.0781701 0.00306533 0.0777985 0.0033917
0.0776897 0.00496468 0.0769248 0.00493036
0.0765795 0.00604356 0.0763594 0.00606155
0.077156 0.00652367 0.0771229 0.00661576
0.077781 0.00486135 0.0774556 0.00479208
0.0786948 0.00764747 0.0784617 0.00757816
0.0783314 0.00661158 0.0780502 0.00693226
0.0757465 0.00657771 0.0753345 0.00679781
0.0752835 0.00854913 0.0749328 0.00862886
0.0730221 0.00543575 0.0731546 0.0057155
0.0747711 0.00317074 0.0745143 0.00330315
0.0773859 0.00562603 0.0772644 0.00569869
0.0711661 0.00165461 0.0708635 0.00182989
0.0751093 0.007047 0.0748205 0.00699442
0.0764835 0.0112781 0.0763977 0.0113172
0.076587 0.0106697 0.0766492 0.010431
0.0742229 0.0059116 0.0739412 0.00610495
0.0760343 0.00429228 0.0762391 0.00423378
0.0720742 0.00723445 0.0718685 0.00727603
0.0766795 0.00745085 0.0764498 0.00743553
0.0710871 0.00257339 0.0709044 0.00267616
0.0704023 0.00425495 0.070175 0.00423961
0.0771582 0.0124892 0.0773791 0.0128225
0.0674469 0.00277951 0.0673836 0.0031771
0.0737336 0.00822039 0.0735979 0.00819165
0.0718657 0.00529798 0.0715421 0.00524448
0.0657354 0.00308768 0.065774 0.00313963
0.0696283 0.00465934 0.0696378 0.00483633
0.0690168 0.00503361 0.0686582 0.00527722
0.070142 0.00448154 0.070084 0.00461337
0.0663854 0.00346866 0.0664324 0.00357545
0.0686632 0.00459985 0.0688247 0.00465246
0.0722676 0.00923793 0.0723694 0.00936315
0.0690316 0.00581611 0.0689922 0.00579749
0.0654005 0.00342223 0.0653893 0.00382811
0.0708862 0.00884264 0.0710027 0.00888576
0.067708 0.0039066 0.0675931 0.00389625
0.0696002 0.00793793 0.0695555 0.00817491
0.0691461 0.00553485 0.0691711 0.00572105
0.0668068 0.00740513 0.0670145 0.00764832
0.0675862 0.00443421 0.0671908 0.00408725
0.0669848 0.00451714 0.0668417 0.00477892
0.0673377 0.00374529 0.0673109 0.00370682
0.0698988 0.00728088 0.0698613 0.00727491
0.0663944 0.00426903 0.0663302 0.00457516
0.0648489 0.00468689 0.0647814 0.00488532
0.0679538 0.00400162 0.0678863 0.00381748
0.0630142 0.00351102 0.063147 0.00343137
0.0660482 0.00827933 0.0660411 0.00839121
0.0612474 0.00211009 0.0612751 0.00238962
0.0655531 0.00285972 0.0658263 0.00284999
0.065046 0.00632162 0.0647698 0.00618495
0.0665719 0.00544374 0.066681 0.00508205
0.0630309 0.00287524 0.0631712 0.00275981
0.0635186 0.00247684 0.063557 0.00256355
0.0641718 0.00459689 0.0643722 0.00455066
0.0635121 0.00544432 0.0638005 0.00556446
0.0619754 0.00380754 0.0621214 0.00349198
0.0639414 0.00476649 0.0640076 0.00470216
0.0650329 0.00534857 0.0651697 0.00565024
0.0627323 0.00477274 0.0630826 0.00469472
0.0631469 0.0048543 0.0632009 0.0046142
0.0620878 0.00455733 0.0622384 0.00448769
0.0633763 0.00447636 0.0635601 0.00458323
0.0626417 0.00537416 0.062621 0.00525555
0.061557 0.00264349 0.0618355 0.002613
0.061645 0.0051214 0.0620267 0.00551127
0.0619254 0.00360323 0.0620094 0.00366965
0.0622076 0.00433619 0.0625222 0.00424902
0.0624348 0.00515111 0.0628918 0.00499601
0.0603169 0.00260698 0.0601592 0.00242456
0.0614383 0.00344625 0.0615767 0.00335617
0.0637545 0.0056565 0.0640776 0.00533362
0.0621601 0.00366799 0.0623532 0.00389012
0.0607367 0.00329036 0.0609695 0.00313444
0.0608823 0.00324695 0.0609951 0.00313553
0.0611052 0.00277672 0.061594 0.0026396
0.0634742 0.00544254 0.0635426 0.00519033
0.0611453 0.0028044 0.0611341 0.00258026
