0.246985 0.0110335 0.246549 0.0110008
0.283691 0.005476 0.282739 0.00549899
0.290728 0.00577239 0.29041 0.00557116
0.29361 0.00613609 0.29361 0.00615037
0.297452 0.00486527 0.297419 0.00510456
0.301749 0.00493484 0.300388 0.00464191
0.305556 0.00352055 0.30424 0.00359582
0.307018 0.00303342 0.306589 0.00306399
0.311333 0.00296003 0.311107 0.00284186
0.315921 0.00274342 0.315529 0.00243696
0.321391 0.00209001 0.321288 0.0022855
0.325658 0.00215974 0.325676 0.00192787
0.331738 0.00150655 0.331041 0.00205055
0.34146 0.00754966 0.340136 0.00741538
0.343278 0.00336385 0.341636 0.00311771
0.349778 0.00301636 0.349178 0.00294016
0.356596 0.00417814 0.356157 0.00463724
0.360285 0.00259351 0.359088 0.00262789
0.365102 0.00306322 0.364787 0.00278404
0.371945 0.00355994 0.372601 0.00217445
0.382813 0.00776848 0.380347 0.00604505
0.3838 0.00392953 0.38247 0.00322175
0.39085 0.00447621 0.389471 0.00259113
0.394074 0.00621003 0.394237 0.00430077
0.401922 0.00419169 0.402219 0.00441994
0.408429 0.00528782 0.408877 0.00347528
0.412812 0.0053087 0.413194 0.00349955
0.420051 0.00356622 0.418471 0.00448009
0.425972 0.00720791 0.42466 0.00569079
0.432831 0.00480378 0.431541 0.00548585
0.436626 0.00556716 0.436467 0.00356852
0.443655 0.00669301 0.443556 0.00620617
0.449475 0.00590578 0.447643 0.00649509
0.456435 0.0103037 0.454556 0.0116895
0.459377 0.00876307 0.460187 0.00851481
0.467564 0.006437 0.465792 0.00597588
0.469142 0.00609322 0.467883 0.00696796
0.472576 0.00766781 0.474161 0.00615758
0.4789 0.00501468 0.477058 0.00587004
0.483297 0.00521809 0.482593 0.00567308
0.486185 0.00477381 0.486599 0.00477339
0.495113 0.00759532 0.494386 0.00645219
0.499528 0.00545397 0.498133 0.00358549
0.499463 0.00408613 0.500627 0.00453445
0.505769 0.00689763 0.505259 0.00568329
0.509811 0.00416373 0.509428 0.00433752
0.511063 0.00632436 0.508915 0.00427654
0.514831 0.0038975 0.514163 0.00348275
0.51795 0.00481095 0.517718 0.00389805
0.524071 0.00450044 0.521925 0.00538094
0.52504 0.00523721 0.522721 0.00473917
0.529098 0.00701165 0.526832 0.00536259
0.527624 0.00284177 0.530957 0.00414986
0.53256 0.0043496 0.531877 0.00408694
0.536369 0.00436704 0.536881 0.00414085
0.541254 0.00639399 0.542245 0.00580113
0.543803 0.0052139 0.543251 0.00550079
0.548418 0.00864019 0.54913 0.00976293
0.548816 0.00464306 0.548043 0.0039885
0.552176 0.00440872 0.552987 0.00367154
0.552442 0.00493593 0.550856 0.00345988
0.557579 0.0046581 0.556425 0.00446449
0.558891 0.00524612 0.558533 0.00473167
0.563751 0.00383829 0.562324 0.00378433
0.562092 0.00281376 0.561514 0.00349389
0.570027 0.00594629 0.567224 0.00601487
0.571177 0.00496338 0.57017 0.00312808
0.571662 0.00330097 0.571028 0.0041144
0.573408 0.00480231 0.573393 0.00471082
0.575985 0.00453792 0.572822 0.00351566
0.5785 0.00476998 0.578762 0.00146
0.577871 0.00425636 0.576315 0.0036764
0.581093 0.00681887 0.580809 0.00544625
0.5821 0.00576055 0.580496 0.0045176
0.584083 0.00250248 0.58058 0.00310019
0.584932 0.00391735 0.583375 0.00221667
0.588535 0.00616211 0.587097 0.00417731
0.589149 0.00416327 0.587935 0.00315618
0.588772 0.00439125 0.589733 0.00368838
0.592334 0.00402939 0.591806 0.00270434
0.594821 0.00466901 0.594041 0.00300912
0.593867 0.00246526 0.593546 0.0027627
0.596535 0.0046032 0.596094 0.00391508
0.598951 0.003565 0.598183 0.00405541
0.598432 0.00341963 0.598887 0.00392396
0.601257 0.00477802 0.597922 0.00268244
0.601156 0.00309201 0.600236 0.00333658
0.602767 0.00501382 0.604447 0.004332
0.602907 0.00464188 0.602981 0.00451276
0.603185 0.00395903 0.603212 0.00445302
0.607658 0.00386964 0.606103 0.00315816
0.607463 0.00304157 0.605547 0.00280503
0.608507 0.00403636 0.610078 0.00386604
0.6096 0.00250357 0.608161 0.00256804
0.612064 0.00503979 0.609665 0.0027782
0.611839 0.00402867 0.61181 0.00319419
0.612421 0.00421998 0.612571 0.00370186
0.613797 0.00451434 0.61426 0.00264902
0.614863 0.0035013 0.613119 0.00260944
0.616088 0.00282718 0.614198 0.00223181
