0.409539 0.0995988 0.409675 0.099682
0.398802 0.0653386 0.399294 0.0657229
0.48335 0.124074 0.483673 0.124244
0.391871 0.0743046 0.392252 0.074777
0.387793 0.0844114 0.388093 0.0853265
0.444393 0.113344 0.4448 0.113449
0.441991 0.0835516 0.442658 0.0838442
0.41609 0.121236 0.416069 0.121267
0.440995 0.115027 0.441451 0.115514
0.435068 0.113407 0.435582 0.113766
0.416925 0.0862341 0.417727 0.0867251
0.451251 0.121704 0.451625 0.12203
0.482758 0.101947 0.483379 0.1021
0.35858 0.0385857 0.358767 0.0389818
0.438964 0.0933122 0.439476 0.0936903
0.378964 0.0682184 0.3794 0.0689751
0.407849 0.054916 0.408568 0.0555578
0.408731 0.0843423 0.40925 0.0849067
0.41565 0.0937416 0.416209 0.0941683
0.399461 0.101286 0.3996 0.101818
0.384478 0.0516293 0.384929 0.0520313
0.380976 0.0822071 0.381209 0.0826845
0.465201 0.0967284 0.465757 0.0966579
0.38174 0.0760587 0.382236 0.0764808
0.385162 0.0792092 0.385449 0.0797845
0.401892 0.0998311 0.402216 0.100251
0.384091 0.0779952 0.384705 0.0782937
0.35845 0.0381764 0.358917 0.0388138
0.465909 0.116872 0.466305 0.116998
0.391016 0.0800877 0.391574 0.0802355
0.422952 0.0921402 0.423669 0.0927749
0.40114 0.0753971 0.401655 0.075722
0.391184 0.0858678 0.391603 0.0857917
0.365425 0.0624282 0.365634 0.062907
0.40103 0.0954414 0.401422 0.095438
0.410128 0.0776418 0.410725 0.078482
0.382901 0.0745169 0.383357 0.0757004
0.416449 0.0689025 0.417559 0.0696076
0.358949 0.0499489 0.35924 0.0508968
0.374812 0.0716735 0.375269 0.0722964
0.386951 0.0869652 0.387341 0.0873994
0.384269 0.0627094 0.384903 0.063232
0.411919 0.0969089 0.412403 0.0969944
0.380716 0.0569546 0.381447 0.0573235
0.37926 0.054167 0.379932 0.054812
0.380372 0.0707694 0.380778 0.0708875
0.39039 0.0864882 0.39094 0.086868
0.405441 0.0784182 0.406297 0.0795363
0.396088 0.0695924 0.396882 0.0701018
0.368938 0.0748372 0.369585 0.0752023
0.434701 0.109394 0.435336 0.109687
0.372156 0.0518976 0.372895 0.0526386
0.403051 0.0800146 0.403805 0.0811158
0.397576 0.0824979 0.398169 0.0828853
0.393636 0.0897087 0.394399 0.0898684
0.344719 0.049466 0.344951 0.0499714
0.349532 0.0494522 0.35 0.0497681
0.385532 0.0739453 0.386043 0.0746266
0.377488 0.0660728 0.378109 0.0668195
0.339009 0.0322352 0.339496 0.0325601
0.374447 0.0393784 0.374997 0.0395664
0.362355 0.0439236 0.362877 0.043743
0.349374 0.0503285 0.349754 0.050858
0.365455 0.0470276 0.366164 0.0475734
0.340526 0.0319846 0.340664 0.0323557
0.362782 0.0498538 0.362885 0.0501455
0.352068 0.041096 0.352627 0.04145
0.362075 0.0527334 0.362653 0.0530801
0.34489 0.0248713 0.34537 0.0248086
0.36684 0.0669443 0.3675 0.0671148
0.364474 0.0493626 0.36453 0.0498533
0.364555 0.0581321 0.365204 0.058402
0.371175 0.0518007 0.371708 0.0520972
0.372802 0.0713925 0.373344 0.0721486
0.346702 0.0243926 0.346925 0.0245332
0.353931 0.0444297 0.354644 0.0445185
0.355204 0.0546696 0.35556 0.0549717
0.343507 0.028887 0.344125 0.0286999
0.339181 0.0313078 0.339613 0.0312721
0.350318 0.0371756 0.350516 0.0369995
