0.330584 0.0745609 0.330468 0.0753984
0.306687 0.0169779 0.306188 0.0172603
0.327989 0.0332334 0.327644 0.0337892
0.310653 0.0114843 0.310304 0.0117202
0.306234 0.0131854 0.305703 0.0131755
0.304331 0.0123225 0.303827 0.0127978
0.308309 0.0267255 0.3079 0.027007
0.311118 0.0168015 0.310506 0.0169522
0.307022 0.0211547 0.306576 0.0216583
0.342535 0.0822417 0.342565 0.0828658
0.315145 0.0157731 0.314738 0.0158879
0.302231 0.00951565 0.301863 0.00956716
0.307308 0.00988679 0.3069 0.0100163
0.308391 0.0126083 0.307959 0.0124966
0.310166 0.0253433 0.30971 0.0257468
0.311181 0.0218688 0.311016 0.0221173
0.306482 0.0106019 0.30577 0.0107467
0.307517 0.0122662 0.307192 0.0125295
0.313392 0.0404544 0.313052 0.0413072
0.308064 0.0129476 0.30749 0.0132504
0.307798 0.0190863 0.30739 0.0192747
0.309596 0.0162934 0.309152 0.0167126
0.308742 0.0233181 0.307989 0.0234217
0.305188 0.0166391 0.305163 0.0166701
0.31269 0.0184081 0.312346 0.0183143
0.304137 0.0132392 0.303755 0.0131443
0.303883 0.0107166 0.303425 0.0105883
0.318522 0.0446743 0.318557 0.0451201
0.301918 0.0123465 0.301748 0.0121048
0.302501 0.0138496 0.302248 0.0136673
0.301459 0.0106312 0.30119 0.010524
0.325824 0.0522143 0.325738 0.0529553
0.301704 0.00931126 0.301329 0.00918548
0.30253 0.00813905 0.302183 0.00820216
0.298623 0.00455082 0.298358 0.00439975
0.309871 0.0224826 0.310014 0.0224787
0.309127 0.017976 0.308488 0.017677
0.30463 0.0204275 0.304699 0.0204499
0.29981 0.0100818 0.299642 0.0100626
0.302951 0.0123934 0.302256 0.012153
0.302225 0.0163667 0.302143 0.0163766
0.29955 0.00679564 0.299236 0.00701657
0.294678 0.00580854 0.29468 0.00594991
0.303202 0.00956926 0.303023 0.00951712
0.300067 0.0200828 0.299999 0.0200295
0.302332 0.0121013 0.302127 0.0122336
0.295177 0.0094791 0.295072 0.00920452
0.293512 0.00604326 0.29374 0.00592616
0.299324 0.017561 0.299388 0.0173728
0.292766 0.00644191 0.292987 0.00629402
0.300413 0.0122528 0.300492 0.0120349
0.300132 0.0155928 0.300038 0.0152651
0.300137 0.0137659 0.300407 0.0136242
0.301487 0.0235846 0.301444 0.023495
0.29762 0.011445 0.297718 0.0113758
0.300563 0.0151871 0.300677 0.0150365
0.295282 0.0100644 0.29513 0.00997527
0.296547 0.0162045 0.296534 0.0157495
0.29522 0.00895742 0.294862 0.00876914
0.295224 0.00560545 0.295976 0.00554769
0.293245 0.00604386 0.293342 0.00590929
0.305098 0.0245977 0.305006 0.0242021
0.295805 0.0184191 0.296137 0.0182981
0.297082 0.018683 0.297183 0.0185145
0.293661 0.0153674 0.294147 0.0152358
0.291918 0.0120858 0.292212 0.0120124
0.30172 0.0374291 0.301811 0.037375
0.295092 0.0173353 0.295271 0.0170507
0.286742 0.00765132 0.286753 0.00739182
0.291163 0.0103566 0.291456 0.0107684
0.292251 0.0181808 0.292677 0.0181983
0.296085 0.0193502 0.29632 0.0188868
0.293894 0.0245319 0.294181 0.0243825
0.292243 0.00807023 0.29242 0.00834056
0.311111 0.0259614 0.311421 0.0258412
0.30037 0.032738 0.300472 0.0329748
0.285296 0.00790637 0.285535 0.00800623
0.300698 0.028239 0.300955 0.0277963
0.302869 0.0254212 0.303038 0.025201
0.287355 0.0157732 0.287509 0.0157158
