0.274608 0.00503301 0.274148 0.00508451
0.279499 0.00917234 0.279083 0.00925507
0.274217 0.00820992 0.273735 0.00827309
0.27376 0.00792002 0.273294 0.00798587
0.275028 0.00967394 0.274526 0.00975786
0.273558 0.0100746 0.273032 0.0101678
0.268496 0.00225286 0.267928 0.00225107
0.268148 0.00182514 0.267583 0.00183813
0.277326 0.01246 0.2768 0.0125722
0.272736 0.00846219 0.272125 0.00852867
0.268187 0.00162141 0.267582 0.0016287
0.267834 0.00235541 0.267181 0.00235188
0.272593 0.00658698 0.271982 0.00665191
0.268269 0.00246273 0.267623 0.00245289
0.273335 0.0114649 0.272742 0.0115502
0.267563 0.00227743 0.266891 0.00226447
0.267422 0.00215302 0.266742 0.00215374
0.268599 0.00232576 0.267893 0.00231542
0.272549 0.0117835 0.271912 0.0118898
0.271072 0.00775132 0.270378 0.00781017
0.267342 0.00338592 0.266654 0.003322
0.27597 0.0183939 0.275344 0.0184935
0.265768 0.00268668 0.265088 0.00262852
0.27041 0.00896873 0.269724 0.00897902
0.270065 0.00608848 0.269348 0.0060888
0.266506 0.00416916 0.265806 0.00409602
0.264837 0.00491656 0.264165 0.00485355
0.266117 0.00584255 0.265465 0.00577592
0.268569 0.00736168 0.267878 0.00735222
0.266943 0.00411659 0.26622 0.00404269
0.26656 0.0073091 0.265888 0.00731439
0.264163 0.00370406 0.263509 0.00364022
0.264479 0.00231141 0.263822 0.00224382
0.269188 0.00942245 0.268509 0.00944409
0.270329 0.0073934 0.269598 0.00732629
0.263402 0.00375588 0.262763 0.00368405
0.264378 0.009019 0.263784 0.00901207
0.264739 0.00889022 0.264142 0.00883175
0.268164 0.0103076 0.267545 0.0103618
0.266092 0.00536407 0.265412 0.00527007
0.262408 0.00231303 0.261795 0.00228251
0.266752 0.0143129 0.266168 0.0143523
0.267702 0.00846961 0.267024 0.0083739
0.263135 0.00641675 0.262583 0.00640103
0.261893 0.00460499 0.261311 0.00451882
0.261612 0.00160018 0.261062 0.00153665
0.265093 0.0114434 0.264501 0.011314
0.260768 0.00382188 0.260203 0.00372096
0.262232 0.00597384 0.261682 0.00586066
0.262124 0.00644484 0.261619 0.00641447
0.272246 0.0394024 0.271815 0.0396055
0.259033 0.00179884 0.258524 0.00176915
0.264104 0.0116281 0.263542 0.0114951
0.260411 0.00515673 0.259903 0.00506159
0.265193 0.0131284 0.264638 0.0129903
0.259702 0.00390977 0.259198 0.00385444
0.262882 0.00906513 0.262375 0.00898638
0.256859 0.00435771 0.256403 0.00428879
0.266492 0.0210413 0.266066 0.021163
0.254543 0.00569956 0.254132 0.00563631
0.256433 0.00514649 0.255988 0.00510706
0.255496 0.00471554 0.255068 0.00465955
0.256773 0.00606656 0.256356 0.00598817
0.263695 0.0168219 0.263221 0.0166791
0.257329 0.00461548 0.256883 0.00456157
0.252845 0.00599586 0.252492 0.00593616
0.257903 0.00439755 0.257474 0.00431942
0.254483 0.0079088 0.254094 0.00778385
0.253502 0.00414743 0.25312 0.00409062
0.262387 0.0200362 0.261941 0.0199583
0.258817 0.00659525 0.258378 0.00648933
0.266392 0.0388207 0.266 0.0387766
0.255796 0.00640437 0.255391 0.00624313
0.264962 0.0173709 0.264451 0.017211
0.255001 0.00454265 0.25459 0.00446336
0.254633 0.0056915 0.254224 0.00559472
0.253387 0.00825575 0.252984 0.00808937
0.256405 0.0157035 0.256017 0.0155824
0.251418 0.00888293 0.251032 0.00868142
0.254363 0.00985452 0.253964 0.00966237
