0.0214686 0.00141827 0.0214237 0.00141246
0.0297265 0.00170385 0.029691 0.00157111
0.0334655 0.00146015 0.0332327 0.00151476
0.0358053 0.00166193 0.0356856 0.00162284
0.0376381 0.00228378 0.037577 0.00226944
0.039246 0.00151738 0.0391045 0.00159716
0.0429109 0.00213334 0.042864 0.00196581
0.0442637 0.00083307 0.0441884 0.000931608
0.0468202 0.00182869 0.0465174 0.0017613
0.049474 0.00258928 0.0495275 0.00247354
0.0524154 0.00171314 0.0522215 0.00166161
0.0556354 0.00203613 0.0555975 0.0016624
0.0582466 0.00338433 0.0577413 0.00352412
0.0629229 0.00454164 0.0627011 0.00466426
0.0660418 0.00397245 0.0658918 0.00390422
0.0663614 0.00384063 0.0661987 0.00390912
0.0698141 0.00347519 0.0696865 0.00338611
0.0744494 0.00438614 0.0741935 0.00426873
0.077518 0.00513382 0.0774586 0.00499113
0.0770349 0.00432889 0.0764986 0.00436494
0.0830511 0.00535928 0.0828123 0.00545315
0.0880618 0.00392212 0.0881483 0.00417834
0.0861607 0.00340339 0.0864175 0.00339085
0.0897657 0.00472498 0.0896221 0.00449939
0.0925884 0.00504408 0.0921662 0.00536866
0.0952565 0.00480119 0.0952746 0.00494567
0.0972997 0.00597186 0.0970099 0.00578973
0.100858 0.00591908 0.100541 0.00635903
0.101085 0.0056669 0.100885 0.005367
0.103336 0.00319698 0.103159 0.00390786
0.106177 0.00516408 0.105579 0.00513965
0.109285 0.00444356 0.109341 0.00485821
0.10876 0.00481211 0.107793 0.00505151
0.111722 0.00645285 0.111605 0.00602391
0.11402 0.00654601 0.113697 0.00623988
0.115344 0.00528688 0.115584 0.00559969
0.1195 0.00522537 0.118864 0.00556539
0.119109 0.00521092 0.119228 0.00535481
0.122067 0.00507565 0.122464 0.00523121
0.12334 0.00503419 0.122755 0.0053673
0.124707 0.00663375 0.124552 0.00748732
0.125629 0.00378288 0.124811 0.00419731
0.127896 0.00392326 0.127624 0.0037363
0.131278 0.00656241 0.131089 0.00635675
0.130727 0.00445589 0.129909 0.00432813
0.13195 0.00467579 0.131227 0.00394495
0.133773 0.00448779 0.133546 0.00416722
0.135009 0.00509526 0.134458 0.00514986
0.137739 0.00304486 0.137288 0.00349866
0.137607 0.00441256 0.137547 0.00444916
0.136722 0.00551862 0.137086 0.00540237
0.141457 0.00490367 0.140695 0.00461263
0.140931 0.00502736 0.140008 0.0052409
0.142261 0.00444639 0.142894 0.00414767
0.143898 0.00480599 0.143761 0.00518377
0.145034 0.00436568 0.14469 0.00523953
0.146704 0.00340712 0.146321 0.00392933
0.150823 0.00444227 0.150924 0.00391339
0.150447 0.0031484 0.149266 0.00330461
0.150868 0.00409796 0.150175 0.00411144
0.15522 0.0042837 0.154678 0.00374074
0.151204 0.00553726 0.151317 0.00533082
0.152347 0.00434467 0.152785 0.00416774
0.15436 0.00389688 0.153992 0.00336879
0.154288 0.00499352 0.154449 0.00386934
0.156416 0.00339984 0.156837 0.00350737
0.160472 0.00227788 0.160313 0.00199207
0.158838 0.00274042 0.158412 0.00264592
0.161856 0.00312636 0.161831 0.00210816
0.163136 0.00259347 0.162436 0.00309392
0.16117 0.00310127 0.159561 0.00367814
0.165422 0.00461798 0.164887 0.00376594
0.164202 0.00255115 0.163311 0.00241141
0.167261 0.00280849 0.167337 0.00321913
0.167919 0.00338921 0.167668 0.00266398
0.166929 0.00275927 0.167023 0.00337661
0.167867 0.00304237 0.167923 0.00343689
0.169001 0.00316491 0.168516 0.00362366
0.170138 0.00374717 0.170358 0.00336616
0.170387 0.00306962 0.170054 0.00351397
0.170226 0.00329171 0.1702 0.00307201
0.171036 0.00226711 0.171236 0.00237439
0.171723 0.00249719 0.171971 0.00226556
0.173519 0.00347402 0.173909 0.00301895
0.174018 0.00372879 0.174204 0.00328653
0.174753 0.0022675 0.173851 0.00170328
0.17536 0.00233299 0.174494 0.00261755
0.177025 0.00237685 0.176689 0.0017187
0.178013 0.00179538 0.177402 0.00225128
0.177859 0.00271748 0.177865 0.00274619
0.1787 0.00129105 0.178462 0.00213668
0.181225 0.00322193 0.181231 0.00344084
0.181529 0.00229954 0.179904 0.00278087
0.181779 0.00305374 0.181538 0.0024984
0.180274 0.00229306 0.180507 0.00274931
0.184003 0.00231791 0.184526 0.00325756
0.183011 0.00182812 0.182623 0.00160542
0.184012 0.00210986 0.183662 0.00198247
0.187826 0.00270759 0.18682 0.00341015
0.185091 0.00269047 0.185318 0.00241
