0.0216188 0.00137993 0.0215746 0.00137566
0.0316791 0.00173728 0.0315873 0.0017386
0.0340043 0.00175648 0.0339974 0.00177718
0.0397565 0.00425155 0.0395303 0.00430571
0.0398461 0.00188919 0.039859 0.00186251
0.0459237 0.00315223 0.0459238 0.002855
0.0480958 0.00201285 0.0478882 0.00212147
0.0521925 0.00411506 0.0522974 0.00429247
0.0544368 0.00446115 0.0545038 0.00425007
0.0612235 0.00637129 0.061561 0.00672058
0.0631815 0.00433193 0.063115 0.00452311
0.0691141 0.00731641 0.0694041 0.00724648
0.0707872 0.00734894 0.0709099 0.00745765
0.0759937 0.00503921 0.0755046 0.00478284
0.0771439 0.00570105 0.0767598 0.00555827
0.0836665 0.00970436 0.0836938 0.00947433
0.0880495 0.00632279 0.0882961 0.00618574
0.0893481 0.00550874 0.0888628 0.00548587
0.0909784 0.00884041 0.0907939 0.00888237
0.0921135 0.00557305 0.0919785 0.00586133
0.10347 0.00568606 0.102946 0.00505385
0.0991584 0.00721591 0.0992019 0.00716637
0.0982136 0.00516045 0.0982734 0.00567236
0.104535 0.00859415 0.104605 0.00842947
0.109473 0.00912677 0.108882 0.00890768
0.114006 0.00569642 0.114138 0.0055051
0.113219 0.00757261 0.113561 0.00757364
0.117653 0.00771919 0.116964 0.008367
0.115521 0.00413849 0.116113 0.0039721
0.123744 0.00720578 0.122948 0.00729606
0.121805 0.00486544 0.121654 0.00459012
0.125467 0.00584242 0.124974 0.00649309
0.12727 0.00517169 0.127296 0.00523947
0.132844 0.00722029 0.132156 0.007374
0.133581 0.00812586 0.133326 0.00858008
0.135496 0.00604856 0.134691 0.00651384
0.138785 0.00545996 0.138734 0.00539836
0.138529 0.00572515 0.138054 0.00498419
0.142898 0.00541968 0.14284 0.00540382
0.145016 0.00633517 0.144615 0.00624692
0.144378 0.00532045 0.144433 0.00561567
0.143744 0.00662211 0.143603 0.0064421
0.146637 0.00412192 0.146874 0.0041347
0.149368 0.0073398 0.14938 0.00708801
0.150182 0.00623142 0.151088 0.00522479
0.153229 0.00473871 0.15376 0.00410186
0.15353 0.00366278 0.153329 0.00352261
0.156657 0.00542257 0.15621 0.00589997
0.158185 0.00421109 0.158408 0.00432804
0.159181 0.00509395 0.159285 0.00458886
0.162779 0.0044588 0.163153 0.00459773
0.162967 0.00276843 0.162855 0.00312861
0.163174 0.00532648 0.163638 0.00573622
0.16355 0.00445464 0.163565 0.00529116
0.165665 0.00430013 0.164901 0.00479378
0.168065 0.00522319 0.167887 0.00487602
0.168249 0.00342201 0.168019 0.00336075
0.168083 0.00405114 0.168879 0.00344158
0.170706 0.00258195 0.171069 0.00239603
0.171967 0.00343587 0.17178 0.00308586
0.173729 0.00387892 0.173252 0.00368546
0.174086 0.00282738 0.174481 0.00359067
0.179143 0.0035491 0.178123 0.00303911
0.179195 0.00495871 0.17853 0.00543157
0.180497 0.0048836 0.179414 0.00410982
0.18104 0.0031508 0.18058 0.00381083
0.180471 0.0034618 0.180039 0.00327806
0.182479 0.00346414 0.182309 0.00323427
0.183563 0.00320706 0.183207 0.00216685
0.183149 0.00339278 0.183613 0.00336974
0.185114 0.00305946 0.185473 0.00329404
0.185653 0.00322592 0.185905 0.00348212
0.185959 0.00334981 0.18634 0.00331172
0.189708 0.00394808 0.189458 0.00443708
0.188509 0.00261024 0.188438 0.0030473
0.190582 0.00194169 0.1901 0.00264614
0.189447 0.00324617 0.18985 0.00372033
0.192714 0.00281209 0.19124 0.00357316
0.1935 0.00377928 0.193987 0.00376865
0.193899 0.00368122 0.193643 0.00311413
0.196745 0.00431852 0.197519 0.00517374
0.196412 0.00196686 0.195252 0.00218006
0.197711 0.00394942 0.197543 0.00323461
0.198022 0.00350705 0.198511 0.00256677
0.199323 0.00492696 0.199313 0.00408761
0.200275 0.00344781 0.200524 0.00255314
0.201282 0.00244182 0.201624 0.00271401
0.203436 0.00550515 0.203281 0.00510126
0.204325 0.00423011 0.203755 0.00336965
0.203721 0.003365 0.203842 0.00346764
0.204736 0.0036247 0.204837 0.00310589
0.206067 0.00268644 0.205575 0.00290227
0.20662 0.00243533 0.206202 0.00183856
0.209018 0.00363138 0.206968 0.00371812
0.208426 0.00186655 0.207706 0.00223128
0.210113 0.00317281 0.210298 0.00382028
0.21269 0.00492599 0.212708 0.00390254
0.211024 0.00531285 0.21061 0.00369807
0.213035 0.00478336 0.212884 0.00315489
0.212455 0.00366972 0.212259 0.00303835
