0.246307 0.00877832 0.245881 0.00876494
0.285409 0.00618043 0.284875 0.0064079
0.294708 0.00444782 0.294377 0.0043117
0.300674 0.00597323 0.300246 0.00601205
0.2991 0.00276037 0.297937 0.0028815
0.304184 0.00454241 0.304583 0.00454463
0.306689 0.00175128 0.306693 0.00162457
0.313012 0.00256745 0.312803 0.00295163
0.316904 0.00211989 0.316518 0.0027972
0.328544 0.00896274 0.326366 0.00878841
0.327264 0.00241 0.32623 0.00268396
0.334317 0.0033387 0.333667 0.00378207
0.339031 0.00382163 0.338823 0.00267838
0.345732 0.00344603 0.34425 0.00349191
0.356131 0.00649145 0.354715 0.00528809
0.360419 0.00636427 0.359625 0.00493534
0.36696 0.00356227 0.364357 0.00345678
0.370174 0.00411102 0.369661 0.00367868
0.380746 0.00378347 0.378638 0.00481355
0.384751 0.00351501 0.384205 0.00552692
0.394757 0.00459086 0.394508 0.00395293
0.404114 0.00778048 0.402515 0.00640038
0.406921 0.0054711 0.407364 0.0041434
0.41397 0.00533261 0.414381 0.00459039
0.41846 0.00334113 0.417194 0.00443873
0.422967 0.0041647 0.424684 0.00280424
0.433966 0.00594392 0.433741 0.00461211
0.438334 0.00629428 0.440787 0.00620366
0.444376 0.00559078 0.445787 0.00647045
0.455045 0.00594176 0.453686 0.006599
0.45944 0.00944716 0.458569 0.00856867
0.459935 0.00681714 0.462649 0.00454253
0.470808 0.00851003 0.472678 0.0101064
0.476357 0.0051498 0.476197 0.00508861
0.475711 0.00579103 0.476549 0.00535943
0.485853 0.00512333 0.485778 0.00373157
0.494117 0.00428633 0.493888 0.00448399
0.490434 0.00604839 0.493065 0.00403658
0.495977 0.00280611 0.496657 0.00340965
0.503806 0.00807106 0.502715 0.00593684
0.508428 0.00560994 0.505354 0.00416804
0.515437 0.00553728 0.516866 0.00585256
0.516422 0.00426842 0.518795 0.00573905
0.526107 0.011993 0.524372 0.0105062
0.524587 0.00571855 0.524347 0.00463243
0.528317 0.00546358 0.526981 0.00592993
0.535343 0.0033654 0.537491 0.00352939
0.536596 0.00762195 0.535756 0.00652256
0.544724 0.00855528 0.544662 0.00893755
0.546393 0.00549196 0.546646 0.00655662
0.548278 0.0038013 0.550515 0.00662047
0.549246 0.00500453 0.548874 0.0059336
0.552995 0.005886 0.552767 0.00355208
0.557216 0.00402763 0.556892 0.00414887
0.559199 0.00338942 0.556947 0.00426074
0.565022 0.00736165 0.565434 0.00836535
0.564269 0.00757765 0.565779 0.00478394
0.568737 0.00724407 0.568056 0.00599748
0.572963 0.00627061 0.571516 0.00597143
0.573443 0.00509757 0.572533 0.00351945
0.579339 0.00528881 0.578346 0.00386602
0.580576 0.0042835 0.57993 0.00520871
0.581824 0.00626263 0.581395 0.00460375
0.586354 0.00447094 0.583685 0.00412981
0.585451 0.00512343 0.58592 0.00370431
0.589874 0.00469701 0.588697 0.0049878
0.588207 0.00531217 0.589579 0.00384981
0.591532 0.00634142 0.592212 0.00639671
0.592704 0.00382906 0.593697 0.00482717
0.597104 0.00301679 0.597594 0.00304422
0.597785 0.00594771 0.595689 0.0052181
0.600113 0.00478674 0.599543 0.00516949
0.600593 0.0043134 0.602091 0.00401799
0.603293 0.00522904 0.603435 0.00358638
0.603194 0.00445038 0.602171 0.00224706
0.604618 0.00370281 0.607439 0.00164249
0.610399 0.00335607 0.608465 0.00430987
0.611789 0.00382517 0.608948 0.00314867
0.614417 0.00598223 0.611649 0.00402292
0.610331 0.00450056 0.613046 0.00261322
0.615615 0.00481195 0.615087 0.00534061
0.616585 0.00589307 0.616357 0.00496225
0.617984 0.00265125 0.617545 0.00230472
0.619678 0.0063911 0.618359 0.00337248
0.618633 0.00262458 0.619547 0.00362614
0.624776 0.00427656 0.62402 0.00425172
0.623048 0.00522457 0.623393 0.00254908
0.625263 0.00395533 0.625317 0.00322128
0.626268 0.00391782 0.62716 0.00373985
0.626924 0.00289689 0.626514 0.00388278
0.630201 0.0039518 0.628933 0.00336126
0.6298 0.00286878 0.627455 0.00190596
0.629221 0.00405556 0.630713 0.00260923
0.632724 0.00393176 0.63165 0.00418873
0.631729 0.00463147 0.630957 0.00433044
0.632289 0.00224913 0.634281 0.00227623
0.636024 0.00460327 0.637281 0.00323476
0.63427 0.00318101 0.633806 0.00196133
0.636697 0.00347333 0.634876 0.00226572
0.637772 0.00443062 0.639241 0.00360716
