0.340573 0.0356778 0.340618 0.0361908
0.344858 0.0251537 0.345177 0.0255589
0.341839 0.0164564 0.341935 0.016776
0.365777 0.0584788 0.366276 0.0591871
0.352781 0.0289265 0.352961 0.0294399
0.334908 0.0354757 0.33456 0.0358607
0.355346 0.034538 0.355743 0.0351665
0.36294 0.0673847 0.363335 0.068637
0.369959 0.0558436 0.370376 0.0566738
0.336789 0.0174882 0.336903 0.017643
0.341744 0.0362407 0.34208 0.0368673
0.360218 0.0518114 0.360785 0.052972
0.360723 0.0588998 0.361225 0.0597931
0.344148 0.0183623 0.344425 0.0188181
0.361462 0.0635218 0.361974 0.0643822
0.341764 0.0288836 0.342351 0.0291887
0.357903 0.0556919 0.358373 0.0565113
0.34079 0.0269482 0.340897 0.0273042
0.342855 0.0285203 0.343103 0.0289071
0.341862 0.038417 0.342483 0.0390953
0.349785 0.0388178 0.349837 0.0392683
0.338255 0.0437571 0.338668 0.0441776
0.329199 0.0159534 0.329287 0.0160008
0.354532 0.0357518 0.354803 0.0364734
0.360134 0.0487712 0.360687 0.0497781
0.349076 0.0518893 0.349035 0.0525873
0.339455 0.0281883 0.339886 0.028491
0.330402 0.0206267 0.330442 0.0210777
0.340499 0.0252318 0.340853 0.0259096
0.346678 0.0468256 0.346694 0.0475389
0.337901 0.0219355 0.338345 0.0221553
0.328979 0.0184191 0.328888 0.0187346
0.333554 0.0202497 0.333666 0.0207416
0.331456 0.0169477 0.331776 0.0170103
0.332222 0.021506 0.332464 0.0217736
0.348019 0.0547412 0.348612 0.0556339
0.337337 0.0315254 0.337687 0.0320095
0.337489 0.0306078 0.337423 0.0308853
0.343813 0.0721258 0.344153 0.0731516
0.340463 0.037162 0.340714 0.0372644
0.32376 0.0125749 0.323579 0.0124561
0.347072 0.0468756 0.347416 0.0479119
0.324271 0.016876 0.324107 0.0171764
0.324635 0.0155212 0.324838 0.0158922
0.326684 0.0413864 0.327122 0.0415483
0.344749 0.0464029 0.344998 0.0470374
0.327953 0.0282602 0.327873 0.028356
0.346631 0.0383955 0.346489 0.0389126
0.330571 0.0331661 0.330678 0.0331837
0.335631 0.0340113 0.335794 0.0346702
0.327339 0.0165907 0.327516 0.0166431
0.326319 0.0309306 0.326466 0.0311134
0.337731 0.0444342 0.338024 0.0445998
0.337462 0.0363997 0.337975 0.036647
0.321826 0.0160545 0.322373 0.0158368
0.330307 0.0170867 0.330483 0.0172761
0.329808 0.0306742 0.329899 0.0304917
0.3388 0.0290676 0.338874 0.0294157
0.331325 0.0298423 0.331518 0.0296906
0.35061 0.0192335 0.351109 0.018952
0.328403 0.0213905 0.328214 0.0215014
0.329331 0.0271322 0.32943 0.026853
0.321902 0.012364 0.321913 0.0125619
0.323433 0.0217458 0.323762 0.0214954
0.32291 0.0219937 0.323278 0.0219609
0.338177 0.0545845 0.338195 0.0543988
0.330165 0.0261458 0.330725 0.0264398
0.326248 0.0228448 0.326688 0.0223249
0.331866 0.0274296 0.332682 0.0273066
0.321421 0.0191825 0.321754 0.0192153
0.325415 0.0201351 0.326096 0.0200033
0.310796 0.0128122 0.311194 0.012649
0.316056 0.0137255 0.316432 0.0131838
0.320565 0.0147959 0.321063 0.0149156
0.331087 0.0282579 0.3316 0.0280758
0.326291 0.0252783 0.326308 0.0250747
0.319396 0.0216672 0.320111 0.0213976
0.318059 0.0259433 0.318554 0.0253996
0.333132 0.0313403 0.333943 0.031298
0.336171 0.0177697 0.336897 0.0176757
