0.0211432 0.00138501 0.0210996 0.00138144
0.03068 0.00285538 0.0305545 0.00281893
0.0333926 0.00123402 0.0333884 0.00119534
0.0355372 0.00085738 0.035389 0.000881566
0.0381659 0.00150056 0.0379163 0.0016263
0.042084 0.0016303 0.0419454 0.00167248
0.0448157 0.00162763 0.0448409 0.00143054
0.0480462 0.00215069 0.0480649 0.00225454
0.0500819 0.00209076 0.049868 0.00205344
0.0528837 0.00197605 0.0526632 0.00173733
0.0581806 0.00336564 0.0583078 0.00357574
0.0617736 0.00405153 0.0616459 0.00414866
0.064308 0.00467276 0.0645913 0.00536375
0.0663127 0.00340815 0.0661808 0.00327445
0.0713014 0.00649648 0.0710101 0.00668381
0.0723778 0.00435184 0.0722583 0.00447466
0.0800795 0.00563569 0.0794433 0.00579047
0.0777423 0.00414586 0.0776351 0.00405458
0.0839034 0.00615882 0.0839358 0.00618348
0.0881652 0.00429617 0.08811 0.00405015
0.0890633 0.00371787 0.0889073 0.00412193
0.0896571 0.00631092 0.0896374 0.00646889
0.0939518 0.00464592 0.0949151 0.00457084
0.0977608 0.00469982 0.097333 0.00516785
0.0999933 0.00562671 0.099805 0.00636889
0.101136 0.00636544 0.101209 0.00641387
0.0994052 0.00540057 0.0980818 0.00525451
0.105618 0.00416966 0.1052 0.00447613
0.110627 0.00621082 0.110369 0.00601615
0.110982 0.00497099 0.110713 0.00541632
0.109716 0.0043312 0.109748 0.0042251
0.116028 0.00557482 0.116018 0.0057885
0.117235 0.00526899 0.115786 0.00472362
0.119675 0.00527133 0.118716 0.00508191
0.123962 0.00540788 0.123423 0.00506253
0.125661 0.0043165 0.124847 0.00456406
0.128973 0.00621404 0.128803 0.00654582
0.128012 0.00594771 0.127096 0.00503693
0.126256 0.00313527 0.125751 0.00340664
0.130316 0.00453934 0.130515 0.00433614
0.132926 0.00742748 0.132438 0.00570228
0.135729 0.00524195 0.135453 0.00482149
0.138921 0.00434967 0.138449 0.00385169
0.136935 0.00492949 0.135924 0.00492914
0.137169 0.00443919 0.136512 0.00435892
0.140083 0.00364907 0.140556 0.00366224
0.142918 0.00385488 0.143069 0.0039536
0.144388 0.00472919 0.144445 0.00449018
0.146948 0.00400723 0.14682 0.00453415
0.147108 0.0022874 0.146512 0.00239774
0.148283 0.00492093 0.148613 0.00414872
0.148827 0.00427937 0.148914 0.00333883
0.148405 0.00372732 0.148628 0.0036324
0.150692 0.00367383 0.150323 0.0032254
0.152705 0.00310104 0.152048 0.00287722
0.156233 0.00370555 0.156663 0.00383254
0.156023 0.00472608 0.155295 0.0046132
0.156969 0.0049962 0.156266 0.00478105
0.159138 0.00409053 0.158503 0.00384628
0.159398 0.00443496 0.158398 0.00524633
0.162861 0.00214208 0.162214 0.0023965
0.160299 0.00247035 0.159628 0.0017933
0.163113 0.00430605 0.163 0.00384283
0.161845 0.00229184 0.162372 0.00288598
0.165263 0.00296115 0.164239 0.00303908
0.165973 0.00304185 0.164629 0.00304765
0.16648 0.00221799 0.166564 0.00214022
0.166242 0.00331465 0.165937 0.00345194
0.168224 0.00311835 0.167953 0.00299403
0.17026 0.00261579 0.170263 0.00290653
0.169867 0.00395904 0.170247 0.00391709
0.171129 0.0039265 0.169939 0.0032319
0.171347 0.00424578 0.171646 0.00305228
0.173872 0.00279288 0.174305 0.00306748
0.173406 0.00412065 0.172748 0.00377322
0.173361 0.00307825 0.172648 0.00297006
0.173514 0.00252116 0.173224 0.00245867
0.175617 0.0031991 0.175109 0.00271826
0.176583 0.00410336 0.176504 0.00343289
0.177344 0.00326546 0.177125 0.00293738
0.175873 0.0022665 0.176993 0.00198569
0.18014 0.00204925 0.179394 0.00162703
0.179526 0.00244165 0.179684 0.00273416
0.180059 0.00308316 0.179077 0.00217457
0.183165 0.00216304 0.182555 0.00206538
0.183309 0.00267963 0.182137 0.00222241
0.183279 0.00246687 0.184041 0.0020886
0.184289 0.00339749 0.184391 0.00334162
0.18512 0.0030776 0.184726 0.00404573
0.185733 0.00199997 0.185083 0.00255435
0.185824 0.00254589 0.186035 0.00232299
0.187129 0.00372069 0.18656 0.00245305
0.188554 0.00195951 0.187511 0.00179695
0.192253 0.00253119 0.1907 0.00286301
0.189595 0.00331614 0.188861 0.00288577
0.191114 0.00284725 0.190123 0.00267838
0.191324 0.0027923 0.19075 0.00171638
0.192146 0.00250854 0.191737 0.00186587
0.192656 0.00192555 0.192671 0.00148709
0.19355 0.00328511 0.193573 0.00223457
