0.120065 0.0334481 0.119618 0.0334238
0.0961544 0.0227869 0.0956725 0.0227935
0.101065 0.027758 0.100477 0.0279401
0.0991074 0.0316186 0.0987226 0.0317401
0.0957129 0.028219 0.0953115 0.0282334
0.0923079 0.0241087 0.091717 0.0243121
0.0983779 0.026994 0.0977663 0.0273834
0.0821653 0.0205585 0.0817763 0.0205999
0.0891903 0.0220503 0.0889195 0.0219503
0.0878832 0.0235822 0.0874555 0.0237847
0.0945695 0.0248069 0.0941904 0.0250197
0.0932703 0.0280928 0.0932104 0.0280502
0.0859012 0.0243311 0.0853618 0.0244782
0.107963 0.0226607 0.107653 0.022681
0.0991788 0.0218535 0.0987833 0.0220297
0.100564 0.0238503 0.100196 0.0241841
0.0864837 0.0222511 0.0862188 0.0222847
0.090468 0.017443 0.0901582 0.0175784
0.10246 0.0237656 0.102296 0.0241286
0.0720072 0.00877335 0.0713512 0.00881721
0.0965732 0.0304094 0.0963837 0.0304846
0.0839948 0.0235091 0.0836065 0.0236817
0.0986108 0.0243299 0.0982187 0.0245937
0.0942885 0.0324878 0.0943308 0.0326643
0.0914214 0.0244513 0.0912211 0.0244317
0.0833868 0.0198444 0.0831365 0.0201382
0.0829027 0.0192138 0.082614 0.0194553
0.096904 0.0309721 0.0967488 0.0312014
0.0915817 0.0311546 0.0913503 0.0314044
0.0683401 0.00749639 0.0678318 0.00767848
0.0859182 0.0243497 0.0857752 0.0244299
0.0747592 0.0177832 0.0743047 0.0179421
0.0756592 0.0161533 0.0755136 0.0163344
0.0846706 0.0192474 0.0846987 0.0193179
0.083596 0.0193657 0.083506 0.0194841
0.0888897 0.0139908 0.0889133 0.0143836
0.0938464 0.023944 0.0939828 0.0240377
0.0803941 0.0186463 0.0803666 0.0188258
0.0828627 0.0286367 0.0826359 0.0287494
0.075394 0.0193698 0.0751434 0.0196652
0.0937702 0.0235579 0.0937827 0.0238182
0.0798759 0.0199034 0.0798659 0.0200553
0.0652075 0.00757422 0.0650714 0.0075245
0.0790276 0.018516 0.0788765 0.0186988
0.0844078 0.0259678 0.0844109 0.026088
0.0839468 0.0174684 0.0839012 0.0176006
0.0871651 0.0242698 0.0872255 0.0244151
0.0864553 0.0205465 0.0865113 0.0207406
0.070029 0.0126039 0.0699585 0.012696
0.0702189 0.00970041 0.070142 0.00966873
0.0740203 0.0140853 0.0738759 0.014124
0.0643356 0.0135364 0.0641759 0.0136171
0.0737075 0.0168613 0.0736321 0.0170218
0.0800218 0.0177109 0.0800203 0.0178726
0.0681906 0.0118869 0.0680979 0.0118513
0.0744819 0.0140556 0.0744766 0.0141152
0.0660033 0.0110743 0.0659562 0.011185
0.0763635 0.01534 0.0764223 0.0153991
0.0700325 0.0185291 0.0700751 0.0187485
0.0589676 0.00531491 0.0588278 0.00506038
0.0718525 0.015496 0.0717706 0.0157995
0.0625769 0.0115313 0.0625962 0.0115744
0.0748955 0.0205343 0.0746883 0.0207682
0.075626 0.0159943 0.0757249 0.0162237
0.0768205 0.0241257 0.076891 0.0241325
0.074222 0.0249195 0.0740569 0.0249503
0.0703762 0.0180506 0.0703597 0.0181201
0.070745 0.0142 0.0708399 0.0143009
0.0767981 0.017766 0.0767432 0.0179501
0.0681176 0.0157631 0.0681079 0.0158055
0.0701594 0.0135538 0.0700873 0.0137013
0.0676911 0.0133027 0.0676256 0.0132496
0.0703582 0.0146196 0.0701948 0.0146525
0.0763226 0.0240002 0.0763951 0.0239732
0.0720936 0.0193565 0.0719914 0.0194763
0.0710698 0.011678 0.071002 0.0118166
0.0690858 0.0160384 0.0690037 0.0161726
0.0645768 0.0090527 0.0644578 0.00912036
0.0756492 0.018602 0.0756267 0.0187608
0.0687595 0.0162939 0.0689763 0.0161529
