0.043849 0.0110684 0.0437224 0.011118
0.0438071 0.0127442 0.0436803 0.0129647
0.0408346 0.00554483 0.0407466 0.0054931
0.0393122 0.00212969 0.0392088 0.00200753
0.0378231 0.00108758 0.0376032 0.000931207
0.0496658 0.0184425 0.0496633 0.0185546
0.0397812 0.00435567 0.0397358 0.00438112
0.0375243 0.00222543 0.0373852 0.00218124
0.0416231 0.00723551 0.0416703 0.00723067
0.0398217 0.00270772 0.039625 0.00261674
0.0466997 0.00875704 0.0466333 0.00904746
0.0419515 0.0104381 0.0417094 0.0105046
0.0386198 0.00336073 0.0386093 0.00331912
0.04006 0.00526909 0.040046 0.00527948
0.0399922 0.00424838 0.0398507 0.0042734
0.0393903 0.0050346 0.0393156 0.00506578
0.0373606 0.000928131 0.0373577 0.000863862
0.0411696 0.0091363 0.041034 0.00924725
0.0384168 0.00467951 0.0382849 0.00466605
0.0395462 0.00308827 0.0394087 0.00305465
0.0401526 0.00610402 0.0400184 0.00607558
0.0393459 0.00311367 0.0392631 0.00309534
0.0400138 0.0047542 0.0400873 0.0047039
0.0444235 0.0111734 0.0443787 0.0112195
0.0388388 0.00343297 0.0387683 0.00336241
0.0399352 0.00737557 0.0397698 0.00746653
0.0430238 0.0100115 0.0429458 0.0100271
0.0370008 0.0018339 0.0369122 0.00176909
0.0385919 0.00628016 0.0385924 0.00627262
0.042638 0.00710947 0.0425796 0.00709604
0.0390416 0.00353619 0.0389654 0.00348939
0.038627 0.00512793 0.0386039 0.00507306
0.0452446 0.0149655 0.0451672 0.015003
0.0382698 0.00428069 0.0381984 0.00420987
0.0384908 0.00444102 0.0384247 0.00441763
0.0361543 0.0017207 0.0360705 0.00172588
0.0404597 0.00686969 0.0403815 0.00680983
0.0383788 0.00465919 0.0382819 0.00462907
0.0371476 0.00497398 0.0371066 0.00493994
0.038411 0.00395708 0.038354 0.00388174
0.0371023 0.00337929 0.037042 0.00338713
0.0382085 0.00533709 0.0381437 0.00529415
0.0400857 0.007255 0.0400109 0.00719289
0.0381795 0.00410281 0.0381238 0.00409798
0.0389093 0.00426922 0.0388618 0.00414935
0.0373332 0.00523433 0.0372955 0.00523035
0.040657 0.00769746 0.0405602 0.00767143
0.0386669 0.00404906 0.0387023 0.00405957
0.0380801 0.00413937 0.0379804 0.00406376
0.0397127 0.00769803 0.0396851 0.00764207
0.0392305 0.00771785 0.0391431 0.00771261
0.0375019 0.00447857 0.037498 0.00448858
0.0417337 0.00670268 0.0416666 0.00660499
0.0405654 0.00620058 0.0404978 0.00613707
0.0364264 0.00348531 0.0364597 0.00347996
0.0351002 0.00219995 0.0351659 0.00226288
0.0362061 0.00284026 0.0362472 0.00279605
0.0380624 0.00348261 0.038077 0.00346616
0.0408158 0.00623861 0.0408128 0.00620083
0.040421 0.00986815 0.0404392 0.00982224
0.0363802 0.00376782 0.0363873 0.00368693
0.0391161 0.00851941 0.039051 0.00845152
0.0372121 0.00398994 0.0372559 0.00395829
0.0381964 0.0050157 0.0382264 0.00496252
0.0389571 0.00605644 0.0388701 0.00597573
0.038578 0.00751731 0.038686 0.00742548
0.0373643 0.00517346 0.0374501 0.00511233
0.0355782 0.00258081 0.0356897 0.00255867
0.0372311 0.00405124 0.0373396 0.00406341
0.0367017 0.00770731 0.0367171 0.0076042
0.0427308 0.0164244 0.0427366 0.0163585
0.0390561 0.00705057 0.0391104 0.00689326
0.0364704 0.00581699 0.0364804 0.00569419
0.0380156 0.0065062 0.0380807 0.00648625
0.0373697 0.00743056 0.03753 0.00731596
0.038349 0.00938397 0.0383929 0.00922902
0.0374818 0.00559745 0.0376332 0.00560166
0.0359725 0.00363715 0.0361258 0.00357525
0.039494 0.00854828 0.0395989 0.00846946
0.0368638 0.00727287 0.0369674 0.00719181
