0.103223 0.0235291 0.102687 0.0236834
0.101959 0.0242212 0.101466 0.024276
0.118127 0.017352 0.117721 0.0177281
0.106629 0.0262006 0.106077 0.0263391
0.110292 0.029873 0.109924 0.0297497
0.12336 0.0232298 0.123154 0.023226
0.104002 0.0245023 0.103641 0.0244691
0.0874529 0.00728376 0.0869891 0.00717867
0.102161 0.0236103 0.101787 0.0237338
0.086869 0.0103156 0.0864753 0.010445
0.105142 0.0282951 0.104582 0.0285576
0.107742 0.0254037 0.107412 0.0255001
0.100227 0.0236959 0.09971 0.0239608
0.108212 0.0247251 0.107978 0.024755
0.0978203 0.0239078 0.0976064 0.0240679
0.0928384 0.0225496 0.0921881 0.0228679
0.0919566 0.0219549 0.0913428 0.0222078
0.0996478 0.0213211 0.0993738 0.0213537
0.109278 0.0224517 0.108976 0.0227353
0.0976234 0.0217165 0.0975719 0.0218312
0.0897587 0.0227875 0.0894665 0.0229105
0.086006 0.012872 0.0854664 0.0129725
0.0982327 0.01771 0.0980902 0.0176009
0.105018 0.0278 0.104661 0.0278039
0.0907393 0.0131966 0.0906551 0.0134009
0.100219 0.0207465 0.10017 0.0208109
0.0917934 0.0232642 0.0913738 0.0234185
0.107054 0.018737 0.106837 0.0189853
0.0920447 0.020505 0.0919302 0.0207462
0.0926328 0.0182208 0.0924011 0.0183716
0.0885076 0.012954 0.0880761 0.0131472
0.0924778 0.0212225 0.0925805 0.0213159
0.09636 0.0148873 0.0959854 0.0152004
0.0818663 0.0209343 0.081937 0.0209353
0.0908749 0.0206447 0.0906417 0.0207117
0.0972622 0.0210864 0.0972842 0.0209311
0.0848827 0.0209649 0.0847627 0.0213038
0.101103 0.022351 0.100914 0.0224545
0.0829651 0.0129261 0.0828895 0.0130315
0.0872081 0.019151 0.0871041 0.0192394
0.0859528 0.0202347 0.0857566 0.0204535
0.0875011 0.0216598 0.0875215 0.0217334
0.0938702 0.0203981 0.0939011 0.0206094
0.0850447 0.0134687 0.0848371 0.0134814
0.0858946 0.0278916 0.085614 0.0280863
0.0823884 0.0168196 0.082025 0.0170328
0.0920239 0.02988 0.0918466 0.0301226
0.0834453 0.0178313 0.0833796 0.0181675
0.0932565 0.0220003 0.0932172 0.0223566
0.082682 0.016637 0.0826896 0.0168044
0.0902215 0.0262552 0.0902211 0.0264874
0.0849245 0.0214003 0.0848644 0.021628
0.0777929 0.0172538 0.0779538 0.0173302
0.0816492 0.0233345 0.0813382 0.0236221
0.0782499 0.0124391 0.0781046 0.0126786
0.0909072 0.0250568 0.0908 0.0253348
0.0949604 0.0234431 0.0949528 0.023636
0.0804888 0.0181627 0.0804236 0.0184732
0.0782486 0.0191322 0.0782879 0.0194946
0.0847467 0.0205283 0.084657 0.0208819
0.0761224 0.0112564 0.076237 0.0114624
0.0769097 0.0153915 0.0768457 0.0156868
0.0856637 0.0160046 0.0857922 0.0159737
0.0835621 0.0133639 0.083467 0.0135684
0.0738449 0.0115467 0.0737018 0.0116369
0.0756164 0.0108537 0.0755022 0.0109804
0.0737164 0.0110844 0.073982 0.0112794
0.0757203 0.00912001 0.0757516 0.0088378
0.0845876 0.0277366 0.0845213 0.027911
0.0752242 0.00661537 0.075049 0.0067277
0.0776569 0.0194826 0.0778158 0.0195249
0.0788656 0.0207197 0.0789244 0.0207569
0.0795557 0.0109465 0.0796355 0.0109847
0.0787792 0.0209993 0.0786631 0.0212403
0.0776005 0.0172761 0.0777007 0.0174378
0.0730797 0.0170245 0.0731388 0.017037
0.0764419 0.0161231 0.0762866 0.0162044
0.0771246 0.0125591 0.0771812 0.0125607
0.0716912 0.0139824 0.0715126 0.0139773
0.0837366 0.0195006 0.083739 0.0195204
