0.24505 0.00646566 0.244591 0.00646045
0.282118 0.0066809 0.281745 0.0065389
0.287905 0.0046316 0.287375 0.00443259
0.297355 0.00501712 0.297089 0.00444042
0.298315 0.0029803 0.297868 0.00271003
0.301725 0.00551006 0.300419 0.00571304
0.303756 0.00283776 0.30331 0.0034392
0.310413 0.006293 0.309934 0.00617897
0.307508 0.00166459 0.306651 0.00103012
0.313842 0.00329172 0.313863 0.00274613
0.318057 0.0025201 0.317604 0.00221474
0.323843 0.0060828 0.323621 0.00674269
0.32797 0.00286829 0.32611 0.00292723
0.332174 0.00426152 0.332197 0.00305278
0.335325 0.00223306 0.334506 0.00352355
0.341633 0.00339101 0.341686 0.00354431
0.344125 0.00353942 0.343146 0.00173544
0.350209 0.00369518 0.352462 0.00343029
0.361541 0.00699153 0.359529 0.00719556
0.361969 0.00384573 0.361578 0.00316117
0.369982 0.00850485 0.368849 0.0069609
0.372193 0.00457777 0.371055 0.0026079
0.37899 0.00448065 0.377932 0.0052521
0.383339 0.00411724 0.383575 0.00400883
0.392264 0.00997791 0.391299 0.0096437
0.394715 0.00486953 0.395559 0.00385176
0.405067 0.00888081 0.404352 0.00826123
0.405433 0.00352855 0.405516 0.00344678
0.41082 0.00236262 0.411706 0.00457298
0.415769 0.00388388 0.416404 0.0043486
0.419479 0.00370506 0.420048 0.00400583
0.425554 0.00285357 0.424469 0.0026199
0.430141 0.00440137 0.428913 0.00266535
0.436429 0.00421457 0.434916 0.00463784
0.445291 0.00591783 0.444588 0.00806123
0.454181 0.0111106 0.452012 0.010643
0.453803 0.00523992 0.452279 0.00958465
0.461881 0.0124346 0.462115 0.012242
0.468485 0.0176884 0.466975 0.0151784
0.467091 0.00829922 0.466823 0.00901192
0.469634 0.00452703 0.468525 0.00448031
0.480112 0.0120314 0.480552 0.0121329
0.479562 0.00794473 0.48073 0.0088451
0.482259 0.00688369 0.481305 0.00421251
0.48639 0.00561235 0.486587 0.00649943
0.490376 0.00312994 0.487188 0.00241848
0.492116 0.00553857 0.492756 0.00475933
0.501103 0.0068963 0.501042 0.00813082
0.506299 0.0114895 0.505802 0.0135773
0.502063 0.00298587 0.502018 0.00492645
0.51169 0.00575892 0.509769 0.00613742
0.514258 0.00488881 0.512164 0.00583859
0.52322 0.0130139 0.522416 0.0142005
0.522909 0.0126009 0.522184 0.0110521
0.525433 0.00234117 0.523468 0.00446107
0.525415 0.00617949 0.525808 0.0049817
0.528625 0.00336541 0.527378 0.0032124
0.53204 0.00396633 0.531464 0.00515228
0.539112 0.0084104 0.537655 0.006321
0.538278 0.00418929 0.535495 0.00462641
0.541204 0.00509888 0.539684 0.00314678
0.54574 0.00662776 0.542057 0.00589409
0.550505 0.0107186 0.549476 0.00965313
0.549138 0.00539964 0.549157 0.00567691
0.553642 0.00844737 0.550004 0.0077717
0.55167 0.00347931 0.550526 0.00270444
0.556707 0.00579307 0.556105 0.00319588
0.556211 0.00417618 0.55842 0.00411315
0.558396 0.00418124 0.559461 0.00459979
0.562499 0.00731024 0.56108 0.00591428
0.567085 0.00546201 0.565146 0.00407292
0.56786 0.00700089 0.567213 0.00438766
0.570207 0.0056203 0.570081 0.00494621
0.571907 0.00458244 0.571804 0.0044227
0.575287 0.00538105 0.572317 0.00300564
0.576977 0.00379883 0.57493 0.0045596
0.582734 0.00691467 0.579266 0.00755657
0.576313 0.00510676 0.577871 0.00294895
0.582935 0.00692056 0.5837 0.00564048
0.580789 0.00328177 0.581396 0.00440059
0.586065 0.00645115 0.586516 0.00671557
0.586881 0.00425449 0.587306 0.00299989
0.587735 0.00503505 0.58738 0.00629993
0.593564 0.00658316 0.591901 0.00851501
0.593989 0.00814741 0.593173 0.00707094
0.592742 0.00533014 0.590454 0.00271918
0.59483 0.00344246 0.594863 0.00339628
0.598103 0.00452672 0.596123 0.00413507
0.599114 0.00345496 0.597195 0.00241781
0.59951 0.00677645 0.600847 0.00374063
0.60079 0.00379302 0.600936 0.00330881
0.607099 0.00625208 0.605156 0.00613381
0.606045 0.00562507 0.60474 0.00369924
0.606643 0.00420487 0.603749 0.00417761
0.605806 0.00464382 0.604924 0.00271972
0.606895 0.00436934 0.606636 0.00317178
0.609056 0.0036354 0.608488 0.0039941
0.607686 0.00299436 0.606057 0.00268946
0.611252 0.00431154 0.611102 0.00358923
0.614233 0.00478621 0.612505 0.00455848
