0.101284 0.00675177 0.100877 0.00686038
0.102823 0.00952513 0.102603 0.00948319
0.105835 0.00881391 0.105783 0.00852942
0.103462 0.00803884 0.103527 0.00832369
0.102309 0.0077111 0.10226 0.00778364
0.100837 0.0082829 0.100659 0.00828885
0.100589 0.0109327 0.100529 0.0112262
0.098785 0.00660512 0.0986294 0.00678881
0.108295 0.0152773 0.107957 0.0156979
0.102084 0.00893548 0.101811 0.00909891
0.103559 0.00369743 0.102659 0.00353044
0.0973866 0.00699585 0.0970235 0.00717511
0.0996925 0.0105284 0.0990758 0.0100487
0.102144 0.00549502 0.102076 0.0055027
0.10142 0.0130075 0.101407 0.0128417
0.100728 0.0116432 0.100733 0.0118979
0.101842 0.00774908 0.101651 0.00810427
0.0966502 0.00593735 0.0967254 0.00594609
0.0960666 0.00561327 0.0960078 0.00571002
0.102837 0.0116415 0.102589 0.0117064
0.0994754 0.00722866 0.0989227 0.00739465
0.0958169 0.00553911 0.0955381 0.00545383
0.0949537 0.00547394 0.0950314 0.0057925
0.100405 0.0079151 0.100171 0.00793601
0.0989914 0.00647786 0.098966 0.006643
0.0966622 0.00772461 0.0967002 0.00749018
0.0971938 0.00758905 0.0972244 0.00751767
0.0948469 0.00636839 0.0944421 0.00625898
0.0992382 0.00484472 0.0987006 0.00531725
0.0967678 0.0128575 0.0965954 0.0129671
0.0932672 0.00408762 0.0927942 0.00453378
0.0942024 0.00900829 0.0939878 0.00930182
0.094541 0.00651297 0.0943891 0.00620394
0.0961397 0.011927 0.0960595 0.011928
0.0950684 0.00655135 0.0949366 0.00642796
0.0945465 0.00963686 0.0943749 0.00931882
0.094097 0.00836142 0.0943851 0.0087568
0.0949709 0.00471964 0.0950942 0.00461452
0.0928658 0.00844837 0.0928751 0.00843552
0.0886912 0.00613584 0.0885163 0.00610442
0.0930152 0.00779747 0.093118 0.00750574
0.0876587 0.0075757 0.0875553 0.00784072
0.0875587 0.00739462 0.0874064 0.00740818
0.0885043 0.00670591 0.0885358 0.00657104
0.0929396 0.0116554 0.0927325 0.0116459
0.0888741 0.00661756 0.0886426 0.00665052
0.0877145 0.00678481 0.0874903 0.00671496
0.0961934 0.00659843 0.0961174 0.00660476
0.0827528 0.00474901 0.0825724 0.00476594
0.0934556 0.00816472 0.093191 0.00848852
0.0903239 0.00511194 0.0902854 0.00544427
0.0904638 0.00547145 0.0904762 0.00554263
0.0911693 0.0115671 0.0916787 0.0115395
0.0899004 0.00747307 0.0901628 0.00759843
0.0923551 0.00974165 0.0924069 0.00976747
0.0917678 0.00776445 0.0916231 0.00750471
0.0836505 0.00561446 0.08325 0.00572604
0.0898817 0.00765682 0.0899223 0.00776137
0.0860944 0.00749359 0.0861801 0.00751156
0.0867179 0.00713392 0.0864463 0.00724614
0.0854956 0.00737205 0.0849754 0.00738203
0.0921373 0.0082199 0.0922675 0.00829664
0.0835468 0.00343599 0.08314 0.00378243
0.0866527 0.00554331 0.0867445 0.0059548
0.0834368 0.0039831 0.0832938 0.00426617
0.0870443 0.00889111 0.0869104 0.0089214
0.0823426 0.00682583 0.0820394 0.00654063
0.0849845 0.00513537 0.0848448 0.00531863
0.088629 0.0105806 0.0881983 0.0102876
0.0815589 0.00456444 0.0816267 0.00474133
0.0842466 0.00613219 0.084332 0.00624459
0.0883331 0.00922633 0.0885352 0.00901657
0.0869916 0.00518727 0.0869357 0.00506665
0.0841219 0.00969822 0.0841733 0.00989292
0.0805759 0.00567127 0.0806138 0.00586176
0.0834689 0.00495472 0.08333 0.00464538
0.0818003 0.00517585 0.0819961 0.005204
0.0818067 0.00492231 0.0815173 0.00491409
0.0845187 0.00738337 0.0847986 0.00795255
0.081931 0.0062822 0.0819932 0.00615775
