0.0257289 0.00110226 0.0256739 0.00109614
0.0244201 0.000686173 0.0243742 0.000681764
0.0245759 0.000877835 0.0245256 0.000871518
0.0247147 0.00246461 0.0246723 0.00246338
0.0232639 0.0009254 0.0232207 0.000920539
0.0239738 0.00278836 0.0239337 0.00278947
0.0240754 0.00264555 0.0240305 0.00264355
0.022298 0.00107371 0.0222617 0.00106379
0.0230307 0.00149461 0.0229886 0.0014841
0.022426 0.0013814 0.0223795 0.0013738
0.0224758 0.00148482 0.0224333 0.00147399
0.0221755 0.00148014 0.0221354 0.00146732
0.0217552 0.00093942 0.0217154 0.000928622
0.0217001 0.00117249 0.021664 0.0011607
0.0220467 0.00152636 0.0220078 0.00151377
0.0226174 0.00195355 0.0225729 0.00193913
0.0210989 0.00047827 0.0210628 0.000474543
0.021422 0.000793625 0.0213835 0.000786191
0.0228352 0.00316277 0.0227967 0.00315594
0.0212441 0.000749381 0.0212076 0.000738757
0.0222606 0.0013436 0.0222152 0.00133345
0.0222094 0.00177748 0.0221643 0.00176546
0.0210444 0.000813401 0.0210104 0.000805211
0.0211617 0.000863891 0.0211257 0.000854816
0.0218185 0.00244291 0.0217793 0.00242481
0.0208281 0.000500542 0.0207953 0.000494047
0.0211177 0.00124543 0.02108 0.00123564
0.0211521 0.00156855 0.0211148 0.00155513
0.0209134 0.000840829 0.0208794 0.000832754
0.0206486 0.00040902 0.020619 0.000406127
0.0211453 0.00106832 0.0211098 0.00105815
0.0208285 0.000486257 0.0207946 0.000480706
0.0211645 0.00148868 0.0211268 0.00147495
0.0213357 0.0015005 0.0212951 0.00148822
0.0206867 0.000482548 0.0206542 0.000480146
0.0206505 0.000395696 0.0206188 0.000393237
0.0212208 0.00114823 0.0211819 0.00113858
0.0205332 0.000220418 0.0205 0.00021766
0.0204979 0.000139155 0.0204641 0.00014034
0.0207541 0.000705466 0.0207191 0.000697589
0.0206071 0.000234159 0.0205754 0.000231954
0.02071 0.000839323 0.0206769 0.000833281
0.0209144 0.00114913 0.0208767 0.00113893
0.0205806 0.00038744 0.0205476 0.000385107
0.0208883 0.000896918 0.0208511 0.000887694
0.0207691 0.000656904 0.0207337 0.000649524
0.0205436 0.000346574 0.0205102 0.000342528
0.0206478 0.000592083 0.0206142 0.000587411
0.0202806 0.000183602 0.0202487 0.000185626
0.0206242 0.000511204 0.0205891 0.000506559
0.0207016 0.000420942 0.0206664 0.000416297
0.0206239 0.000224934 0.0205897 0.000224306
0.0204093 0.000305833 0.0203753 0.000303429
0.0202896 0.0002426 0.0202566 0.00024291
0.0203247 0.000126484 0.0202909 0.000126747
0.0211475 0.00255885 0.0211064 0.0025398
0.0203897 0.000215176 0.0203575 0.000213637
0.0202994 0.000202484 0.0202653 0.000202096
0.0203982 0.000619856 0.0203628 0.000617037
0.0202754 0.000148984 0.0202401 0.000149327
0.0204506 0.000194957 0.0204159 0.000192523
0.020277 0.000189985 0.0202421 0.000189416
0.0203366 0.000274178 0.0203007 0.000272671
0.0201483 0.000190768 0.0201127 0.00019032
0.0203718 0.000357818 0.0203375 0.000355066
0.0202241 0.0001217 0.0201905 0.000121344
0.0201419 0.000172315 0.0201079 0.000171588
0.0203783 0.000359411 0.0203432 0.000355651
0.0202472 0.000337751 0.0202072 0.000334741
0.0201988 0.000121246 0.0201639 0.000119077
0.0202315 0.000435218 0.0201978 0.000432271
0.0201938 0.000380539 0.0201551 0.000381952
0.020501 0.000361816 0.0204649 0.000358164
0.0200539 0.000189298 0.0200189 0.000186783
0.0203309 0.000321868 0.0202978 0.000321166
0.0202548 0.000365262 0.0202213 0.000362513
0.0202687 0.000240828 0.020234 0.000239333
0.0200525 0.000669623 0.0200186 0.000672442
0.0202089 0.000500758 0.0201741 0.000500581
0.0198874 0.00113228 0.0198516 0.00113328
