0.438386 0.0415161 0.439498 0.0419415
0.492001 0.0571135 0.49384 0.0573781
0.509441 0.0729883 0.510727 0.073032
0.483106 0.0743159 0.484338 0.0745505
0.475311 0.0777816 0.476607 0.0781473
0.460144 0.0459823 0.461216 0.0466667
0.466586 0.0651804 0.467821 0.0656711
0.453762 0.0694584 0.455109 0.0695913
0.44773 0.0588557 0.448805 0.0592234
0.497393 0.0497484 0.499448 0.0500165
0.452445 0.0529703 0.453905 0.0534268
0.475851 0.0789831 0.47746 0.0791251
0.446338 0.0460141 0.447781 0.0462611
0.459878 0.0480142 0.461352 0.0489745
0.433121 0.0278835 0.434182 0.028581
0.447917 0.0460853 0.44942 0.0462632
0.498793 0.0785239 0.500469 0.0785868
0.49718 0.0649093 0.499354 0.0656194
0.460412 0.0436503 0.462056 0.0442738
0.486046 0.0703835 0.487464 0.0707715
0.442034 0.0462178 0.443439 0.0468855
0.4183 0.0267231 0.419357 0.0268195
0.433707 0.0439241 0.434807 0.0449394
0.46323 0.0617326 0.464794 0.0619315
0.46047 0.0592989 0.46229 0.059518
0.43297 0.0525176 0.434395 0.0537328
0.462883 0.049026 0.46498 0.0495838
0.475102 0.0789484 0.476727 0.0795455
0.448538 0.036757 0.450449 0.036797
0.44591 0.0644075 0.447452 0.0647791
0.432749 0.0371278 0.434505 0.0376683
0.426411 0.0441917 0.42756 0.0450333
0.421776 0.0641771 0.422869 0.0645616
0.443518 0.0351735 0.445142 0.0359804
0.45081 0.0590405 0.452564 0.0597373
0.446168 0.0607041 0.448173 0.0610636
0.412425 0.0281099 0.414184 0.0282646
0.439116 0.0402487 0.44086 0.0409228
0.457066 0.0611708 0.458865 0.0615038
0.441531 0.0493514 0.442956 0.0501151
0.459952 0.0671266 0.461365 0.0678525
0.449595 0.057082 0.451431 0.0579228
0.425956 0.0471532 0.427522 0.0481807
0.426541 0.0677928 0.427685 0.0687463
0.4517 0.0505897 0.453314 0.0512202
0.432625 0.0373538 0.434194 0.0377614
0.442989 0.0400887 0.444522 0.0403731
0.411815 0.0248907 0.412814 0.0256001
0.422493 0.0306407 0.42411 0.0310544
0.415393 0.040451 0.41665 0.0411622
0.450149 0.0575393 0.451651 0.0583999
0.440327 0.0504079 0.441971 0.0512162
0.457942 0.0537322 0.459389 0.0547961
0.410227 0.0271213 0.411572 0.0271941
0.419341 0.035871 0.420858 0.0364538
0.413029 0.0401741 0.413918 0.0402361
0.416439 0.0330627 0.41761 0.032368
0.393746 0.0168347 0.394275 0.0169164
0.404792 0.0308147 0.405617 0.0314716
0.427843 0.0439072 0.429533 0.0442427
0.411701 0.0387011 0.412667 0.039385
0.432556 0.0545823 0.434194 0.0549447
0.413406 0.039858 0.414558 0.0403329
0.437008 0.0589586 0.438241 0.0589734
0.428452 0.0429114 0.429861 0.043216
0.430893 0.052451 0.43171 0.0528056
0.396723 0.023399 0.397077 0.0238597
0.398432 0.018639 0.399193 0.0185067
0.394104 0.0247881 0.394803 0.0246837
0.413788 0.0416373 0.414501 0.041743
0.403963 0.0362885 0.405258 0.0365743
0.401857 0.0366965 0.403146 0.0364896
0.396339 0.0373408 0.397446 0.037132
0.414644 0.0455378 0.415789 0.0463153
0.389143 0.0357472 0.389627 0.0357159
0.388969 0.0192699 0.389373 0.0190676
0.387162 0.0280956 0.388397 0.028298
0.404191 0.0278391 0.404773 0.0283185
0.403413 0.0257492 0.403693 0.0260459
0.39571 0.0274493 0.396584 0.0275307
