0.250257 0.00761716 0.249792 0.00758634
0.288797 0.00553996 0.288362 0.00531659
0.293779 0.00281945 0.293647 0.00299029
0.299365 0.00541693 0.299 0.00564004
0.300745 0.00361236 0.300315 0.00370058
0.307077 0.0036525 0.305939 0.0039941
0.310341 0.00453839 0.30991 0.00415842
0.315711 0.00506036 0.315197 0.00411342
0.324455 0.00559069 0.323658 0.00520105
0.327272 0.00381666 0.32727 0.00448436
0.334906 0.00702546 0.334303 0.00648584
0.336983 0.00316697 0.336397 0.0021249
0.346705 0.00921821 0.346947 0.00895782
0.35403 0.00604145 0.354066 0.00594026
0.356801 0.00446359 0.357057 0.00387071
0.366303 0.0128737 0.365738 0.0116176
0.369666 0.00493258 0.369779 0.00571014
0.380543 0.00644559 0.379422 0.0054464
0.386586 0.00664188 0.386047 0.00496707
0.395173 0.00326581 0.393084 0.00510883
0.401982 0.0077469 0.399596 0.0039964
0.4072 0.00433389 0.406905 0.00340184
0.414687 0.00861936 0.416304 0.00710496
0.42928 0.00790917 0.427672 0.00640448
0.427632 0.00475617 0.427555 0.00615037
0.436686 0.00616137 0.437633 0.00642985
0.445482 0.00631693 0.444833 0.00658131
0.450481 0.00846137 0.449594 0.00817365
0.457757 0.00737214 0.456321 0.00473098
0.463255 0.00530528 0.462221 0.00549914
0.465647 0.0080609 0.467216 0.0068391
0.474193 0.00733459 0.474424 0.00713791
0.47839 0.00842914 0.478981 0.0077732
0.482476 0.00721414 0.482617 0.0034011
0.488682 0.0080881 0.491127 0.00969544
0.497733 0.00582642 0.495632 0.0033073
0.504479 0.00977903 0.502778 0.00780832
0.505864 0.00623704 0.504498 0.00668237
0.512089 0.00579762 0.510384 0.00403995
0.517889 0.00673608 0.517816 0.00836238
0.520259 0.00561887 0.522595 0.007264
0.526676 0.0109029 0.526864 0.00921957
0.529869 0.0058766 0.530793 0.00523047
0.531664 0.00846858 0.531018 0.00584092
0.536422 0.00662706 0.535462 0.00470156
0.543079 0.00777887 0.543487 0.00562102
0.546782 0.00856009 0.545059 0.00565008
0.549359 0.00593747 0.55032 0.00542867
0.552135 0.00449036 0.552687 0.00285889
0.55643 0.00218359 0.553815 0.00366622
0.560915 0.00436231 0.559972 0.0062637
0.561141 0.00387938 0.563526 0.00415721
0.567271 0.00263143 0.565684 0.00274603
0.57099 0.0048935 0.568951 0.00483005
0.572061 0.00662353 0.572357 0.00577131
0.575402 0.00616641 0.577078 0.00610508
0.578816 0.00527356 0.578075 0.00448188
0.580306 0.00499154 0.58184 0.00436216
0.582985 0.00512587 0.581809 0.00475622
0.583841 0.00356171 0.584143 0.00437809
0.590122 0.0048346 0.590157 0.00478258
0.590759 0.00704565 0.59292 0.00475369
0.593062 0.00379819 0.594647 0.00434521
0.595526 0.0040381 0.595487 0.00187523
0.599575 0.0043531 0.600575 0.00450833
0.601255 0.00809628 0.599447 0.00644209
0.601305 0.00492131 0.601781 0.00330759
0.603969 0.00620325 0.603989 0.00429958
0.60555 0.00406362 0.605757 0.00306631
0.610111 0.00605652 0.608993 0.0042019
0.611559 0.0035351 0.61068 0.00359233
0.615082 0.00646539 0.61222 0.00641276
0.616563 0.00496026 0.616275 0.00453713
0.616369 0.00794279 0.61644 0.00512559
0.614847 0.00456434 0.616705 0.00309464
0.619601 0.00444289 0.617955 0.00449364
0.617922 0.00421689 0.618709 0.00351877
0.62411 0.00411593 0.621021 0.00403535
0.623475 0.00498424 0.622418 0.00327805
0.624062 0.00738167 0.623619 0.00425597
0.627744 0.00371678 0.62528 0.00254857
0.630935 0.0056534 0.62983 0.00427245
0.629204 0.00258305 0.62846 0.00323998
0.63185 0.00374349 0.630702 0.00402392
0.633442 0.00725513 0.632625 0.00784643
0.63384 0.00370313 0.633372 0.00408337
0.636301 0.0039667 0.63472 0.00326477
0.633888 0.00566869 0.635178 0.00430987
0.632965 0.00244009 0.634303 0.00263109
0.637202 0.00477707 0.637395 0.00451574
0.638436 0.00257467 0.638409 0.00322643
0.640328 0.00323476 0.639811 0.00332639
0.639794 0.00317892 0.639128 0.00282226
0.642487 0.00525505 0.642628 0.00458765
0.641765 0.00402501 0.643661 0.00438338
0.643744 0.00280372 0.644749 0.00287686
0.644321 0.00322236 0.64453 0.00347488
0.64587 0.00304146 0.646058 0.00316922
0.646832 0.00454915 0.64625 0.00522705
0.646685 0.00603317 0.650746 0.00397054
