0.0545435 0.0427389 0.0543157 0.0427367
0.0376647 0.00899007 0.0374897 0.00891495
0.0355312 0.00683726 0.0354226 0.00677151
0.0483816 0.0263292 0.0482052 0.0262635
0.043983 0.0241315 0.0438002 0.0240911
0.0396836 0.0126118 0.0395292 0.012565
0.0353673 0.00501956 0.0352704 0.00495214
0.0325808 0.00252669 0.032474 0.00247167
0.042852 0.0131661 0.04269 0.0130684
0.0537072 0.0221413 0.0535227 0.0220702
0.0384369 0.00560302 0.0382521 0.00552938
0.0370692 0.0068609 0.0369288 0.00680874
0.0442488 0.0276697 0.0441637 0.0275902
0.039221 0.00695311 0.0390618 0.00688402
0.0418475 0.013907 0.0417283 0.013734
0.0320894 0.00282834 0.0320228 0.00278502
0.0372737 0.00732121 0.0371933 0.00724372
0.0372787 0.0064963 0.037154 0.00646005
0.0362131 0.00682569 0.036143 0.00674103
0.0359371 0.00722098 0.0358823 0.0071087
0.0349222 0.00688525 0.0348546 0.00682449
0.0336578 0.00444331 0.0336889 0.00432572
0.0372977 0.0107351 0.0372002 0.0106254
0.0374827 0.00944879 0.0374321 0.00940132
0.0383384 0.00900619 0.038282 0.00892051
0.0340339 0.00505835 0.0340239 0.00495762
0.0396352 0.0128997 0.0395201 0.0127868
0.041338 0.0135127 0.0412834 0.0134243
0.0380638 0.0140761 0.0381024 0.0139576
0.0425119 0.0133387 0.0424202 0.0132152
0.0403706 0.00965674 0.0402814 0.00951556
0.0376948 0.0106454 0.0377041 0.0105605
0.0368818 0.00948381 0.0369026 0.00937467
0.0387607 0.00809534 0.0386934 0.00798401
0.0391665 0.0103248 0.0391219 0.010233
0.0407647 0.0125524 0.0406861 0.0124022
0.0362836 0.0104088 0.0363064 0.0102107
0.0369469 0.0133043 0.0370392 0.0131561
0.0314986 0.0038223 0.0315793 0.0037447
0.0364061 0.00795826 0.0364085 0.00785193
0.0382603 0.00918661 0.0382261 0.00905411
0.0390717 0.0112269 0.0390455 0.0110894
0.033983 0.00769944 0.0340373 0.00760049
0.0348061 0.00719928 0.0348804 0.00708847
0.0371883 0.00564939 0.0371917 0.00552834
0.0384427 0.0104249 0.03845 0.0102681
0.0413878 0.0139497 0.0414295 0.0138586
0.0396163 0.0212731 0.0397181 0.0211917
0.0397636 0.00814782 0.0397679 0.00805315
0.0411371 0.0091906 0.0411224 0.00906254
0.0374401 0.00931824 0.0374935 0.00920634
0.0330614 0.00848607 0.0331265 0.00836141
0.0302072 0.00331881 0.0303478 0.00331986
0.0484639 0.0193572 0.0483608 0.0191465
0.0435528 0.0141535 0.0435237 0.0140645
0.0360387 0.00967486 0.0361394 0.00955512
0.0373559 0.0141136 0.0373959 0.0139643
0.0361985 0.0115102 0.0362967 0.0113308
0.0305291 0.00416722 0.030651 0.00409163
0.0401404 0.0136208 0.0401101 0.0135112
0.0362907 0.00929377 0.0363503 0.00917294
0.0418068 0.0119998 0.0417939 0.0118566
0.0368433 0.014176 0.0369279 0.0140059
0.0403994 0.0173322 0.0405012 0.0172009
0.0351979 0.00990221 0.0352864 0.00980833
0.0324576 0.00978042 0.0325973 0.00963375
0.0336838 0.00521032 0.0338399 0.00522713
0.035936 0.00753018 0.0360126 0.00742489
0.0349938 0.00690575 0.0351005 0.00685145
0.0332385 0.00436795 0.0334139 0.0043582
0.029231 0.00361592 0.0294057 0.00366373
0.0351497 0.01194 0.0352467 0.0117797
0.0330178 0.00882974 0.0331187 0.0087739
0.0349563 0.00823077 0.0350581 0.00815201
0.0306511 0.00447807 0.0308846 0.00451815
0.0304444 0.0043442 0.0306117 0.00436043
0.033171 0.0110674 0.0331754 0.0110429
0.0292849 0.0030098 0.0295015 0.00300279
0.0334213 0.00659107 0.0336041 0.00657844
0.0308275 0.00920363 0.030959 0.0091635
