0.341387 0.0129539 0.342236 0.0131925
0.345519 0.0223489 0.346083 0.0226388
0.350454 0.0245114 0.351284 0.0252824
0.352151 0.0337538 0.353256 0.034514
0.348838 0.0203526 0.349549 0.0203246
0.348806 0.0527477 0.349664 0.052814
0.360956 0.0414062 0.361932 0.0418831
0.34624 0.0192264 0.347447 0.0195834
0.329777 0.00485863 0.330105 0.00513307
0.339036 0.0195224 0.339631 0.0203411
0.337401 0.0275135 0.338161 0.0279684
0.342864 0.0288339 0.343745 0.029557
0.343488 0.0263477 0.344091 0.0265065
0.341233 0.0286316 0.342089 0.0289728
0.325939 0.004892 0.326258 0.00529777
0.349461 0.0370712 0.350417 0.0380021
0.333939 0.0175368 0.334561 0.0180563
0.332869 0.0117562 0.333331 0.0119797
0.342177 0.0184541 0.343213 0.0187113
0.330403 0.016547 0.331087 0.0168815
0.340715 0.0222425 0.341185 0.0228869
0.331018 0.0108338 0.331628 0.0109596
0.352385 0.0185252 0.353137 0.0187906
0.331023 0.0105201 0.331004 0.0106147
0.348974 0.030426 0.349603 0.0305626
0.334603 0.0156816 0.335236 0.0155557
0.335647 0.0105086 0.336061 0.0106478
0.330763 0.00828468 0.330898 0.0080824
0.338498 0.0144526 0.339214 0.0142751
0.330469 0.0156978 0.330595 0.0160269
0.345062 0.0213049 0.345732 0.0218539
0.326262 0.0128195 0.326554 0.0131803
0.33528 0.0258849 0.335684 0.025938
0.33304 0.00755617 0.333401 0.00781531
0.336356 0.0229178 0.336513 0.0230849
0.330287 0.00799764 0.330627 0.00797415
0.334077 0.0143373 0.334495 0.0145862
0.325468 0.00743975 0.325798 0.00731889
0.331026 0.0111855 0.331611 0.0111534
0.332881 0.0107864 0.333574 0.0109264
0.329548 0.0115218 0.330242 0.0114458
0.331337 0.0150231 0.332168 0.0148672
0.327234 0.00687045 0.327606 0.00668839
0.328534 0.016241 0.328877 0.01602
0.316005 0.00220136 0.316401 0.00218542
0.329638 0.00730344 0.330242 0.00754585
0.331119 0.0200424 0.33174 0.0202884
0.330118 0.0176108 0.330313 0.0176918
0.32903 0.016709 0.329657 0.0162839
0.338633 0.0167914 0.339571 0.0171015
0.338005 0.0240209 0.338869 0.0237983
0.324338 0.0064774 0.325037 0.00639373
0.34285 0.0210404 0.343098 0.0210091
0.335111 0.026637 0.335472 0.0268044
0.32947 0.0150056 0.329649 0.014973
0.322855 0.00964099 0.322797 0.00969961
0.322158 0.00740549 0.322651 0.00734031
0.329009 0.0188633 0.329361 0.0188039
0.326409 0.0140746 0.327148 0.013948
0.320244 0.00941667 0.320953 0.00922063
0.323782 0.00942841 0.324766 0.00964136
0.323434 0.0144654 0.324321 0.0146733
0.324787 0.0103753 0.325186 0.0104594
0.325932 0.0172091 0.327109 0.0171402
0.329874 0.0158626 0.330548 0.0155855
0.334598 0.024573 0.33499 0.0242348
0.317396 0.00945282 0.317929 0.00938514
0.321336 0.0114442 0.322187 0.0115242
0.323062 0.0142417 0.323758 0.0142544
0.326269 0.0159031 0.326916 0.0160673
0.323432 0.0113735 0.324638 0.0110361
0.318931 0.0136628 0.319656 0.0132214
0.319203 0.00812472 0.3201 0.00822376
0.324722 0.0111783 0.32597 0.0116327
0.320823 0.00939434 0.321708 0.0091988
0.324049 0.00681875 0.324927 0.00678894
0.320746 0.0129744 0.321742 0.0127377
0.327538 0.0174461 0.328965 0.0169914
0.314549 0.00547851 0.315366 0.00492875
0.316317 0.00668317 0.317994 0.00684762
