0.0235469 0.00169563 0.0235118 0.00168223
0.024447 0.00266667 0.0244102 0.00267325
0.02295 0.00151546 0.0229162 0.00150419
0.0233616 0.00168961 0.0233232 0.00167835
0.022423 0.000981937 0.0223894 0.000971474
0.021564 0.0004231 0.0215338 0.000420144
0.0210888 0.000252907 0.0210664 0.000251758
0.0224711 0.00147652 0.0224376 0.00146513
0.0220786 0.00151879 0.0220422 0.00150612
0.0232822 0.0037974 0.0232472 0.00379509
0.0212549 0.000486688 0.0212278 0.000483764
0.021802 0.00190431 0.0217674 0.00188889
0.0209801 0.000389967 0.0209506 0.00038601
0.0210828 0.000832733 0.021054 0.000826922
0.0209704 0.000519491 0.0209357 0.000516093
0.0212194 0.00089965 0.0211842 0.000888462
0.0208269 0.000377919 0.0207984 0.000371693
0.0210548 0.00129472 0.0210247 0.00128306
0.0210195 0.00113985 0.0209862 0.00112983
0.020597 0.000227948 0.0205681 0.000224721
0.0205499 0.000100412 0.0205199 9.81863e-05
0.0205173 9.33342e-05 0.0204856 9.4648e-05
0.0206258 0.000199865 0.0205943 0.000198163
0.0208318 0.00088212 0.0207974 0.000871282
0.0211524 0.00133283 0.021117 0.00131938
0.0205268 0.000154012 0.0204961 0.000152324
0.0204772 0.000126983 0.0204468 0.000127039
0.0206023 0.00033178 0.0205689 0.000327309
0.0204308 4.52105e-05 0.0203981 4.5758e-05
0.0204359 8.36138e-05 0.020405 8.45266e-05
0.0208807 0.00142231 0.0208438 0.00140914
0.0204009 9.07316e-05 0.0203687 9.09892e-05
0.0203785 0.000169779 0.0203464 0.000169831
0.0205021 0.000248662 0.02047 0.00024772
0.0204962 0.000289715 0.0204647 0.000288267
0.0204898 0.000310563 0.0204599 0.000309908
0.020501 0.000337898 0.0204679 0.000335758
0.02037 9.783e-05 0.0203385 9.96717e-05
0.0203719 0.000156278 0.0203401 0.000155683
0.0203181 0.000170242 0.0202859 0.000171239
0.0205013 0.00038975 0.0204674 0.000387542
0.0203505 0.000203883 0.0203197 0.000205072
0.0204167 0.000195914 0.0203867 0.000196739
0.0205352 0.000491258 0.0205021 0.000486934
0.0202864 0.000220531 0.0202539 0.000221497
0.020267 0.000179693 0.020234 0.000180857
0.0204145 0.000451984 0.0203805 0.000450777
0.0201823 0.000114197 0.0201499 0.000114691
0.0202675 0.00021812 0.0202357 0.000216184
0.0202036 0.000185518 0.0201707 0.000187334
0.0202377 0.000207036 0.0202044 0.00020575
0.020143 0.00016415 0.0201102 0.000164913
0.0201922 0.0001335 0.0201606 0.00013391
0.020099 7.81333e-05 0.0200664 7.86027e-05
0.0200378 0.000188274 0.0200058 0.00019054
0.0201195 0.00011819 0.0200849 0.000118383
0.020076 0.000141246 0.0200436 0.000141063
0.0200812 0.000136041 0.0200483 0.000136313
0.0201349 0.000260982 0.0200999 0.000259771
0.0201167 0.000129814 0.0200822 0.000130453
0.020131 0.000187241 0.0200982 0.000187091
0.0198992 0.00032024 0.0198641 0.000319938
0.0197548 0.000851965 0.019719 0.000856326
0.0199321 0.000352159 0.0198987 0.00035154
0.0198467 0.00031238 0.0198145 0.000313465
0.019332 0.00108303 0.0192983 0.0010831
0.0184281 0.00220807 0.018384 0.00221946
0.0173758 0.00259659 0.0173361 0.00260389
0.0182177 0.00217705 0.0181715 0.00218896
0.0184633 0.00272222 0.0184233 0.00273063
0.0183457 0.00173055 0.0183006 0.00173913
0.0170322 0.00294559 0.0169828 0.0029588
0.016176 0.00319557 0.0161217 0.00321329
0.0152532 0.00270743 0.0151957 0.00272458
0.0168232 0.00312613 0.0167722 0.00313953
0.0160713 0.00319483 0.0160153 0.00321021
0.0148669 0.0030641 0.0148095 0.00307616
0.0142498 0.00237021 0.0141784 0.00238437
0.0152801 0.00253443 0.015219 0.00254869
0.0144611 0.00373919 0.0143949 0.00375456
