0.268575 0.00339732 0.268138 0.00336192
0.264936 0.00376816 0.26454 0.00369801
0.263573 0.00408871 0.263171 0.00403741
0.264319 0.0069479 0.263903 0.006902
0.259634 0.00847695 0.259241 0.00837927
0.256124 0.0082769 0.255749 0.00820446
0.252765 0.00745201 0.252391 0.00739546
0.252298 0.00621824 0.251941 0.00617518
0.249561 0.00834472 0.249177 0.00828161
0.24923 0.0101933 0.248849 0.010092
0.246756 0.00678311 0.246451 0.00672541
0.244149 0.00471979 0.243842 0.00468743
0.245232 0.00507328 0.24491 0.00506099
0.240273 0.00422334 0.239942 0.00419162
0.248307 0.0112635 0.247949 0.0111279
0.245045 0.00768133 0.244689 0.00760865
0.242215 0.00795178 0.241841 0.00787583
0.242782 0.00886616 0.242419 0.00880509
0.238978 0.00573323 0.238615 0.00569146
0.241478 0.00717673 0.241097 0.00711836
0.240352 0.00455441 0.239998 0.0045469
0.242331 0.0100399 0.241934 0.00991931
0.241371 0.00745341 0.241011 0.00740892
0.243596 0.00999681 0.243206 0.00989853
0.240309 0.00651155 0.23994 0.00647934
0.237625 0.00877285 0.237237 0.00870532
0.238861 0.00701364 0.238485 0.00699397
0.239178 0.00678548 0.238815 0.0067637
0.235067 0.00330035 0.234691 0.00326633
0.238395 0.0103046 0.238021 0.0102256
0.235547 0.00452458 0.235189 0.00450662
0.237349 0.00649801 0.237 0.00647159
0.235639 0.0042032 0.235291 0.00418457
0.234689 0.00388109 0.234343 0.00386602
0.235632 0.0044705 0.235262 0.0044226
0.235057 0.00407726 0.234688 0.00406819
0.233384 0.00385147 0.233036 0.00381214
0.232757 0.00311716 0.232421 0.0030907
0.235168 0.00386893 0.234814 0.00383477
0.234665 0.00413145 0.234312 0.00411662
0.23207 0.00413401 0.231765 0.00411184
0.232577 0.00318256 0.232251 0.00316961
0.233321 0.00310472 0.233002 0.00311343
0.234802 0.00598398 0.23449 0.0059267
0.23559 0.00461164 0.235265 0.00457405
0.229268 0.00218016 0.228991 0.00212675
0.23228 0.00385972 0.231979 0.00381909
0.232914 0.00448622 0.232611 0.00443807
0.230721 0.00275389 0.230441 0.00272803
0.230332 0.00360224 0.230094 0.0035558
0.22979 0.00228917 0.229526 0.00225976
0.230432 0.00566094 0.230182 0.00558218
0.230395 0.00230761 0.230133 0.00225579
0.229464 0.002116 0.229212 0.0021064
0.228536 0.00301613 0.228314 0.00296117
0.227096 0.00243491 0.22691 0.00239706
0.22927 0.00175533 0.229035 0.00173954
0.229939 0.00438365 0.229738 0.00432911
0.229618 0.00394982 0.229404 0.00391658
0.229077 0.00302555 0.22888 0.00300227
0.2264 0.00251827 0.226254 0.00250794
0.228399 0.00417974 0.228199 0.00414753
0.226011 0.00455732 0.225842 0.0045488
0.227098 0.00880924 0.226898 0.00879883
0.22416 0.00689292 0.224001 0.00689895
0.226485 0.00780524 0.226313 0.007777
0.224339 0.00676992 0.224148 0.00679472
0.22705 0.00636582 0.22687 0.00633647
0.221466 0.00847057 0.221263 0.00849306
0.224545 0.00754237 0.224316 0.00755198
0.215582 0.0133739 0.215339 0.0134349
0.217086 0.0149584 0.216812 0.0150584
0.216693 0.0136543 0.21637 0.0137189
0.217341 0.0115569 0.217148 0.0115544
0.215701 0.0109721 0.21536 0.0110676
0.217148 0.0143029 0.216804 0.0143946
0.208876 0.0107669 0.208508 0.0108337
0.206015 0.0151591 0.205618 0.0152634
0.207823 0.0113936 0.207536 0.0115541
0.208178 0.0149027 0.207936 0.0149239
