0.328193 0.0251467 0.328147 0.025604
0.331627 0.0256246 0.331591 0.0263347
0.332557 0.0611352 0.332216 0.0617978
0.341079 0.0458366 0.341129 0.0463103
0.317538 0.0156526 0.317138 0.0161636
0.351345 0.0897412 0.351341 0.0904217
0.331986 0.0532049 0.332043 0.0541302
0.354602 0.0584743 0.354962 0.0590179
0.318423 0.0180705 0.31813 0.0183487
0.368902 0.0905272 0.369055 0.0913173
0.327094 0.0231261 0.327063 0.0235215
0.31544 0.0122417 0.315102 0.0123666
0.326498 0.056001 0.32644 0.0570246
0.339137 0.031953 0.339234 0.0323336
0.319756 0.0244207 0.319642 0.0249626
0.328269 0.0258972 0.328149 0.0261859
0.310799 0.0105583 0.310372 0.0107377
0.325907 0.0330643 0.325848 0.033517
0.344508 0.0612448 0.345033 0.0624674
0.335015 0.0308573 0.335252 0.0314104
0.335004 0.0292483 0.335161 0.0296141
0.321758 0.0198541 0.321785 0.0198571
0.312562 0.00963973 0.312165 0.00970622
0.325867 0.0302632 0.325858 0.0308036
0.340224 0.0597282 0.340416 0.060955
0.323941 0.0282886 0.32374 0.0284985
0.333626 0.0287515 0.33361 0.0293344
0.328861 0.0252571 0.328622 0.0257772
0.312352 0.00913843 0.311906 0.00928599
0.312001 0.0118072 0.311924 0.0118045
0.314651 0.0149598 0.314565 0.0151378
0.321505 0.0296935 0.321493 0.0302188
0.314463 0.019342 0.314516 0.0193713
0.322673 0.0233496 0.322488 0.0235323
0.326296 0.0251007 0.326288 0.0250465
0.310451 0.0064641 0.310182 0.00639037
0.313112 0.00875598 0.313218 0.00891738
0.322292 0.0265606 0.322375 0.0268035
0.31112 0.00981394 0.311205 0.00970159
0.322647 0.0375682 0.322799 0.0380619
0.322664 0.0323248 0.322731 0.0322271
0.312579 0.00842976 0.312722 0.00835973
0.312741 0.0168507 0.312511 0.0168966
0.324223 0.025658 0.324411 0.0255502
0.311747 0.00703807 0.311693 0.00726904
0.313319 0.0140634 0.313392 0.0137895
0.318345 0.0304272 0.318579 0.0306258
0.32071 0.0220024 0.3207 0.0220302
0.315009 0.0149956 0.314835 0.0146422
0.304915 0.00326021 0.304818 0.0030744
0.318851 0.0180566 0.318846 0.0179322
0.31438 0.0116641 0.314731 0.0113225
0.316147 0.0349557 0.316739 0.0352459
0.313353 0.014235 0.313483 0.0141961
0.307648 0.00854502 0.307638 0.00872019
0.314602 0.0157062 0.31469 0.0160387
0.317666 0.0212979 0.317936 0.0211837
0.316223 0.0290903 0.31655 0.0291447
0.311933 0.0167593 0.311919 0.0167011
0.314603 0.0269438 0.314243 0.0266728
0.307893 0.0215888 0.308398 0.0213338
0.31231 0.0132059 0.312452 0.0129494
0.312813 0.0330987 0.313263 0.0332149
0.310558 0.0176043 0.310769 0.0176381
0.30959 0.0228344 0.310006 0.0227592
0.307262 0.015201 0.307494 0.014648
0.314449 0.0134273 0.314532 0.0129359
0.329684 0.030567 0.329763 0.030472
0.315106 0.0180166 0.315381 0.0173591
0.304226 0.0113886 0.30462 0.0110795
0.31448 0.021107 0.314685 0.0205588
0.303838 0.0221202 0.304074 0.0221
0.32272 0.0350679 0.323064 0.0348306
0.3013 0.0111331 0.301494 0.0111217
0.304316 0.0205766 0.304888 0.0205702
0.305521 0.0210768 0.305363 0.0205238
0.312959 0.0234822 0.313475 0.0231559
0.305427 0.0180436 0.305656 0.0177242
0.310501 0.0153143 0.311189 0.0155632
0.305322 0.0175935 0.305841 0.0173943
