0.0210605 0.000511347 0.0210263 0.000509613
0.0316998 0.00175376 0.0316559 0.00176435
0.0369191 0.00195618 0.0369319 0.00190114
0.0399268 0.00198748 0.0398038 0.00202597
0.0461085 0.00614696 0.046009 0.00619397
0.0531459 0.00444311 0.0533655 0.00465378
0.0512846 0.00221974 0.0513411 0.0023725
0.0565619 0.00514849 0.056339 0.00514407
0.0668564 0.0112367 0.0668574 0.0114263
0.0704767 0.00761457 0.070741 0.00756312
0.0783354 0.0156883 0.0783183 0.0161349
0.0841094 0.0121868 0.0835106 0.0123944
0.0802001 0.00876384 0.0799597 0.00887034
0.0915471 0.00861059 0.0912796 0.00852052
0.0938058 0.00948001 0.0935433 0.00967856
0.0923954 0.00731518 0.0922227 0.00786783
0.0916057 0.00688174 0.0914473 0.00686802
0.0955296 0.00930952 0.0956335 0.00905744
0.109975 0.0125569 0.110004 0.0118346
0.103193 0.00839395 0.102867 0.00913725
0.109608 0.00806367 0.10972 0.00815175
0.116159 0.00937557 0.115601 0.00918686
0.118034 0.00463804 0.117979 0.00481898
0.122319 0.00851661 0.121882 0.00824009
0.117788 0.0100262 0.117674 0.00962379
0.132784 0.0111195 0.131697 0.0110886
0.13236 0.00783549 0.132193 0.00836884
0.129579 0.00937141 0.128832 0.0095468
0.134766 0.00670016 0.134359 0.00727503
0.133761 0.00751592 0.134166 0.00765889
0.139252 0.00492385 0.139301 0.00527259
0.142893 0.00843835 0.1428 0.00948198
0.148732 0.00787533 0.149051 0.00718361
0.145644 0.00824476 0.145602 0.00714998
0.150458 0.00793356 0.149946 0.00894755
0.150309 0.00737798 0.149382 0.00767561
0.153936 0.0055363 0.153099 0.00324383
0.156265 0.00488388 0.155231 0.00492941
0.155178 0.00533188 0.155529 0.00476024
0.161877 0.00690212 0.161062 0.00717621
0.163142 0.00551597 0.16232 0.00552737
0.16365 0.00449772 0.162749 0.00406239
0.16437 0.00532276 0.164213 0.0047185
0.166634 0.005701 0.166299 0.00571601
0.169733 0.00610374 0.169252 0.00542498
0.171326 0.00432804 0.170841 0.00437143
0.173684 0.00727586 0.174176 0.0064378
0.172569 0.00670982 0.172988 0.00671691
0.171538 0.00528468 0.171672 0.00466708
0.1819 0.00464099 0.181263 0.00510142
0.180331 0.00326115 0.180905 0.00297478
0.18281 0.00761009 0.182728 0.0067548
0.183833 0.00575167 0.183494 0.0059206
0.188175 0.00445656 0.187875 0.00430813
0.185046 0.00474175 0.184337 0.00519073
0.185356 0.0023087 0.185003 0.00323369
0.187444 0.00452052 0.187341 0.0046564
0.190742 0.0058411 0.190054 0.00519667
0.189694 0.00605525 0.190247 0.00643833
0.198391 0.00722433 0.198199 0.00655915
0.195352 0.00489692 0.194914 0.00497426
0.199387 0.00425115 0.198784 0.00502006
0.197696 0.00257193 0.197357 0.00293411
0.199001 0.00475382 0.198419 0.00442805
0.200064 0.00489234 0.200399 0.00348359
0.201623 0.0032816 0.200668 0.00430709
0.20524 0.00520202 0.204699 0.00483509
0.209172 0.00569971 0.20801 0.0054772
0.208061 0.00464706 0.206731 0.00514453
0.213166 0.00700291 0.213059 0.00726925
0.210438 0.00417667 0.210507 0.00444694
0.212466 0.00290091 0.213423 0.00332792
0.214289 0.00624304 0.213048 0.00648011
0.213946 0.0037052 0.212652 0.00452689
0.213535 0.00439932 0.214047 0.00490613
0.214017 0.00351328 0.213049 0.00345237
0.215623 0.00332058 0.214093 0.00395004
0.220178 0.0058483 0.220364 0.00498803
0.218071 0.00427745 0.218537 0.00405634
0.22248 0.00499558 0.222233 0.00519859
0.222657 0.00516362 0.222624 0.0064221
0.22535 0.00582734 0.224923 0.00449196
0.224328 0.004565 0.224178 0.00452123
0.225247 0.003037 0.225335 0.00273917
0.228355 0.0048562 0.229373 0.00490119
0.231927 0.00453723 0.231627 0.00563995
0.228298 0.00394487 0.228685 0.00232637
0.227155 0.00333707 0.227874 0.0031221
0.230898 0.00534313 0.230786 0.00454757
0.232836 0.00375205 0.232342 0.0036794
0.233941 0.00504946 0.233628 0.00422166
0.236211 0.00722593 0.234961 0.00642611
0.237077 0.00463115 0.236929 0.00555611
0.239419 0.00520774 0.237257 0.00492436
0.238796 0.00532812 0.237951 0.00508264
0.240328 0.00623077 0.239408 0.00518835
0.2414 0.00349072 0.241578 0.00318074
0.242602 0.00320924 0.24157 0.00328452
0.248105 0.0074214 0.246187 0.00636239
0.242909 0.00383817 0.24324 0.00545888
