0.242938 0.0109457 0.242462 0.0109073
0.284246 0.00700172 0.283632 0.00682487
0.291792 0.00714763 0.291427 0.00679042
0.294222 0.0042755 0.293648 0.00448594
0.296867 0.00448146 0.296648 0.00368411
0.30054 0.00616584 0.30062 0.00503307
0.303407 0.00484321 0.302227 0.00465533
0.308884 0.00742597 0.308653 0.00654143
0.31119 0.00385504 0.310817 0.00299522
0.315276 0.00504715 0.314979 0.00410405
0.32193 0.00666622 0.321446 0.00653308
0.323817 0.00247238 0.324082 0.00231712
0.328965 0.00374149 0.328149 0.00398628
0.333078 0.00319335 0.33393 0.00315409
0.339867 0.00543679 0.33813 0.00581406
0.345824 0.00563042 0.34434 0.00602397
0.34971 0.00548857 0.349604 0.00389688
0.355226 0.00397525 0.352553 0.00454455
0.360109 0.00467412 0.359001 0.00526227
0.368714 0.00987665 0.367348 0.00992075
0.375266 0.00840746 0.374599 0.00907591
0.372687 0.00329699 0.37412 0.00304023
0.380082 0.00226451 0.380361 0.00313361
0.386407 0.00534776 0.386987 0.00472239
0.392315 0.00522607 0.389746 0.00234558
0.403054 0.00802399 0.401795 0.00600282
0.407812 0.0124848 0.406786 0.0123444
0.409601 0.00564024 0.410262 0.0046901
0.41588 0.00442912 0.414327 0.00484944
0.426076 0.00455755 0.426542 0.00532549
0.427062 0.0062297 0.426189 0.00427243
0.430043 0.00474562 0.428255 0.00298629
0.434186 0.00656008 0.433213 0.00383249
0.439386 0.00431074 0.440284 0.00628187
0.449618 0.0147796 0.453694 0.0139555
0.452948 0.0117295 0.45311 0.0120339
0.45586 0.00825314 0.456405 0.0057419
0.462001 0.00640716 0.461102 0.00668423
0.462855 0.00516731 0.464112 0.00349945
0.47128 0.0139629 0.471227 0.0111977
0.476986 0.0113759 0.477104 0.0126691
0.480394 0.00665024 0.479862 0.00622786
0.486162 0.00688011 0.4836 0.00544378
0.486091 0.00627486 0.485349 0.0050943
0.490987 0.00437209 0.489196 0.00334701
0.494649 0.00612049 0.493036 0.00356289
0.508874 0.0134108 0.507329 0.0139022
0.501756 0.00584075 0.50399 0.00510174
0.50437 0.00691775 0.504328 0.00500693
0.507408 0.00376903 0.507296 0.00247406
0.516247 0.00974729 0.516519 0.00895565
0.516628 0.00653099 0.517343 0.00353769
0.525797 0.0146573 0.523241 0.0133809
0.531422 0.0114296 0.530172 0.0111301
0.532842 0.00697515 0.532104 0.00859974
0.533978 0.00892509 0.533586 0.00721603
0.533358 0.00562902 0.534238 0.00658195
0.537012 0.00583254 0.538483 0.00532834
0.540612 0.00459895 0.540348 0.00489945
0.547851 0.0140863 0.545433 0.0139801
0.550705 0.0120577 0.549709 0.0109007
0.546485 0.00687577 0.548639 0.00396709
0.549206 0.00414552 0.547551 0.00353176
0.553575 0.00418706 0.55105 0.00478394
0.553039 0.00522944 0.552431 0.00217048
0.559388 0.0035915 0.559908 0.00425405
0.564319 0.00568361 0.563642 0.00489146
0.563288 0.00513377 0.562089 0.00387504
0.561821 0.00424981 0.564481 0.00459793
0.567212 0.00472445 0.567665 0.00490028
0.569041 0.00486457 0.568156 0.00270118
0.573922 0.00585003 0.570574 0.00478173
0.574672 0.00466611 0.574042 0.00339087
0.576418 0.00582869 0.573809 0.00466176
0.575106 0.00506868 0.576642 0.00167743
0.580378 0.00275575 0.580071 0.00590761
0.581768 0.00423429 0.581995 0.00472281
0.585138 0.00648722 0.586571 0.00601856
0.586482 0.00474696 0.587481 0.00459429
0.586391 0.00514474 0.587937 0.00518043
0.589857 0.0047873 0.590047 0.00297853
0.59083 0.0064917 0.589283 0.00588758
0.592765 0.00684605 0.593075 0.00529643
0.59974 0.00568525 0.597929 0.00507662
0.597325 0.00461829 0.592839 0.00350422
0.598477 0.00679475 0.597421 0.00584514
0.597863 0.0034148 0.598229 0.0051564
0.602778 0.0036919 0.603095 0.00505391
0.602744 0.00343174 0.600871 0.0029555
0.604569 0.00440532 0.602228 0.00443439
0.60369 0.0041616 0.6036 0.00428275
0.605977 0.00511584 0.605176 0.00392523
0.608395 0.00783415 0.607799 0.00321704
0.609721 0.0027056 0.608229 0.00219937
0.615359 0.00664584 0.612311 0.00427473
0.610136 0.00475133 0.612699 0.002378
0.613864 0.00352464 0.611381 0.0031748
0.612042 0.00475437 0.61134 0.00345811
0.614671 0.00467307 0.613902 0.00367214
0.616809 0.00370624 0.615387 0.00285889
