0.704892 0.0777447 0.705177 0.07792
0.73371 0.00836621 0.733875 0.0081166
0.691098 0.0740145 0.691392 0.0741752
0.726898 0.0280567 0.726801 0.0287953
0.70597 0.0465915 0.706565 0.0460354
0.709604 0.0643351 0.709858 0.0657083
0.681143 0.121913 0.680208 0.123661
0.72772 0.044892 0.728066 0.0450209
0.739665 0.00929047 0.740126 0.00976073
0.73266 0.0216061 0.73316 0.0215442
0.734494 0.0202254 0.734008 0.0209726
0.739323 0.0103935 0.739592 0.010975
0.705299 0.0552885 0.705476 0.0549831
0.724569 0.0452419 0.724761 0.0455137
0.746262 0.00183828 0.74673 0.00134944
0.745169 0.00427307 0.745819 0.00390578
0.737136 0.0196316 0.736876 0.0184752
0.739576 0.0172705 0.739932 0.0170498
0.742143 0.0107366 0.742393 0.00978124
0.733359 0.0278724 0.733676 0.027919
0.74661 0.00185142 0.746814 0.00211598
0.747161 0.0017226 0.747221 0.00144427
0.747329 0.00112829 0.747677 0.000968542
0.746683 0.00464668 0.747025 0.00416287
0.746711 0.00212277 0.747405 0.00127062
0.747089 0.00331601 0.747604 0.00278086
0.747531 0.00289163 0.74698 0.00271178
0.748002 0.00113066 0.748583 0.00119022
0.734363 0.0322134 0.734355 0.0325377
0.745567 0.00521811 0.745554 0.00529119
0.748558 0.00228238 0.748671 0.00303728
0.744811 0.0108229 0.744798 0.0119141
0.747533 0.00490956 0.747183 0.00581368
0.745371 0.010088 0.745192 0.0110143
0.749107 0.00206987 0.749751 0.00252456
0.749187 0.00197397 0.749808 0.00175938
0.749408 0.00116701 0.749015 0.00106616
0.747471 0.00537824 0.747895 0.00591743
0.750781 0.00167679 0.751109 0.00215541
0.749583 0.00354671 0.751121 0.004408
0.749434 0.00489313 0.749294 0.00385164
0.74986 0.0032669 0.749855 0.00369811
0.750381 0.00172489 0.750105 0.00229763
0.751401 0.00419576 0.750889 0.00323588
0.751898 0.0039029 0.75202 0.00302878
0.750928 0.00157367 0.751571 0.000926608
0.751006 0.00142076 0.751261 0.00145516
0.752419 0.00117888 0.751882 0.00211863
0.751762 0.0019992 0.751808 0.00321266
0.752303 0.00328926 0.752303 0.00161178
0.751014 0.00173691 0.751496 0.00162832
0.751676 0.00410457 0.752471 0.00403373
0.75334 0.00481131 0.753696 0.00408791
0.752135 0.00304 0.753003 0.00258348
0.75309 0.00475191 0.753295 0.00304768
0.753255 0.00345136 0.753431 0.00427123
0.750916 0.00770798 0.751204 0.00773469
0.754037 0.00373061 0.754006 0.00417719
0.754658 0.00312732 0.754855 0.00313459
0.752889 0.00125719 0.753516 0.00168361
0.755012 0.00530241 0.755563 0.00394968
0.751485 0.00563117 0.75196 0.00563013
0.754076 0.00154351 0.753893 0.00208723
0.756091 0.00428598 0.756269 0.00430546
0.753435 0.00363635 0.753885 0.0029344
0.753797 0.00220733 0.754438 0.00144601
0.758677 0.00545744 0.758884 0.0047748
0.754646 0.00231343 0.75569 0.00169408
0.755203 0.00182241 0.754932 0.00147889
0.756344 0.00227457 0.757007 0.00188964
0.757354 0.00372619 0.758224 0.00280391
0.759009 0.00539076 0.75885 0.00568238
0.758058 0.00441453 0.75755 0.00469173
0.756817 0.00420466 0.757528 0.00346854
0.757271 0.00159844 0.757342 0.00252945
0.756559 0.00155857 0.756611 0.00209628
0.757334 0.00186969 0.757638 0.00104606
0.759391 0.00213746 0.758816 0.00209431
0.762117 0.00756717 0.762546 0.00690901
0.759839 0.00231492 0.759768 0.000902978
0.759298 0.00265032 0.759859 0.00299079
0.760279 0.00538619 0.760899 0.00467556
0.759436 0.00275553 0.759986 0.00238396
0.757987 0.00190004 0.759543 0.00155034
0.75954 0.00160342 0.759243 0.00190603
0.7588 0.00230632 0.760538 0.00163569
0.762648 0.00376218 0.762171 0.00259424
0.761247 0.00251662 0.761636 0.00209824
0.76044 0.00280244 0.761993 0.00183087
0.760572 0.0025904 0.761785 0.00297429
0.762053 0.00321209 0.76404 0.00306799
0.761832 0.00522529 0.762985 0.00417972
0.764957 0.00475094 0.766014 0.00450243
0.761471 0.00225058 0.761721 0.00169951
0.763683 0.00255771 0.763287 0.00176282
0.762205 0.00262599 0.763852 0.00207975
0.764652 0.00867028 0.76494 0.00760959
0.763671 0.00192735 0.764114 0.00312875
0.764066 0.00378306 0.764951 0.00213634
0.768346 0.00739386 0.769437 0.0080621
