0.249533 0.00848048 0.249103 0.00841359
0.283692 0.00725928 0.283131 0.00715381
0.290595 0.00596879 0.290142 0.00569087
0.295233 0.00495493 0.294672 0.00532141
0.300221 0.00378167 0.29968 0.00431742
0.300736 0.00581984 0.300094 0.00578435
0.306299 0.00543651 0.305115 0.00600552
0.310615 0.00331975 0.308942 0.00314393
0.310095 0.0022125 0.309811 0.0022492
0.319389 0.00664797 0.31962 0.00664817
0.322118 0.00565857 0.320527 0.00501338
0.323248 0.00237895 0.323523 0.00236711
0.331012 0.00454205 0.328741 0.00449477
0.337367 0.00750049 0.335899 0.00845548
0.338771 0.00294896 0.337221 0.00209751
0.343117 0.00526004 0.342667 0.0043512
0.352265 0.00309398 0.351807 0.00416416
0.357117 0.00427381 0.356974 0.00361545
0.365839 0.00453499 0.364503 0.00458102
0.371366 0.00775586 0.370199 0.00941194
0.372008 0.00531697 0.372577 0.00483938
0.377827 0.00398558 0.378398 0.00287264
0.387952 0.00528742 0.387235 0.00519863
0.391212 0.00923982 0.391323 0.00977404
0.395326 0.00432896 0.396017 0.00544778
0.403795 0.00753416 0.404235 0.00823496
0.407356 0.00724051 0.408375 0.0054286
0.41216 0.00593487 0.414237 0.00479897
0.41836 0.00339659 0.418698 0.00548667
0.426528 0.00716462 0.425793 0.00687641
0.43101 0.00723787 0.432535 0.00619722
0.435073 0.0088028 0.435541 0.00524132
0.440436 0.00534335 0.441742 0.00564191
0.449791 0.00703449 0.447754 0.00565575
0.449915 0.00685393 0.451876 0.00700859
0.457227 0.00652657 0.457653 0.00450713
0.462112 0.0106095 0.46232 0.0106021
0.469779 0.00933691 0.468675 0.00915976
0.468487 0.00526055 0.469788 0.00562407
0.475409 0.00741763 0.476704 0.0102698
0.481071 0.00543643 0.479589 0.00563435
0.483715 0.00954772 0.486075 0.00640478
0.490631 0.00859225 0.489819 0.00869668
0.492826 0.00388008 0.490192 0.0054534
0.496506 0.00579155 0.496172 0.00667662
0.500912 0.00518951 0.499621 0.00617994
0.503024 0.00474339 0.503431 0.00487692
0.513243 0.00775228 0.511474 0.00756582
0.517708 0.0048957 0.512769 0.00494072
0.5205 0.00434728 0.516703 0.00526715
0.524142 0.00640743 0.521915 0.00581819
0.522054 0.00756788 0.52316 0.00546596
0.52935 0.0111295 0.530496 0.0125447
0.528673 0.00525966 0.528761 0.00555298
0.534365 0.00421667 0.53454 0.00247654
0.535505 0.00542715 0.537692 0.00391281
0.53836 0.00327609 0.538276 0.0031247
0.546075 0.00960236 0.545387 0.00853263
0.547367 0.00467404 0.547193 0.00482522
0.545739 0.00517873 0.547076 0.00352392
0.553099 0.00533372 0.552207 0.00635065
0.552951 0.0068871 0.553645 0.00536076
0.555574 0.00670404 0.556623 0.00318311
0.559595 0.00564656 0.559326 0.00561496
0.560113 0.00456597 0.55864 0.00562135
0.563911 0.00676817 0.563865 0.00536173
0.565931 0.00606024 0.566193 0.00807219
0.566624 0.00581715 0.567721 0.0054833
0.570322 0.00283774 0.570095 0.00246913
0.574149 0.00416781 0.575311 0.00396133
0.574269 0.00377865 0.572609 0.00452017
0.580896 0.00961022 0.580458 0.00751416
0.580941 0.00293093 0.57909 0.00434684
0.582448 0.00426726 0.578687 0.00286179
0.588768 0.00994828 0.586283 0.00893375
0.58442 0.00618961 0.585838 0.00344754
0.587635 0.00727443 0.586928 0.00467078
0.58745 0.00342583 0.58652 0.0035806
0.587936 0.00518988 0.589497 0.00316231
0.592251 0.00549686 0.589982 0.00419405
0.595816 0.00571191 0.594715 0.00505145
0.59846 0.00677616 0.597134 0.00474417
0.599057 0.00291229 0.597889 0.00459209
0.596668 0.00614197 0.59805 0.0035821
0.599645 0.00452154 0.5996 0.00386952
0.604648 0.00847042 0.603813 0.00797052
0.60247 0.00335655 0.603077 0.00440022
0.601997 0.00414152 0.605063 0.00385666
0.606136 0.00529767 0.606846 0.0052994
0.604731 0.00268836 0.605698 0.0030868
0.608456 0.00497502 0.607989 0.00316949
0.609227 0.00471201 0.608392 0.00333969
0.610884 0.00417848 0.609846 0.00294975
0.613645 0.00228595 0.611568 0.00295332
0.613107 0.00341909 0.613018 0.00372671
0.615865 0.00467843 0.616834 0.00270892
0.616939 0.00581115 0.617356 0.00307697
0.62023 0.00641501 0.620411 0.00506235
0.619768 0.00439973 0.618054 0.00276224
0.621364 0.00312019 0.619601 0.00427898
