0.37047 0.0161027 0.37169 0.016745
0.410099 0.0634152 0.411999 0.0638412
0.378366 0.0156172 0.37982 0.0159099
0.370914 0.0162546 0.371606 0.0161938
0.36475 0.00940548 0.365675 0.00993458
0.409578 0.0368519 0.411847 0.0377245
0.378944 0.0210711 0.380344 0.0217587
0.374187 0.0111944 0.375623 0.0113286
0.368819 0.0142798 0.369619 0.0148047
0.38494 0.0396958 0.386307 0.0401368
0.369724 0.0241251 0.370011 0.0235432
0.376012 0.0175838 0.376979 0.0177882
0.390536 0.0294625 0.391746 0.0301923
0.384035 0.0253089 0.385138 0.025794
0.372875 0.0188837 0.37385 0.0191412
0.377618 0.0320356 0.378657 0.0325292
0.383712 0.0213184 0.385164 0.0216165
0.393283 0.0536928 0.394724 0.0546962
0.36448 0.0135083 0.365303 0.013649
0.363051 0.0125796 0.364071 0.0126754
0.378693 0.0357322 0.380188 0.0362462
0.380701 0.0382507 0.382379 0.0385414
0.400659 0.0497379 0.402056 0.0505447
0.364987 0.017281 0.365892 0.0177371
0.366309 0.0219533 0.367104 0.022313
0.391031 0.0328839 0.3927 0.0333136
0.359113 0.0131482 0.360007 0.0137101
0.373348 0.0182346 0.375097 0.0182467
0.375339 0.0206105 0.376264 0.0212308
0.375851 0.0375753 0.377021 0.0381709
0.371989 0.0238337 0.373063 0.0237145
0.372954 0.0233471 0.37426 0.0234284
0.374262 0.0198853 0.374839 0.0201122
0.364758 0.0141204 0.365377 0.0137819
0.359744 0.0150721 0.360192 0.0151274
0.369742 0.0242821 0.370566 0.0243509
0.365787 0.0158772 0.366917 0.0164725
0.368894 0.017349 0.369617 0.017702
0.372791 0.0204841 0.373574 0.0207262
0.360725 0.0198213 0.361525 0.0194947
0.365151 0.0182304 0.36613 0.0179512
0.361994 0.020065 0.362827 0.0203836
0.375129 0.0308283 0.376281 0.0307142
0.370946 0.0173674 0.371773 0.0180135
0.355346 0.0178739 0.356473 0.0179647
0.364725 0.0150979 0.36559 0.0149092
0.37803 0.0239993 0.379091 0.0238179
0.377487 0.027393 0.378669 0.0274853
0.362767 0.0155248 0.363822 0.0157995
0.351464 0.00835443 0.351896 0.00816474
0.358847 0.0178412 0.359812 0.0177122
0.365102 0.039523 0.366014 0.0397775
0.351293 0.00989151 0.35249 0.00938936
0.355278 0.0155438 0.355906 0.0154003
0.363136 0.0355543 0.364715 0.0356313
0.352868 0.0165066 0.353678 0.0169349
0.348565 0.0115372 0.349369 0.0116815
0.357005 0.0195991 0.357326 0.0199259
0.354814 0.0188597 0.355662 0.0187312
0.352461 0.0166461 0.352531 0.016788
0.366119 0.0294752 0.366959 0.0294336
0.367432 0.0314083 0.368025 0.0310861
0.349277 0.0108166 0.350124 0.0105216
0.359575 0.0205659 0.360756 0.0203375
0.348456 0.0117901 0.34888 0.0116163
0.347038 0.00965039 0.348159 0.00970458
0.35326 0.0142114 0.354073 0.0142669
0.350969 0.0135968 0.351907 0.0133755
0.35245 0.0151118 0.35372 0.0153329
0.353271 0.00810733 0.354581 0.00821137
0.349971 0.0230672 0.350917 0.0229722
0.353335 0.016351 0.354127 0.0164005
0.352154 0.0193822 0.352841 0.0198146
0.349727 0.0149227 0.351481 0.0145652
0.347729 0.0125413 0.348717 0.0122493
0.350593 0.01739 0.35086 0.0176191
0.348304 0.0130893 0.349494 0.0128538
0.344901 0.0154021 0.346308 0.0151171
0.339785 0.0113039 0.341341 0.0112094
0.340038 0.00953568 0.341128 0.00909102
