0.0860902 0.00692511 0.0861614 0.00670235
0.0888567 0.00896371 0.0884487 0.00934445
0.0917897 0.0100543 0.0910701 0.0103039
0.0874347 0.00599575 0.0870183 0.00601492
0.0891391 0.00480799 0.0886477 0.00492835
0.0917965 0.0153921 0.0912592 0.0156424
0.0936283 0.0118997 0.0932693 0.0120371
0.0873488 0.00529624 0.087144 0.00564323
0.0875457 0.00963046 0.087029 0.0097602
0.0862045 0.00849219 0.0858285 0.00860688
0.0913515 0.00945421 0.090746 0.00964345
0.0835372 0.0060491 0.0832385 0.00602872
0.0821057 0.00746351 0.0819037 0.00754964
0.0875339 0.00411884 0.087529 0.00455323
0.0863045 0.00381463 0.0864659 0.00392493
0.0866276 0.00438197 0.0862638 0.00456078
0.0858848 0.00421731 0.0854465 0.0042862
0.0825939 0.00467012 0.0822018 0.00489074
0.085403 0.00504285 0.0852358 0.00504639
0.0826208 0.00488747 0.0825726 0.00490068
0.0860583 0.00535574 0.0857469 0.00499022
0.0827891 0.00871661 0.082367 0.0089406
0.0817747 0.00715722 0.081474 0.00709461
0.08016 0.00638612 0.0800959 0.00659509
0.0843064 0.00633871 0.0841119 0.00624433
0.0813968 0.00569559 0.0811697 0.00565882
0.0822969 0.00619147 0.0822992 0.00631497
0.0826671 0.00915541 0.0826137 0.00922998
0.0803737 0.00990819 0.0803576 0.00951425
0.0825578 0.00614579 0.0825539 0.00589675
0.0803595 0.00442424 0.0798864 0.0043253
0.0801816 0.0073528 0.0799937 0.00706113
0.082369 0.00535547 0.0822545 0.00544916
0.0791543 0.00297379 0.0792074 0.00303743
0.0790308 0.00683758 0.078924 0.00678096
0.0806472 0.00411561 0.0807711 0.00417662
0.0760503 0.00590905 0.0757287 0.00575114
0.0804938 0.0080653 0.0802787 0.00776006
0.0765123 0.00603992 0.0762887 0.00605254
0.0769511 0.00737975 0.0766407 0.00747042
0.0776008 0.00633667 0.0773873 0.00631581
0.0767166 0.00430071 0.0768362 0.00424536
0.0784994 0.00510823 0.0785923 0.0052134
0.0749681 0.00552776 0.075149 0.00568264
0.077158 0.00537288 0.0771529 0.00533203
0.0793982 0.00704011 0.0794003 0.00704666
0.0784978 0.00823383 0.0780943 0.00829416
0.0780886 0.00549369 0.0780882 0.00549248
0.0728521 0.00476535 0.0727486 0.00458973
0.07682 0.00382475 0.0768564 0.00406458
0.0734117 0.00492836 0.0732249 0.00472952
0.0741516 0.00580622 0.0740815 0.00539268
0.0743792 0.0054991 0.0746954 0.00528908
0.0758137 0.00433508 0.0759137 0.0042111
0.0735957 0.00707158 0.0736209 0.00695665
0.0714178 0.00453893 0.0716635 0.00445433
0.0748298 0.00613612 0.0745729 0.00617772
0.0720671 0.00653939 0.0721624 0.00674812
0.0706835 0.0045399 0.0711699 0.00452798
0.071923 0.00469037 0.0721221 0.00459522
0.0721086 0.00646946 0.0721849 0.00651728
0.0731061 0.00342207 0.0734137 0.00366783
0.0709238 0.0045293 0.0710509 0.00461749
0.0752464 0.00696299 0.074882 0.00666194
0.0723656 0.00451693 0.0726519 0.00462132
0.0757779 0.00590267 0.0758622 0.00569875
0.074807 0.00480977 0.0744414 0.00478881
0.0716937 0.00479609 0.0715736 0.00482127
0.0716504 0.00352143 0.0716653 0.00369914
0.0733593 0.0042871 0.0735928 0.0041938
0.0730503 0.00871855 0.073018 0.00833678
0.068741 0.0033795 0.0687369 0.00341697
0.0717521 0.00407642 0.0718521 0.00408666
0.0715205 0.00497981 0.0715698 0.00504691
0.0724329 0.00519281 0.0727285 0.0050974
0.0726455 0.00383138 0.0726132 0.00379583
0.069061 0.00189566 0.0692475 0.00185437
0.0735577 0.00505124 0.0735228 0.00500809
0.069957 0.00566822 0.0701208 0.00572328
0.0700219 0.00512412 0.0705929 0.00527422
