0.0494874 0.00423902 0.0493458 0.00426009
0.0522135 0.00761077 0.0521906 0.00776939
0.0486078 0.00266165 0.0485068 0.00276398
0.0460405 0.00207063 0.0462171 0.00216725
0.0468042 0.00459931 0.0467691 0.00459977
0.0491204 0.00422515 0.049088 0.00429424
0.0530869 0.0099027 0.053175 0.00997454
0.0545387 0.0102619 0.0545483 0.0101869
0.0473748 0.00454144 0.0472498 0.00453503
0.0481282 0.00274931 0.0481028 0.00287709
0.0464449 0.00323809 0.0463435 0.0031414
0.043692 0.00188204 0.0437827 0.00190629
0.0456954 0.00501782 0.0458113 0.00498013
0.0515819 0.0178399 0.0517263 0.0181177
0.0482008 0.00889604 0.0481928 0.00907809
0.0502454 0.0083804 0.0500647 0.00846081
0.0457607 0.00252655 0.0456754 0.00269532
0.0483427 0.00498645 0.0482428 0.00497811
0.047907 0.00385436 0.0479224 0.00392849
0.048829 0.0078502 0.0488858 0.00790777
0.0453139 0.00444218 0.0452395 0.00439935
0.0447969 0.0033159 0.044728 0.00340464
0.0480569 0.00809181 0.0478663 0.00813703
0.0504192 0.00877937 0.0504312 0.00887218
0.0450952 0.00242735 0.0450235 0.00244235
0.0441595 0.00403803 0.0441112 0.00408266
0.0447135 0.00560191 0.0446631 0.00567822
0.0474856 0.00636705 0.0474612 0.0064311
0.0425243 0.00186291 0.0426093 0.00175322
0.0456216 0.0050529 0.0455895 0.00511075
0.046743 0.00857807 0.0466401 0.00864826
0.0438242 0.00316814 0.0436767 0.00318764
0.0453749 0.00360677 0.0452466 0.00362951
0.0433618 0.00410332 0.0433688 0.00407925
0.0451603 0.0044433 0.0451476 0.00439025
0.0418583 0.00139076 0.0419811 0.00149135
0.0441278 0.00593031 0.0442503 0.00589837
0.0422464 0.00206146 0.0421269 0.00191471
0.042564 0.00286952 0.042578 0.00276022
0.0425108 0.00333542 0.0425747 0.0032881
0.0439585 0.00435871 0.0439013 0.00436179
0.0444451 0.00472052 0.0444101 0.00475269
0.0418012 0.00215612 0.0417783 0.00206501
0.0422224 0.0022332 0.042173 0.00216811
0.0422239 0.00337222 0.0422514 0.00336737
0.0434666 0.00337925 0.0433433 0.00335294
0.0420847 0.00411364 0.0421476 0.00402599
0.0438261 0.00422416 0.0438231 0.00409776
0.0423577 0.00289719 0.0424884 0.00289104
0.0439011 0.00299357 0.0438053 0.00303228
0.042541 0.00283361 0.0425457 0.00269368
0.0424893 0.00389935 0.0423528 0.0039267
0.0408985 0.00299256 0.0409114 0.00296771
0.0420152 0.00455743 0.0420609 0.00445716
0.0417623 0.00123104 0.0417985 0.00125593
0.0422186 0.00489036 0.0421512 0.00483032
0.0421702 0.00269222 0.0422939 0.00277637
0.0424085 0.00432119 0.0424584 0.00432657
0.0417031 0.00166539 0.0417727 0.00168995
0.0423622 0.00303215 0.0424051 0.00295871
0.0413075 0.00175817 0.0413745 0.00186078
0.0412645 0.00286579 0.0414418 0.00281323
0.0416144 0.00261483 0.0416036 0.00258502
0.0423553 0.00350048 0.0423539 0.00347941
0.0432165 0.00416847 0.0433819 0.00400096
0.0434107 0.00599772 0.0433906 0.00599894
0.0427551 0.00278891 0.0427752 0.00266698
0.0404794 0.00296654 0.0404692 0.00290832
0.0422338 0.00340512 0.0422572 0.0034149
0.039932 0.00230217 0.040054 0.00222389
0.0418997 0.00222595 0.0419988 0.00216697
0.0413917 0.0037291 0.0415263 0.00365418
0.0430576 0.0038307 0.0431718 0.00380868
0.0428109 0.00498909 0.0429645 0.00487255
0.0433954 0.00597314 0.0434266 0.0059088
0.0410862 0.00307129 0.0411526 0.00290033
0.045217 0.00441405 0.0455245 0.00452864
0.040009 0.00359605 0.0402255 0.00358167
0.0422755 0.00293032 0.0425404 0.00296711
0.0393871 0.00194806 0.0395234 0.00190517
