0.0225856 0.00109296 0.0225561 0.00108243
0.0221758 0.000600703 0.0221495 0.000595401
0.0235028 0.00207403 0.0234621 0.00206872
0.0216473 0.000488108 0.021625 0.000483286
0.0216539 0.000704448 0.0216282 0.000694599
0.0215273 0.000659999 0.0215045 0.000653313
0.021466 0.000688739 0.0214369 0.000680889
0.021256 0.000585983 0.021229 0.000578313
0.0220109 0.00188843 0.0219783 0.00187846
0.0208397 0.000231133 0.0208184 0.000227882
0.021114 0.000606721 0.0210856 0.00060329
0.0208303 0.000519313 0.0208025 0.000512145
0.0207584 0.00016095 0.0207357 0.000163055
0.0206122 9.58588e-05 0.0205878 0.000101104
0.0208824 0.00063829 0.0208527 0.000630762
0.0206593 0.000169675 0.0206323 0.000167903
0.0206142 0.000110215 0.0205861 0.000110831
0.0205987 0.000121267 0.0205765 0.000125846
0.0208352 0.000721633 0.0208046 0.000718414
0.0204807 7.11879e-05 0.0204519 7.1946e-05
0.0206477 0.000484254 0.020617 0.000477617
0.020637 0.000199153 0.0206094 0.000199143
0.0205073 0.00011394 0.0204758 0.000113241
0.020479 0.000115748 0.0204479 0.000115424
0.020435 7.38408e-05 0.0204053 7.6101e-05
0.0204444 0.00021407 0.0204143 0.000214091
0.0203941 7.23992e-05 0.0203645 7.3765e-05
0.0204584 0.000109569 0.0204285 0.000108952
0.0203416 0.000110405 0.0203099 0.000111697
0.0203923 0.000140628 0.0203625 0.000141598
0.0203702 0.000119971 0.0203383 0.000119589
0.0204251 0.000243107 0.0203926 0.000242299
0.020379 9.07639e-05 0.0203474 9.14001e-05
0.0203443 0.000108024 0.0203139 0.000109369
0.0203022 0.000106198 0.0202703 0.00010661
0.0203101 9.96218e-05 0.0202784 0.00010076
0.0203184 0.000105989 0.0202867 0.000106882
0.0202498 8.38504e-05 0.0202177 8.48033e-05
0.0201932 5.69358e-05 0.0201601 5.7446e-05
0.0202423 0.000172325 0.0202101 0.000173346
0.0201978 8.03161e-05 0.0201661 8.09176e-05
0.0201895 0.000106511 0.0201573 0.000107737
0.0202242 0.000370214 0.0201924 0.00037187
0.0201957 0.000213678 0.0201639 0.000215543
0.0199147 0.000297624 0.0198825 0.000299894
0.0197781 0.000791264 0.0197459 0.000794393
0.0197453 0.000695687 0.0197117 0.000698085
0.0198423 0.00034555 0.0198079 0.000346979
0.0198166 0.000264528 0.0197827 0.000267497
0.0198645 0.000336551 0.0198305 0.000336855
0.0192454 0.00115191 0.0192111 0.00115544
0.0197181 0.000449395 0.0196861 0.000450934
0.0193739 0.000722894 0.0193374 0.000727722
0.0193791 0.000790059 0.019343 0.000793427
0.0185264 0.00221477 0.0184881 0.00222225
0.0181134 0.00204917 0.0180722 0.00205661
0.0178405 0.00247594 0.0177983 0.00248562
0.0150902 0.00274852 0.0150366 0.00275637
0.016212 0.00234777 0.0161614 0.00235901
0.0178298 0.00268463 0.017787 0.00269222
0.0140776 0.00365547 0.0140192 0.00366959
0.0147582 0.00298079 0.0147038 0.00299039
0.0149412 0.00313962 0.0148862 0.00315254
0.0156949 0.00340018 0.0156402 0.00341496
0.0128331 0.00184943 0.012766 0.00186094
0.0113979 0.000794141 0.0113229 0.000792985
0.0131581 0.00269 0.0130886 0.00270103
0.0127342 0.00238905 0.0126687 0.00239548
0.0115918 0.00247852 0.011525 0.00247996
0.0127816 0.00251277 0.0127143 0.0025228
0.0113884 0.00199857 0.0113185 0.0019989
0.0115326 0.00167565 0.0114604 0.00166817
0.0120007 0.00152582 0.0119306 0.00153069
0.0110656 0.00196815 0.0109971 0.00195716
0.0111605 0.00119517 0.0110903 0.00119363
0.0106299 0.00209534 0.0105646 0.00209421
0.0107009 0.00162275 0.010634 0.00162062
0.0110273 0.00166432 0.010962 0.00165813
0.0105147 0.00101629 0.0104401 0.000996531
0.0101118 0.00133469 0.0100453 0.00131879
