0.105837 0.0134383 0.105323 0.0135839
0.102489 0.0126226 0.101987 0.0128954
0.0984728 0.00733252 0.0979886 0.00751446
0.101678 0.00928024 0.101184 0.009488
0.101242 0.00687554 0.10079 0.0071503
0.0975908 0.00642193 0.0969839 0.00674526
0.0984512 0.00810498 0.0980937 0.00795508
0.0944159 0.00576323 0.0941618 0.00572532
0.0962436 0.00332896 0.0959608 0.00342753
0.0971666 0.00887711 0.0966003 0.00892021
0.0961224 0.00643442 0.0957948 0.00640299
0.0974838 0.00944997 0.0975825 0.00970659
0.0984168 0.00760213 0.0983332 0.00745901
0.0995726 0.00754145 0.099295 0.00740146
0.0947852 0.00610964 0.0940867 0.00626776
0.0953613 0.00481709 0.0947698 0.00499275
0.0936244 0.00573289 0.0930299 0.00550838
0.0963603 0.00892671 0.0961429 0.00918135
0.0974698 0.00572836 0.0970516 0.00573608
0.0935441 0.00670154 0.093625 0.00650668
0.0912521 0.00416756 0.0908526 0.00439801
0.0922404 0.00578984 0.0923044 0.00579511
0.0946065 0.0050966 0.0944275 0.00490206
0.0925361 0.00657625 0.0921545 0.00660206
0.0934244 0.00802519 0.0932867 0.00818283
0.0928067 0.0053599 0.092551 0.00539344
0.0964567 0.00919087 0.0961395 0.00891181
0.0923329 0.00974894 0.0922275 0.00985922
0.0938915 0.00396653 0.0936045 0.00383867
0.0899014 0.00626675 0.0897378 0.00632767
0.0909993 0.00633421 0.0904715 0.00624351
0.0930452 0.00987675 0.0926721 0.0098105
0.0932442 0.0105122 0.0930388 0.0104311
0.0915228 0.00763584 0.0909645 0.00766833
0.0898076 0.00794178 0.089818 0.00802447
0.0899245 0.00539059 0.0895707 0.00551231
0.0856828 0.00474163 0.0856707 0.00507103
0.08973 0.00614055 0.0892927 0.00627791
0.0848928 0.00568754 0.0848331 0.00578955
0.0892789 0.00758239 0.0892386 0.00731391
0.0908545 0.00867032 0.0909046 0.00898062
0.0877961 0.00279265 0.0876674 0.00264431
0.0865805 0.00423797 0.0863048 0.00425508
0.0901384 0.00718725 0.0901584 0.00751791
0.0906198 0.00482361 0.0904977 0.00509945
0.0881507 0.00558798 0.0878539 0.00563821
0.0854141 0.00625379 0.0852581 0.00606306
0.085449 0.00608734 0.0852668 0.00587049
0.0833776 0.00426583 0.0837833 0.00460491
0.0851919 0.00516396 0.0853255 0.00528893
0.0833496 0.00783234 0.0833809 0.0079361
0.0847652 0.0031792 0.0849092 0.00317481
0.0854157 0.00538119 0.0852898 0.00552792
0.0866669 0.00839337 0.0865906 0.00828902
0.086858 0.00440784 0.0866604 0.00413333
0.0847797 0.00735545 0.0846158 0.00756803
0.0875797 0.00797644 0.0877046 0.00826186
0.0840545 0.00567107 0.083949 0.00568988
0.0827475 0.0033299 0.0826843 0.00369769
0.0832976 0.00533192 0.0835652 0.0052935
0.085435 0.00618174 0.0852466 0.00632936
0.0830922 0.00523807 0.0829742 0.0052064
0.085128 0.00579012 0.0853014 0.00555031
0.0841155 0.00425813 0.0839951 0.00416294
0.0805655 0.00524627 0.0806595 0.00510725
0.0849219 0.00665056 0.0848452 0.00690344
0.0815362 0.0063776 0.0815514 0.00609548
0.0816489 0.00707822 0.08184 0.00689515
0.080312 0.00211143 0.0808535 0.00219918
0.0808646 0.00581379 0.0809013 0.0055504
0.0802972 0.00566276 0.0803615 0.00537171
0.0785886 0.00364102 0.0788318 0.00346259
0.0807049 0.00406102 0.080502 0.00402352
0.077432 0.00391545 0.0775887 0.00363703
0.0820069 0.00448949 0.081881 0.00492301
0.0797704 0.00597223 0.079815 0.00576269
0.081152 0.00664316 0.0811972 0.00625654
0.0787457 0.00557759 0.078744 0.00548529
0.0798548 0.0071691 0.0802091 0.00752051
0.0794245 0.006252 0.0797762 0.00601525
