0.0452511 0.0116538 0.0452134 0.011655
0.0555117 0.0199462 0.0551562 0.0195994
0.0538813 0.0145184 0.0538579 0.0145255
0.0847261 0.0312197 0.0844822 0.0311344
0.0747612 0.0274146 0.0746859 0.0271405
0.093602 0.0374347 0.0937381 0.0369571
0.0971609 0.0355448 0.0969586 0.0354887
0.116123 0.0382487 0.116398 0.0384348
0.113678 0.0491418 0.11363 0.0497174
0.103415 0.023192 0.103594 0.023014
0.118613 0.0304634 0.118399 0.030931
0.134132 0.0385823 0.134217 0.0394213
0.13693 0.0277034 0.136352 0.0276823
0.143139 0.0407052 0.142198 0.0410739
0.135422 0.0144688 0.135727 0.013846
0.138048 0.0121324 0.137763 0.0120481
0.142967 0.0189052 0.143656 0.0185234
0.144495 0.00833386 0.144161 0.00799432
0.147258 0.00899855 0.146998 0.00908013
0.156133 0.0110806 0.155927 0.0110988
0.184256 0.0438215 0.183072 0.043808
0.179284 0.0282129 0.179125 0.0282937
0.168691 0.00754661 0.169508 0.00799537
0.179357 0.00927086 0.178181 0.00877441
0.174149 0.00316257 0.174115 0.00332176
0.203443 0.025173 0.203097 0.0248839
0.208101 0.0264342 0.208385 0.0258896
0.199123 0.018136 0.198492 0.0183669
0.195257 0.0127017 0.195459 0.0131494
0.200733 0.0149957 0.200116 0.0148379
0.206837 0.0222635 0.207281 0.0217369
0.204123 0.0079275 0.204327 0.00851251
0.212742 0.0137087 0.211781 0.0131324
0.21138 0.0048817 0.210965 0.00491287
0.220427 0.0185974 0.219341 0.0189352
0.224614 0.0197692 0.224959 0.0196747
0.226817 0.0128944 0.227442 0.0125347
0.224879 0.0120383 0.224279 0.0124339
0.227951 0.0162685 0.228051 0.0163439
0.229005 0.0113286 0.228412 0.0120918
0.228831 0.00782635 0.228449 0.00667738
0.239377 0.0151077 0.240436 0.0155254
0.231694 0.00322057 0.232286 0.00342621
0.244968 0.017213 0.245395 0.0183986
0.239294 0.00843053 0.238968 0.00871569
0.238062 0.00288355 0.237998 0.00252618
0.241751 0.00509201 0.242346 0.00468939
0.246463 0.00674428 0.246383 0.00720001
0.244083 0.00281449 0.244169 0.00306107
0.247684 0.00372436 0.246826 0.0023827
0.253734 0.012386 0.253644 0.0130754
0.256939 0.0155951 0.255666 0.0157259
0.2512 0.00204844 0.252151 0.00158169
0.259434 0.0135938 0.259492 0.0133838
0.256562 0.00285279 0.255218 0.00293827
0.259367 0.00591545 0.259332 0.00607403
0.260896 0.0051211 0.262302 0.0040116
0.272577 0.021609 0.272541 0.0221425
0.266109 0.00793204 0.26725 0.00747812
0.267293 0.00778197 0.269375 0.00916683
0.272696 0.00786092 0.271329 0.00787799
0.269071 0.00269059 0.26912 0.00274472
0.27722 0.0120509 0.278469 0.0117485
0.273514 0.00357215 0.271975 0.00252536
0.275161 0.00562924 0.275975 0.00653811
0.278877 0.0109278 0.280233 0.0102266
0.277451 0.00575962 0.278238 0.00601251
0.282831 0.00923823 0.283379 0.00878533
0.287084 0.0100627 0.286417 0.00913316
0.286868 0.0115356 0.285884 0.0123718
0.292412 0.0168927 0.292332 0.0169501
0.289985 0.00868225 0.28969 0.00801617
0.286966 0.00414736 0.286448 0.00300397
0.290169 0.00318602 0.28876 0.00280957
0.291176 0.0030153 0.289917 0.00353412
0.302631 0.017441 0.302694 0.0176484
0.30385 0.014771 0.303424 0.0133477
0.297471 0.00780718 0.298379 0.00905787
0.301609 0.0140311 0.300647 0.0127359
0.298934 0.00474846 0.298874 0.00452821
0.300495 0.00381552 0.300215 0.00485578
0.310628 0.0172886 0.312086 0.0162431
0.302702 0.00498507 0.303164 0.0042808
0.307952 0.0101889 0.307959 0.0107352
0.307519 0.0054525 0.308722 0.00482975
0.317099 0.0157395 0.316566 0.0141
0.314975 0.0162616 0.316245 0.0150961
0.317388 0.0122116 0.31506 0.0113743
0.315672 0.00334247 0.314159 0.00421389
0.316433 0.00688043 0.317437 0.00463561
0.314139 0.00237524 0.313947 0.00216103
0.318481 0.00305134 0.317379 0.00371688
0.32191 0.00582685 0.320877 0.00548274
0.324688 0.012965 0.325158 0.0144568
0.323138 0.00586341 0.322043 0.00459271
0.328241 0.0147148 0.32979 0.0176823
0.32797 0.00784927 0.328102 0.00917819
0.329647 0.0130268 0.32989 0.0120902
0.330889 0.0086722 0.332051 0.00603221
0.328514 0.00362029 0.329972 0.00341902
