0.359306 0.0354027 0.360218 0.0358733
0.338067 0.0227705 0.338434 0.0231919
0.357939 0.0390145 0.358776 0.0397324
0.35344 0.0574455 0.354302 0.0579816
0.350739 0.0380079 0.351359 0.0386026
0.365542 0.0473112 0.366569 0.048028
0.332368 0.0109821 0.332788 0.0112161
0.34426 0.0220384 0.345144 0.0223516
0.339451 0.0162069 0.339818 0.0163081
0.332985 0.0197555 0.333848 0.0203088
0.333281 0.0155054 0.333611 0.0158228
0.356757 0.028486 0.357671 0.0294168
0.337576 0.0179343 0.338121 0.0185098
0.339724 0.0171705 0.340458 0.0176251
0.335822 0.0132461 0.335962 0.0135783
0.340925 0.0221867 0.341517 0.0225511
0.353592 0.0548848 0.354454 0.0560154
0.341432 0.0289845 0.341635 0.0293614
0.328506 0.010986 0.328823 0.0111754
0.34064 0.0375486 0.341153 0.0383718
0.345597 0.0230454 0.346003 0.0231396
0.368014 0.0460933 0.369051 0.0469871
0.338266 0.0138587 0.338459 0.0140178
0.334916 0.0163862 0.335353 0.0166057
0.360697 0.0625774 0.360793 0.0629847
0.342003 0.031585 0.34213 0.0319999
0.358498 0.0429186 0.359004 0.0437095
0.368319 0.0442877 0.369032 0.0449765
0.352003 0.0517349 0.352208 0.0525222
0.332119 0.0133844 0.332332 0.0134016
0.347008 0.0243126 0.347602 0.0247423
0.350651 0.0381042 0.351068 0.0387586
0.348316 0.0266736 0.348944 0.0270017
0.327728 0.0100839 0.327894 0.00994361
0.351863 0.0351722 0.352172 0.0353448
0.336885 0.0235412 0.337258 0.0238569
0.36261 0.0311991 0.363113 0.0315449
0.333643 0.014427 0.333963 0.014374
0.328669 0.012006 0.32882 0.0121444
0.334906 0.0222767 0.33502 0.0225889
0.329792 0.0258957 0.329821 0.0259425
0.344408 0.0404343 0.344554 0.0412029
0.332983 0.0249988 0.333057 0.0254005
0.329392 0.0219049 0.329282 0.0220044
0.328028 0.0190661 0.328306 0.0186258
0.32527 0.0117092 0.324971 0.0118396
0.327527 0.00963775 0.327842 0.00956418
0.327756 0.0179166 0.328073 0.0180075
0.329338 0.0164664 0.329502 0.0163008
0.332039 0.0158259 0.33217 0.0155467
0.332589 0.0157484 0.332616 0.0157678
0.33607 0.0121005 0.336744 0.0122605
0.327136 0.0127194 0.32689 0.01242
0.334902 0.0169164 0.334782 0.01674
0.333259 0.0149003 0.333609 0.0151749
0.331823 0.0141118 0.331778 0.0139786
0.337746 0.0260956 0.337688 0.0262474
0.32309 0.0116653 0.322738 0.0110766
0.321834 0.00837693 0.322446 0.00816842
0.343749 0.0273454 0.343741 0.0267822
0.328387 0.0128651 0.329019 0.0133442
0.337344 0.0205296 0.337084 0.0201984
0.335151 0.0340112 0.335331 0.0341492
0.329115 0.0196393 0.328907 0.0199333
0.326245 0.0146837 0.326407 0.0144519
0.32737 0.0150058 0.32773 0.0154379
0.330459 0.0105336 0.330571 0.0106173
0.32287 0.0120034 0.323083 0.0117348
0.328728 0.0172319 0.329473 0.017139
0.322042 0.019658 0.32264 0.0197447
0.320401 0.0119962 0.321221 0.0121179
0.329352 0.0168287 0.329796 0.0164656
0.320282 0.00848504 0.321139 0.00907562
0.316036 0.0114523 0.316118 0.0116669
0.318906 0.00728257 0.319893 0.00777317
0.333208 0.0268414 0.333068 0.02669
0.31354 0.00913021 0.314199 0.00936451
0.331382 0.0198694 0.331818 0.0193841
0.316319 0.0161648 0.316789 0.0161336
0.33172 0.0266216 0.33241 0.0266089
