0.409802 0.0593953 0.411311 0.0601057
0.398758 0.0323781 0.40014 0.0328614
0.397465 0.0308254 0.398591 0.0316134
0.400827 0.0324985 0.402519 0.0329484
0.426865 0.0439752 0.429117 0.044863
0.417072 0.0598123 0.419081 0.0607736
0.426558 0.0886026 0.428259 0.0893842
0.434863 0.0723299 0.436725 0.072716
0.398126 0.0411101 0.399822 0.0413856
0.39499 0.0305751 0.39654 0.0312954
0.408571 0.0709619 0.410249 0.0721287
0.386472 0.0186475 0.387782 0.0189685
0.410469 0.0408765 0.412111 0.0415382
0.406832 0.0395899 0.408169 0.0404075
0.396667 0.0258226 0.397918 0.0264322
0.421545 0.0601891 0.423262 0.0612476
0.435142 0.068763 0.436862 0.0693605
0.403148 0.0480061 0.404049 0.0491436
0.390077 0.0274575 0.391426 0.0280647
0.394109 0.0405086 0.395325 0.0412401
0.389566 0.0240912 0.390698 0.024579
0.380065 0.0252507 0.380833 0.025508
0.389132 0.0375103 0.390309 0.037762
0.415854 0.0314232 0.41758 0.0322063
0.407006 0.0580866 0.408426 0.0590852
0.367653 0.0174017 0.368248 0.01738
0.372244 0.0215881 0.372881 0.0219039
0.392383 0.0291202 0.393268 0.0295253
0.379211 0.0293736 0.380158 0.0297077
0.373721 0.0223715 0.374578 0.0225369
0.3984 0.0450644 0.399583 0.045902
0.42664 0.0611932 0.428761 0.0621663
0.382239 0.0277175 0.383156 0.0280791
0.385331 0.02484 0.385958 0.0249528
0.374996 0.0180331 0.375825 0.0181736
0.382713 0.0265729 0.383414 0.0269806
0.38297 0.0439534 0.383528 0.0447402
0.393702 0.0353345 0.394627 0.0361099
0.363585 0.0142939 0.363901 0.0144443
0.377753 0.0275539 0.378653 0.0282015
0.384308 0.0290837 0.38547 0.0291961
0.380376 0.0217317 0.381221 0.022241
0.380027 0.031991 0.380909 0.0326036
0.384533 0.0353248 0.385719 0.035938
0.382903 0.0439803 0.383278 0.0441139
0.372116 0.0302267 0.37254 0.0304929
0.382986 0.0257136 0.383121 0.0258079
0.380596 0.0533058 0.381103 0.0541541
0.371668 0.0177763 0.371621 0.0181386
0.369827 0.0173527 0.369989 0.0173459
0.37975 0.0219194 0.380444 0.0217321
0.373406 0.022867 0.374077 0.0229648
0.382084 0.029875 0.382692 0.0299816
0.370239 0.0167639 0.370467 0.0165902
0.370766 0.0278416 0.371179 0.0283012
0.370389 0.0181795 0.370746 0.0186068
0.381213 0.0285672 0.381863 0.0288228
0.375502 0.0287798 0.376075 0.0285696
0.389859 0.0422506 0.390411 0.0421421
0.377002 0.0365556 0.37729 0.0364635
0.378384 0.0301086 0.379066 0.0305114
0.359681 0.0220568 0.359733 0.0219179
0.377057 0.0260449 0.377218 0.0256964
0.360406 0.0148084 0.361047 0.0146237
0.356852 0.0185796 0.357027 0.0186739
0.369084 0.0292026 0.369551 0.028386
0.380479 0.0426018 0.38031 0.0425284
0.364595 0.0167597 0.365164 0.0176066
0.384386 0.0373818 0.385729 0.037923
0.347243 0.0104203 0.348017 0.0108631
0.361982 0.0360917 0.362552 0.0359861
0.359658 0.0166606 0.360364 0.0164473
0.361064 0.0248701 0.362236 0.0244859
0.356332 0.0149293 0.357131 0.0148178
0.348688 0.00991778 0.350063 0.0096576
0.371031 0.038709 0.37145 0.0380911
0.358672 0.0282006 0.35931 0.0284659
0.357408 0.0341855 0.358527 0.0338586
0.350894 0.0191146 0.352021 0.0188084
0.36652 0.0229902 0.367055 0.0235488
