0.391748 0.0494512 0.393471 0.050702
0.371304 0.0257218 0.372472 0.0264196
0.358794 0.0249105 0.359675 0.0254598
0.387762 0.0614464 0.389385 0.0622332
0.386148 0.0392532 0.387379 0.0402431
0.387047 0.0709747 0.388304 0.0721046
0.365972 0.0297708 0.367075 0.0301617
0.349885 0.014196 0.350508 0.0139791
0.373661 0.0727326 0.374678 0.073172
0.368233 0.0353719 0.369321 0.0360154
0.357329 0.0286413 0.358057 0.0291079
0.361608 0.026911 0.362336 0.0273614
0.356368 0.0281312 0.356977 0.0286858
0.416575 0.0650893 0.418415 0.0660382
0.356756 0.0198928 0.357481 0.0203613
0.361647 0.0287708 0.362314 0.0294201
0.396596 0.0539897 0.398274 0.0550681
0.348238 0.0169209 0.348554 0.0171782
0.366077 0.0387703 0.367189 0.039372
0.374534 0.041056 0.37556 0.0413632
0.347846 0.0222053 0.348637 0.0227362
0.35776 0.0181971 0.358623 0.0183739
0.361583 0.0209579 0.361941 0.021413
0.344569 0.00951899 0.345173 0.00932677
0.347325 0.0131531 0.347907 0.0131888
0.357952 0.0372452 0.358549 0.0381946
0.385956 0.0555749 0.387106 0.0562733
0.365354 0.027976 0.366554 0.0284977
0.341412 0.00775958 0.341722 0.00762427
0.370649 0.0440098 0.371438 0.0441346
0.353762 0.0175568 0.354356 0.0179001
0.359082 0.0607069 0.35994 0.0614727
0.380749 0.0282391 0.38156 0.0281798
0.346675 0.0132312 0.346787 0.0133613
0.353609 0.0225169 0.353705 0.0226952
0.341476 0.0168177 0.341878 0.0170221
0.359141 0.0165473 0.359439 0.0165303
0.361863 0.0326958 0.362476 0.0332875
0.362186 0.0308847 0.362481 0.0309577
0.360059 0.0260242 0.360559 0.0264716
0.347324 0.0176316 0.34743 0.0174776
0.344042 0.0205692 0.344133 0.0207507
0.352554 0.039076 0.352434 0.039176
0.339636 0.0157947 0.339626 0.0156227
0.339472 0.0113962 0.339652 0.0116968
0.342597 0.015145 0.342932 0.0154696
0.364821 0.0440576 0.365511 0.0446237
0.343787 0.0192127 0.34433 0.0193825
0.334551 0.00756872 0.334694 0.00750341
0.341615 0.0121375 0.341907 0.0122445
0.337274 0.0120024 0.337243 0.0119436
0.341742 0.0218728 0.342036 0.0221246
0.344845 0.0316772 0.344885 0.0313325
0.348782 0.0248899 0.349503 0.0250746
0.342354 0.0149595 0.342552 0.0153351
0.331298 0.00779321 0.332041 0.0079484
0.345071 0.0185306 0.345215 0.0190279
0.340663 0.0158011 0.340704 0.0158524
0.334838 0.0179877 0.335628 0.0182708
0.331676 0.00772581 0.331714 0.00767297
0.338343 0.00701055 0.338269 0.00663589
0.335642 0.0112781 0.335626 0.0107872
0.341108 0.0210806 0.341884 0.0212997
0.334625 0.011443 0.335077 0.0115437
0.34878 0.0362509 0.349544 0.0368644
0.343519 0.0252383 0.343493 0.0252662
0.346269 0.0283959 0.346254 0.0280536
0.335081 0.0129069 0.335411 0.0128479
0.343449 0.0273952 0.34371 0.0272581
0.341611 0.0241298 0.342041 0.0245109
0.335412 0.0138367 0.336346 0.0134665
0.32959 0.0149899 0.330086 0.0144057
0.339048 0.0152505 0.3398 0.0150087
0.333324 0.0112916 0.333773 0.0111331
0.327837 0.0124889 0.328279 0.0117586
0.329455 0.0128325 0.330792 0.0123812
0.326518 0.0141385 0.327531 0.0141204
0.32935 0.0103341 0.330192 0.00957382
0.337308 0.0176593 0.33776 0.016914
0.337527 0.0233253 0.338047 0.0237077
