0.329446 0.048987 0.329876 0.0502158
0.305757 0.00522937 0.3056 0.00528467
0.308754 0.00735378 0.308525 0.00741191
0.313464 0.0175749 0.313695 0.0180099
0.314557 0.0129061 0.314558 0.0133161
0.313674 0.00944418 0.313907 0.00959392
0.305974 0.00650588 0.305847 0.00668746
0.310557 0.0177119 0.31061 0.0181418
0.308448 0.00787606 0.308551 0.00777698
0.308422 0.00539682 0.308303 0.00550068
0.309641 0.0139433 0.309427 0.014063
0.309491 0.0119492 0.309297 0.0120353
0.306233 0.00910303 0.306316 0.00938725
0.307104 0.00472559 0.307291 0.00475014
0.307171 0.00888314 0.307125 0.00914271
0.305405 0.00847902 0.305525 0.00847328
0.305578 0.00340355 0.305464 0.00333366
0.304586 0.00535766 0.304427 0.00536498
0.303437 0.00620749 0.303552 0.0063592
0.305325 0.00869258 0.305258 0.00874447
0.306476 0.00771998 0.306411 0.00768166
0.30316 0.00472361 0.303202 0.00469759
0.310342 0.0121087 0.31024 0.0122405
0.306459 0.0061431 0.306611 0.00596733
0.301192 0.00357672 0.301053 0.00345731
0.305611 0.00531797 0.305513 0.00502858
0.303802 0.00624664 0.303671 0.00633844
0.304056 0.00587592 0.304066 0.00559027
0.302384 0.00663819 0.302557 0.00658964
0.31072 0.0115299 0.310649 0.0114059
0.304233 0.00531175 0.304292 0.00540214
0.303434 0.00490377 0.303504 0.00509697
0.310397 0.0204032 0.310898 0.0206768
0.308008 0.0123977 0.307994 0.0126559
0.305398 0.00780536 0.305306 0.00809063
0.304062 0.00534372 0.304207 0.00512742
0.306024 0.00734809 0.306091 0.00748636
0.299797 0.00359038 0.299905 0.00376817
0.305429 0.00815944 0.305788 0.00832737
0.302332 0.00635731 0.302457 0.0061261
0.300932 0.00697689 0.301414 0.00695727
0.303447 0.0077498 0.303634 0.00759312
0.306154 0.00770425 0.306056 0.00754448
0.303618 0.00713518 0.303836 0.00715778
0.305835 0.011555 0.306324 0.0115797
0.301344 0.00597806 0.301627 0.00560748
0.299303 0.00432655 0.299296 0.00425801
0.301875 0.00518481 0.302164 0.00520035
0.30206 0.00476819 0.302204 0.0045849
0.301178 0.00813264 0.301676 0.00784387
0.300106 0.00814057 0.3007 0.00781834
0.305133 0.0142418 0.305508 0.0144593
0.303298 0.0164078 0.303559 0.0163582
0.306394 0.0123405 0.307174 0.0117905
0.301111 0.00595134 0.301235 0.00581237
0.305222 0.0127955 0.305628 0.0129669
0.298291 0.0073269 0.29889 0.00723249
0.29665 0.00331362 0.297253 0.0033013
0.309818 0.0170592 0.310014 0.0171784
0.300054 0.00769329 0.30026 0.00731422
0.303771 0.0125168 0.304395 0.0126004
0.295801 0.00345189 0.295814 0.00341033
0.300548 0.0126855 0.301074 0.012055
0.305736 0.0182023 0.306209 0.0176755
0.298167 0.00796667 0.299096 0.0079135
0.298355 0.00499512 0.298742 0.00498243
0.301826 0.0129505 0.302111 0.013211
0.295136 0.00869536 0.295552 0.00846536
0.295936 0.0109341 0.296349 0.0109175
0.290996 0.00538639 0.291753 0.00528764
0.293052 0.00561923 0.293503 0.00548557
0.300165 0.0146169 0.30083 0.01471
0.299249 0.0199808 0.300062 0.0202276
0.293408 0.00595919 0.293378 0.00566623
0.293056 0.00742978 0.293588 0.00748982
0.296548 0.00809023 0.296474 0.00866673
0.293425 0.0132419 0.294171 0.0128104
0.293004 0.00829025 0.293264 0.00803627
0.294886 0.0104528 0.295191 0.0106143
0.294064 0.00714932 0.294778 0.00743452
