0.385649 0.0268359 0.387317 0.0273942
0.371524 0.0330704 0.372687 0.0335568
0.361829 0.0404262 0.362668 0.0413337
0.375558 0.0307767 0.376427 0.0314668
0.387961 0.0501988 0.389531 0.050666
0.397054 0.0616889 0.398542 0.0621918
0.348958 0.00918744 0.349821 0.00958462
0.374041 0.0320986 0.375439 0.0326972
0.363855 0.0304892 0.364691 0.030953
0.395459 0.0546612 0.396665 0.0558628
0.384951 0.0878529 0.385739 0.0882152
0.367358 0.0360124 0.368258 0.0366605
0.376038 0.0318858 0.376837 0.0322687
0.377737 0.0388608 0.37839 0.0396429
0.365147 0.0241308 0.366222 0.0246252
0.371951 0.037314 0.372902 0.0377221
0.375373 0.0304603 0.376316 0.0307469
0.358207 0.0194626 0.359001 0.0200506
0.379515 0.0265685 0.380577 0.0272674
0.382836 0.057471 0.383634 0.0582987
0.374853 0.0395863 0.375784 0.0398725
0.383214 0.0409712 0.384351 0.0416225
0.386594 0.0545826 0.387707 0.0555269
0.369328 0.0331646 0.370206 0.0338132
0.351875 0.0258241 0.352656 0.0260702
0.370309 0.0391168 0.370922 0.0397721
0.362452 0.0341271 0.363062 0.0349023
0.351035 0.0203751 0.35171 0.0203769
0.356268 0.0157983 0.357122 0.0161869
0.347355 0.0198621 0.347835 0.0201246
0.374961 0.0415116 0.376102 0.0419912
0.377159 0.0405966 0.37807 0.041567
0.375275 0.0635476 0.375808 0.0644828
0.358878 0.0199676 0.359664 0.0201579
0.364672 0.0478084 0.364954 0.0482477
0.365356 0.0315395 0.365805 0.0320164
0.365275 0.0472341 0.366013 0.0478625
0.337953 0.0134667 0.338078 0.0135322
0.358102 0.0118403 0.358265 0.0116611
0.399897 0.0637898 0.400597 0.0646025
0.343039 0.0107781 0.3431 0.0110566
0.350398 0.016019 0.350784 0.0162192
0.346136 0.013801 0.346459 0.0138908
0.376442 0.0485315 0.377059 0.0488137
0.354336 0.0116433 0.35486 0.0118057
0.354687 0.0339067 0.354816 0.0340573
0.353999 0.0214584 0.354097 0.0216742
0.338617 0.0158189 0.338589 0.0156939
0.34508 0.0125001 0.345748 0.0125828
0.352514 0.0203461 0.352584 0.0203172
0.352697 0.0296549 0.35302 0.0295938
0.353142 0.0259198 0.353277 0.0264144
0.356337 0.0314722 0.356757 0.0318224
0.341081 0.00904626 0.341344 0.00892258
0.342691 0.0145141 0.343086 0.0141112
0.362836 0.0553312 0.363308 0.0552677
0.342946 0.0134086 0.343307 0.0138469
0.34558 0.0319489 0.345449 0.0319295
0.34662 0.0231318 0.347306 0.0230777
0.356245 0.0222994 0.356507 0.0226458
0.333323 0.00700417 0.333375 0.00670751
0.346794 0.0224256 0.347315 0.0219241
0.355943 0.0438598 0.356271 0.0443759
0.352865 0.0203251 0.352964 0.0206551
0.346858 0.0295489 0.34699 0.0294041
0.346471 0.017702 0.346544 0.0171085
0.340388 0.0200912 0.340915 0.0203028
0.344329 0.0122446 0.344571 0.0118632
0.331806 0.00477082 0.33197 0.00489988
0.334495 0.00773958 0.334859 0.00766168
0.337355 0.0075853 0.338139 0.00754085
0.342173 0.0096707 0.342346 0.00970268
0.337524 0.00914482 0.337823 0.00897735
0.34711 0.0191345 0.347501 0.0187797
0.343149 0.0163398 0.343941 0.0164297
0.344973 0.0258262 0.345536 0.0260018
0.34618 0.036275 0.347529 0.0363337
0.338458 0.0175528 0.33896 0.0169604
0.346129 0.0156071 0.345696 0.0152458
0.329229 0.00747726 0.329593 0.00800664
