0.249907 0.0108175 0.249424 0.0108368
0.286073 0.00623218 0.28524 0.00595917
0.293545 0.00531063 0.292477 0.00492527
0.295456 0.00472822 0.294981 0.00474009
0.298715 0.00375828 0.298524 0.00362782
0.303376 0.00545874 0.303336 0.00571337
0.306846 0.00470281 0.307341 0.00463437
0.308262 0.00241459 0.308373 0.00251233
0.315236 0.00453409 0.313906 0.00461827
0.321184 0.00543914 0.320209 0.0059595
0.321238 0.00368832 0.320795 0.00291871
0.32722 0.00458384 0.326819 0.00342962
0.333948 0.00318235 0.333691 0.00231926
0.336093 0.00336545 0.335761 0.00182142
0.343125 0.0043032 0.344037 0.00438897
0.352617 0.00938725 0.351478 0.0100856
0.353056 0.00361576 0.353844 0.00344333
0.36255 0.00493924 0.361033 0.00545399
0.364755 0.00436034 0.364482 0.00390504
0.37223 0.00463121 0.370541 0.00319201
0.378928 0.00666826 0.378382 0.00529379
0.383397 0.00978578 0.383938 0.00927527
0.389739 0.00468558 0.389111 0.00290168
0.395085 0.00728588 0.395826 0.00591594
0.401778 0.00624697 0.402093 0.00461202
0.408827 0.00743672 0.408215 0.00648045
0.41111 0.00343294 0.412079 0.00339922
0.419199 0.0059912 0.41803 0.00751263
0.424222 0.00557533 0.424037 0.00529526
0.435151 0.00732141 0.433147 0.00522559
0.436587 0.00597323 0.434269 0.00442064
0.44188 0.00609091 0.442482 0.00525755
0.449506 0.00792517 0.44709 0.00917797
0.455904 0.0100239 0.454977 0.0100519
0.457023 0.00380687 0.455633 0.00474925
0.459208 0.00712657 0.45999 0.0078043
0.467574 0.00759105 0.467202 0.00624627
0.47614 0.00615038 0.477046 0.00598368
0.478836 0.00895913 0.479295 0.00681881
0.486013 0.00925467 0.486222 0.00896971
0.48737 0.00787046 0.487589 0.0052151
0.490661 0.00468502 0.491283 0.00174138
0.497248 0.00466641 0.497113 0.0050573
0.503671 0.00637241 0.501424 0.00551807
0.505825 0.00455394 0.504715 0.00415559
0.511462 0.0128489 0.511832 0.011773
0.513014 0.00502295 0.511812 0.00467804
0.519258 0.00534694 0.517835 0.00472857
0.521929 0.00673412 0.521077 0.00520206
0.526181 0.00578904 0.522811 0.00611829
0.529082 0.0073357 0.526733 0.00708867
0.535602 0.00906863 0.535508 0.00963947
0.535552 0.00556279 0.535333 0.00323055
0.534975 0.00483951 0.534578 0.0041404
0.537819 0.00295715 0.538779 0.00420794
0.543142 0.00552306 0.543561 0.00632973
0.547846 0.00313223 0.548043 0.00486552
0.554709 0.00848387 0.551098 0.00617224
0.55388 0.0060148 0.554373 0.00626347
0.559909 0.00730221 0.557952 0.00736129
0.558532 0.00631387 0.558727 0.00564143
0.565643 0.00587913 0.563028 0.00325883
0.563016 0.00472648 0.565268 0.00514593
0.564989 0.00562277 0.564251 0.00365185
0.570456 0.00556727 0.568979 0.00441371
0.569687 0.00675767 0.571927 0.00578206
0.573898 0.00586515 0.574155 0.00409294
0.577514 0.00558711 0.576495 0.00412051
0.577112 0.00685613 0.578301 0.0049651
0.586432 0.00464609 0.583956 0.0039568
0.581293 0.00662125 0.58228 0.00430695
0.583456 0.00400647 0.585106 0.00230391
0.586596 0.00652715 0.58474 0.00439231
0.587621 0.00731978 0.589052 0.00499024
0.590983 0.00705914 0.590549 0.00743321
0.593988 0.00361712 0.593834 0.00413953
0.59658 0.00453508 0.595423 0.00441296
0.597947 0.00454144 0.596995 0.00494896
0.594629 0.00512211 0.59559 0.0057148
0.600051 0.0031336 0.598197 0.00502249
0.5995 0.00611575 0.598829 0.00468522
0.604295 0.00565371 0.602838 0.00463818
0.6061 0.00391351 0.603369 0.00412348
0.604916 0.00400087 0.605564 0.00405575
0.609223 0.0054703 0.607836 0.00538262
0.609514 0.00292451 0.609519 0.00399074
0.608643 0.00386774 0.610293 0.00392005
0.611184 0.00610135 0.611208 0.00285588
0.611062 0.00322241 0.61269 0.00392734
0.6129 0.00301571 0.611895 0.00214996
0.612598 0.00444647 0.611974 0.00199436
0.617621 0.00352404 0.617022 0.00313787
0.618546 0.00315627 0.618043 0.00416499
0.619141 0.00497771 0.619246 0.0036237
0.621672 0.00405712 0.621269 0.0018893
0.621434 0.00486312 0.622466 0.00239807
0.62347 0.00481093 0.62418 0.00548749
0.623052 0.00455124 0.623053 0.00349421
0.627186 0.00619889 0.627102 0.00549077
0.626316 0.00423115 0.62562 0.00215386
