0.447458 0.060201 0.448234 0.0607587
0.509646 0.0912557 0.510009 0.0912516
0.527332 0.0788286 0.528291 0.0787157
0.483114 0.0771215 0.483892 0.0771853
0.507892 0.0676691 0.508949 0.0673868
0.535772 0.0970523 0.536232 0.0966757
0.504517 0.0923253 0.505179 0.0928056
0.453411 0.0702146 0.454009 0.0705767
0.503024 0.0979293 0.503579 0.0982277
0.51069 0.0830082 0.511353 0.0830504
0.510771 0.0934247 0.511574 0.0932983
0.507048 0.100696 0.507657 0.100714
0.454143 0.072733 0.455116 0.0728598
0.489528 0.0873303 0.490137 0.0874854
0.503938 0.0908796 0.504525 0.0910418
0.544156 0.0804605 0.544969 0.0804306
0.451862 0.0962438 0.452284 0.0963064
0.485121 0.0940308 0.486047 0.0939823
0.484528 0.072458 0.485798 0.0728673
0.483448 0.0631442 0.484644 0.0635278
0.453293 0.0961621 0.453727 0.096354
0.47097 0.102106 0.471753 0.102495
0.488376 0.076653 0.489533 0.0772187
0.473912 0.0917929 0.474696 0.0923863
0.473245 0.0912011 0.474079 0.0916176
0.469295 0.0748073 0.470291 0.075109
0.454229 0.0761635 0.455175 0.0763955
0.477411 0.0871518 0.478277 0.0868283
0.466446 0.0718979 0.46775 0.0722344
0.450651 0.0479449 0.451868 0.0484668
0.467757 0.0685265 0.469099 0.0689936
0.503982 0.0939934 0.504939 0.0940134
0.519468 0.080151 0.520985 0.0801772
0.45645 0.0624426 0.457625 0.0630778
0.44989 0.0848139 0.450719 0.0853376
0.4535 0.0578269 0.454723 0.0582024
0.446766 0.0926436 0.448116 0.0931307
0.48642 0.0895259 0.487669 0.0901466
0.451497 0.0578766 0.452984 0.0584692
0.490415 0.0611299 0.491872 0.0613861
0.438901 0.0756325 0.43951 0.0761453
0.461235 0.0785355 0.462601 0.0789236
0.470387 0.0421811 0.472418 0.0423927
0.431847 0.0650278 0.432715 0.0657686
0.412794 0.044457 0.413764 0.044891
0.411268 0.0508035 0.412537 0.0518519
0.410992 0.0404674 0.412165 0.0407209
0.482441 0.0825225 0.483746 0.0835163
0.441583 0.0886084 0.442655 0.0888537
0.493165 0.0886244 0.494637 0.0886306
0.428588 0.0641451 0.429469 0.0645715
0.443693 0.0710494 0.444956 0.0715348
0.432528 0.0585327 0.434296 0.0588078
0.437995 0.0680275 0.439445 0.068474
0.419153 0.0632708 0.420192 0.0639161
0.40825 0.0586394 0.40932 0.059234
0.433835 0.0687177 0.434594 0.0692578
0.420905 0.0463955 0.422109 0.0469645
0.442847 0.0737002 0.444254 0.0744565
0.46324 0.0744755 0.464686 0.0752355
0.430618 0.0588304 0.432016 0.0595275
0.41621 0.0471737 0.417352 0.0478597
0.399305 0.0511613 0.400426 0.0516978
0.398868 0.0295789 0.399718 0.0299673
0.440032 0.0719966 0.441739 0.0724294
0.46932 0.0864454 0.470726 0.0868928
0.435243 0.0594996 0.43653 0.0598547
0.41972 0.0546478 0.42042 0.0554018
0.380501 0.0437444 0.381397 0.0440069
0.436172 0.0544733 0.437344 0.0549232
0.404973 0.0357316 0.405888 0.036547
0.383507 0.0715747 0.384608 0.0718608
0.446176 0.0921765 0.447497 0.0928477
0.396891 0.0478185 0.398202 0.0484145
0.409742 0.042652 0.411138 0.043268
0.368493 0.0284348 0.369852 0.0287698
0.386922 0.0523579 0.387777 0.0527228
0.382512 0.0512895 0.383323 0.0519081
0.387599 0.0226069 0.388149 0.0228312
0.411867 0.0386516 0.412865 0.0389854
