0.0210363 0.00074779 0.0209951 0.000745044
0.0294056 0.00132787 0.0292974 0.00128062
0.0329381 0.00142396 0.0327552 0.00141225
0.0365829 0.00189166 0.0364476 0.00187937
0.0371048 0.00119851 0.0369764 0.00102677
0.0410286 0.00160616 0.0411319 0.0014963
0.0441125 0.00180121 0.0439085 0.00151548
0.0475466 0.000972059 0.0473884 0.00108998
0.0497926 0.00121142 0.0496764 0.00124119
0.0524943 0.00251993 0.0524071 0.00241738
0.0541854 0.00217928 0.0540481 0.00240097
0.0578564 0.00264383 0.0578166 0.00251428
0.0612942 0.00263209 0.061494 0.00270209
0.0645578 0.00263285 0.0647559 0.0026456
0.067063 0.00469068 0.0668004 0.00474571
0.0727289 0.00369037 0.0724381 0.0040906
0.0715384 0.00336602 0.0709571 0.00316994
0.0776875 0.00493429 0.0773745 0.00460301
0.0812685 0.00537346 0.0814991 0.00540312
0.0808664 0.00394594 0.0806601 0.00380077
0.0832845 0.00435587 0.0837732 0.00472745
0.0854743 0.00446406 0.0853006 0.00450928
0.0909185 0.00414915 0.0905129 0.00422334
0.0952368 0.00585139 0.0947108 0.00558379
0.0998568 0.00457395 0.0997563 0.00438813
0.0988872 0.00575785 0.0985685 0.00505066
0.0992643 0.0046479 0.0996182 0.00487401
0.105014 0.00675205 0.104769 0.00713098
0.106275 0.00434472 0.105806 0.00474468
0.105344 0.00493698 0.105622 0.00470025
0.1108 0.00510113 0.110343 0.00584797
0.114666 0.0043208 0.114467 0.00451746
0.114195 0.00565784 0.113661 0.00561305
0.117278 0.00569597 0.116329 0.00572043
0.118243 0.00499617 0.11841 0.00508752
0.121294 0.00579381 0.121013 0.00555439
0.128622 0.00564603 0.128243 0.00554087
0.122893 0.00566604 0.122864 0.00502255
0.127829 0.0056845 0.127076 0.00580291
0.128993 0.00425333 0.128749 0.00459246
0.132272 0.00528244 0.132343 0.00599263
0.128226 0.00467397 0.127574 0.00414109
0.133829 0.00434798 0.132839 0.00379286
0.136614 0.00534843 0.1359 0.00441944
0.135891 0.00509676 0.136205 0.00548436
0.138026 0.00541169 0.138695 0.00523787
0.140475 0.00375597 0.14012 0.00334023
0.141496 0.00483758 0.140685 0.00463287
0.141059 0.00336561 0.14056 0.00401369
0.142976 0.00280189 0.14238 0.00301308
0.143887 0.0040777 0.14433 0.00440696
0.147125 0.00368203 0.147089 0.00332312
0.145901 0.00358832 0.145642 0.00412739
0.148138 0.00393728 0.147839 0.00407866
0.149181 0.00451188 0.148392 0.00426162
0.150333 0.0022871 0.149208 0.00197446
0.150931 0.00416249 0.150154 0.00406538
0.153543 0.00355664 0.152972 0.00330524
0.155046 0.00340775 0.153758 0.00378162
0.15428 0.00319298 0.153707 0.00288179
0.159072 0.00331158 0.15782 0.00367955
0.159509 0.00370897 0.159001 0.00292176
0.159161 0.00382714 0.159544 0.00389222
0.158 0.00366874 0.15669 0.00438323
0.161951 0.00413633 0.162191 0.00431605
0.161512 0.00292787 0.161527 0.00280854
0.160749 0.00258696 0.160095 0.00305786
0.164772 0.00322875 0.163808 0.00326608
0.163059 0.00262035 0.163145 0.00261975
0.163562 0.00312533 0.162314 0.00344459
0.165557 0.003935 0.16537 0.00329578
0.167646 0.00437608 0.166958 0.00421361
0.168107 0.00363061 0.167356 0.00458011
0.168615 0.00287977 0.168988 0.00321348
0.167699 0.00322346 0.167182 0.00211585
0.171165 0.00422144 0.1705 0.00280697
0.170782 0.00338602 0.170441 0.00338071
0.172501 0.00171419 0.172822 0.0023841
0.172467 0.00297751 0.172215 0.00291974
0.173899 0.00251235 0.17333 0.00216211
0.175375 0.00266712 0.174377 0.00229296
0.176329 0.00233423 0.175489 0.00194084
0.176664 0.00232524 0.176292 0.00142297
0.177867 0.00249573 0.177958 0.00256288
0.176386 0.0031252 0.176478 0.00348435
0.178145 0.0028563 0.178237 0.00299885
0.179205 0.00190261 0.179098 0.00218552
0.179635 0.00270032 0.180242 0.00310229
0.181179 0.00288972 0.179966 0.00240786
0.180598 0.00216838 0.17966 0.00256545
0.182357 0.00288478 0.182244 0.00166696
0.183109 0.00233896 0.183019 0.00243312
0.184308 0.00248798 0.183506 0.0019063
0.18365 0.00148322 0.183547 0.00236613
0.185516 0.00273774 0.184843 0.00246186
0.185938 0.00309558 0.185746 0.00292191
0.187479 0.0031633 0.187285 0.00277945
0.186718 0.00292792 0.185986 0.00238147
0.186638 0.00329249 0.186357 0.00238329
0.189647 0.00267895 0.188375 0.00239375
