0.0969494 0.0246437 0.0965074 0.0248217
0.102477 0.0253012 0.101854 0.0256234
0.103922 0.0230373 0.103729 0.0229161
0.0978603 0.0242929 0.0973464 0.0246231
0.105443 0.0329303 0.104957 0.0329297
0.0992962 0.0268614 0.0988167 0.0270022
0.100451 0.0210602 0.100256 0.0213425
0.105136 0.025959 0.104604 0.0261905
0.101624 0.0286925 0.101136 0.0286957
0.0938513 0.0182293 0.0932655 0.0183917
0.0869214 0.0239112 0.0864401 0.0240412
0.0989833 0.030973 0.0986305 0.0311209
0.101339 0.0297161 0.100971 0.0297933
0.101431 0.0263108 0.101136 0.0263111
0.103796 0.0246077 0.103403 0.0248427
0.100395 0.0270006 0.100048 0.02714
0.0937251 0.0214237 0.0933722 0.0216045
0.0891704 0.011674 0.0887371 0.0118019
0.0999976 0.0252306 0.0999478 0.0250807
0.106098 0.0285739 0.106037 0.0289631
0.0842959 0.0228604 0.0840043 0.0228837
0.0977741 0.0233414 0.0974324 0.023509
0.090928 0.0219975 0.0905292 0.0220951
0.0929981 0.0258755 0.0927912 0.0261064
0.0897019 0.0260501 0.0892076 0.0260835
0.100255 0.026497 0.100242 0.0268054
0.0894883 0.0187342 0.0894531 0.0187965
0.0874727 0.0209193 0.0871329 0.0210883
0.103563 0.027804 0.103635 0.0279879
0.0835781 0.0227666 0.0833854 0.0229496
0.0872189 0.019538 0.0871644 0.0195626
0.0838671 0.014802 0.0836097 0.0146949
0.0846922 0.0138293 0.0842883 0.0140322
0.0886634 0.0217851 0.0885054 0.0217797
0.0839231 0.0276388 0.0836829 0.0277154
0.0789081 0.00964086 0.0786514 0.00978298
0.09475 0.0246562 0.094683 0.024833
0.0999812 0.0309626 0.100054 0.0307875
0.0753821 0.0156416 0.0751271 0.0157993
0.0861437 0.0224766 0.0859883 0.0225016
0.0886145 0.0214147 0.0886425 0.021483
0.0812465 0.016293 0.0810349 0.0165064
0.0814645 0.0162937 0.0812849 0.0164739
0.0811484 0.0155128 0.0810453 0.0157943
0.0735667 0.0126277 0.0733985 0.0126854
0.0790178 0.0143453 0.0789317 0.0146213
0.0810886 0.0203737 0.0810803 0.0206177
0.0882228 0.0205332 0.088266 0.0207763
0.0740707 0.0125289 0.0740305 0.0126617
0.0861216 0.0203539 0.0859203 0.0207755
0.0890836 0.0248602 0.0892338 0.0250848
0.0835264 0.024804 0.083459 0.0248691
0.0835385 0.0195571 0.0834978 0.0197639
0.0946473 0.0213205 0.094843 0.0215266
0.0866979 0.0224974 0.0866082 0.0227613
0.0684449 0.00725965 0.0681449 0.00723383
0.0647067 0.00848602 0.0646869 0.00859637
0.0716056 0.0184207 0.0716232 0.0187127
0.0767519 0.0161588 0.0768474 0.0163423
0.0831629 0.0160196 0.0831939 0.0159807
0.0802635 0.019586 0.0801825 0.0198342
0.0830927 0.017373 0.0830306 0.0175847
0.0771301 0.00959149 0.0770322 0.00960757
0.0773286 0.0211242 0.0774749 0.0212216
0.0731333 0.00846057 0.0730502 0.00852057
0.0775824 0.0174539 0.0776247 0.0176971
0.0785821 0.0197325 0.0786638 0.0199814
0.0773341 0.0166891 0.0773317 0.0170121
0.0641571 0.00590283 0.0642174 0.00571669
0.0781519 0.0192311 0.0783769 0.0194521
0.0740878 0.0111165 0.0741798 0.0109259
0.0833946 0.0259285 0.0834428 0.0263017
0.0656956 0.00536525 0.0655445 0.00564425
0.0778477 0.0199403 0.0779852 0.0201816
0.0735442 0.0169229 0.0736287 0.0170159
0.069274 0.00898751 0.0692865 0.00902066
0.0753965 0.0156894 0.0754703 0.0157801
0.0751734 0.0231273 0.0750733 0.0233812
0.0713969 0.0184745 0.0713045 0.0186954
0.0679285 0.0093373 0.0678695 0.00922526
