0.43975 0.0459978 0.441817 0.0464795
0.439675 0.0664642 0.441391 0.0674307
0.435049 0.0407483 0.436884 0.0417505
0.43572 0.0340138 0.437657 0.0354592
0.42611 0.0341061 0.428009 0.034251
0.433854 0.0430103 0.435639 0.0437046
0.423774 0.0491303 0.425651 0.0498391
0.455246 0.0603873 0.457477 0.0610753
0.423886 0.0327208 0.425198 0.0329031
0.433057 0.0443747 0.43473 0.045121
0.416373 0.0306369 0.418102 0.0311845
0.41763 0.0248235 0.41889 0.0251076
0.432754 0.0423757 0.434435 0.0428126
0.419963 0.0353859 0.421322 0.0365069
0.423009 0.0609207 0.424602 0.0614307
0.455716 0.0540492 0.457634 0.0550775
0.424076 0.0473488 0.425681 0.0481694
0.428031 0.045332 0.429974 0.045438
0.421041 0.0432418 0.422645 0.043615
0.442763 0.0500589 0.444534 0.0506966
0.420734 0.0689336 0.421914 0.0693821
0.409495 0.0347732 0.410769 0.0354071
0.423247 0.0342515 0.424769 0.0351389
0.41511 0.0564764 0.416386 0.0568923
0.417679 0.0325602 0.419006 0.0327148
0.419547 0.0311224 0.421207 0.0315941
0.420509 0.0311064 0.422327 0.0314799
0.422495 0.063584 0.424174 0.0644173
0.41969 0.0494936 0.420851 0.0502335
0.414171 0.0391493 0.415485 0.0399696
0.432229 0.0450058 0.433573 0.045463
0.423498 0.0534524 0.424808 0.0545946
0.41019 0.0296807 0.411495 0.0300951
0.396262 0.0207147 0.397456 0.0209053
0.400756 0.0283526 0.401631 0.0282728
0.389326 0.0149981 0.390142 0.0149717
0.423441 0.0489616 0.424486 0.0494472
0.398061 0.034889 0.399133 0.0356574
0.394104 0.0308995 0.394851 0.0313127
0.405631 0.0423129 0.406986 0.0430629
0.406729 0.0403014 0.407626 0.040555
0.399972 0.0335181 0.40055 0.0338507
0.422183 0.0268111 0.423392 0.027263
0.384154 0.0148073 0.38509 0.0150543
0.39692 0.0348787 0.397529 0.0351978
0.388198 0.0192499 0.38926 0.0197057
0.403322 0.0315393 0.403842 0.0319911
0.407896 0.0288569 0.408891 0.0293845
0.391371 0.0180898 0.391721 0.0180212
0.387034 0.0240676 0.388041 0.0243791
0.404524 0.0250698 0.405393 0.0252286
0.396842 0.0331345 0.397835 0.0335055
0.388805 0.0311388 0.389411 0.0317218
0.391841 0.0284495 0.392321 0.0287655
0.40063 0.0292472 0.400976 0.0295963
0.418523 0.049764 0.419587 0.0499876
0.410868 0.0331422 0.411765 0.0331901
0.373981 0.0244824 0.374068 0.0240785
0.397445 0.0212616 0.398216 0.0217992
0.391638 0.0308613 0.392163 0.0306895
0.403682 0.0255728 0.404628 0.0254705
0.392245 0.0364032 0.392572 0.036422
0.38219 0.0214936 0.382997 0.0213343
0.387611 0.0295565 0.388081 0.0292577
0.395708 0.0231608 0.395881 0.0230655
0.399745 0.0513174 0.400719 0.0516147
0.40022 0.0265198 0.400738 0.026426
0.387581 0.0178533 0.387839 0.0178878
0.365908 0.0126022 0.366659 0.0130202
0.382635 0.0316311 0.383407 0.0316116
0.377678 0.0297305 0.37884 0.029951
0.37947 0.0237848 0.379582 0.0237412
0.361901 0.0121319 0.362488 0.0122422
0.362672 0.0135983 0.363524 0.0135695
0.368396 0.0124697 0.369948 0.012657
0.376375 0.0191584 0.377232 0.0189455
0.36554 0.0237229 0.366017 0.0234664
0.37623 0.0226909 0.377127 0.0222653
0.372389 0.0168811 0.372906 0.0167542
0.368166 0.0246793 0.368564 0.0247227
