0.0864709 0.0110515 0.0861979 0.0111193
0.0845987 0.00400739 0.0840421 0.0040351
0.0864739 0.00956868 0.0859824 0.00963908
0.0905847 0.0117854 0.090267 0.0117455
0.0812338 0.00679775 0.0808922 0.00683979
0.0820076 0.0065957 0.0816336 0.00662209
0.0918366 0.0173649 0.0917596 0.0174107
0.0859336 0.00809856 0.0856543 0.00805123
0.0846638 0.00704779 0.0843013 0.00716162
0.0818054 0.00606207 0.0814712 0.00600286
0.0841499 0.0130084 0.0841012 0.0129741
0.0815534 0.00674047 0.0813916 0.00687152
0.0810676 0.0118157 0.0808237 0.011801
0.082999 0.00663643 0.0828448 0.00674664
0.0854983 0.0121732 0.0853517 0.0123449
0.0807706 0.00579601 0.0806566 0.00582158
0.080245 0.00722426 0.0801374 0.00721202
0.0819954 0.0066495 0.0815709 0.00699331
0.0802392 0.00513657 0.0801214 0.00531523
0.078557 0.00434578 0.0784502 0.00473571
0.0746174 0.00376722 0.0748226 0.00395092
0.0786667 0.00854317 0.0785355 0.00865941
0.0795558 0.00333697 0.0796136 0.00319566
0.0775876 0.00501575 0.0775675 0.00507283
0.0804489 0.00906262 0.0803818 0.00931652
0.0794543 0.00934397 0.079157 0.00944575
0.0804973 0.00688592 0.0803695 0.00700551
0.0763376 0.00424556 0.0762822 0.00413732
0.0784961 0.00814456 0.0785039 0.00822782
0.0749103 0.00446308 0.0746488 0.00445758
0.0764146 0.00622926 0.0762033 0.00617684
0.0777385 0.00688952 0.0777765 0.00731653
0.0748967 0.00521829 0.0744905 0.0051719
0.0815351 0.0127865 0.081257 0.0129759
0.0800992 0.00926181 0.0802031 0.00947431
0.0753721 0.00591247 0.0754277 0.0059995
0.0766466 0.0116884 0.076483 0.0119747
0.0735306 0.00581902 0.0735102 0.0057141
0.0740454 0.00537097 0.0741205 0.00563248
0.0720767 0.00449371 0.0719883 0.00424902
0.0763553 0.00826947 0.0763316 0.00796995
0.07391 0.00689551 0.0736501 0.00683218
0.0721791 0.00731988 0.0725062 0.00755428
0.0678335 0.00511167 0.0674903 0.0051435
0.0720704 0.00458866 0.0719005 0.00439006
0.0737077 0.00613271 0.0736942 0.00602222
0.0741436 0.00638836 0.0744395 0.00637603
0.077152 0.0157187 0.0771628 0.015597
0.0731561 0.00578156 0.0731477 0.00578854
0.0708556 0.00350361 0.0705948 0.0032096
0.0739154 0.00821488 0.0740356 0.00848426
0.0726619 0.00810583 0.0727921 0.00809245
0.0740465 0.0109988 0.0740221 0.0110953
0.0747432 0.00624525 0.0747924 0.00648105
0.0741292 0.00821952 0.0740831 0.00813101
0.0681724 0.0042491 0.0678025 0.00451725
0.0680826 0.0026691 0.0681886 0.00271346
0.0706201 0.00568174 0.0704261 0.00570244
0.0727809 0.00803145 0.0729202 0.00777743
0.0691454 0.00323527 0.0689547 0.00320856
0.071988 0.00575039 0.0716493 0.0055125
0.0647813 0.00412403 0.0647807 0.00413539
0.0710247 0.00376315 0.0708634 0.00396005
0.0680421 0.00746017 0.0680141 0.00749601
0.069506 0.00496844 0.0693139 0.00512555
0.065203 0.00253472 0.0651085 0.00272064
0.0699268 0.00629736 0.0700083 0.0063394
0.0662191 0.00420324 0.0660507 0.00419463
0.066179 0.003674 0.0662435 0.0036311
0.0676579 0.00599137 0.0675937 0.00589509
0.0697408 0.00554811 0.0696535 0.00560536
0.0694381 0.00559611 0.0695774 0.00556246
0.0716407 0.00704817 0.0716264 0.00676193
0.0635675 0.00334819 0.0635621 0.00343182
0.0717845 0.00825321 0.0719074 0.00821182
0.0682743 0.00529115 0.0682842 0.0051423
0.0715155 0.00551923 0.0713635 0.00556185
0.0680141 0.00842008 0.0679294 0.00854026
0.0675652 0.00397929 0.0675451 0.00401232
0.0670129 0.00700171 0.0671634 0.00690188
