0.247598 0.0125964 0.247129 0.0125462
0.283906 0.00716615 0.283123 0.00692407
0.289778 0.00565314 0.289036 0.00559694
0.293493 0.00574499 0.29272 0.00546547
0.298015 0.00498025 0.297956 0.00442012
0.30068 0.00436949 0.29959 0.00430511
0.303002 0.00392852 0.302437 0.00408707
0.305232 0.00245981 0.304266 0.00288752
0.309829 0.00557062 0.308458 0.00420091
0.312452 0.00427746 0.312068 0.00451998
0.317298 0.00350229 0.316962 0.00342849
0.323741 0.00426905 0.322609 0.0048417
0.327573 0.00432471 0.327065 0.00449889
0.329165 0.00282198 0.327858 0.00241657
0.336361 0.00689185 0.335539 0.00678497
0.340353 0.00220675 0.340107 0.00339984
0.349539 0.00759653 0.348871 0.00761182
0.351122 0.00391325 0.350004 0.00591384
0.356555 0.00497829 0.35536 0.00542706
0.363341 0.00712342 0.3632 0.00652559
0.367873 0.0034333 0.36649 0.00362835
0.376076 0.0114658 0.37516 0.0102845
0.377551 0.00552174 0.377241 0.00402065
0.384236 0.00674518 0.384136 0.00437615
0.384671 0.0052318 0.385434 0.00480458
0.398692 0.00815329 0.397834 0.00729421
0.400364 0.00599077 0.3988 0.00548761
0.404753 0.00380086 0.401601 0.00349191
0.408211 0.00476947 0.406988 0.00392099
0.4161 0.00397716 0.414262 0.00420749
0.424119 0.00550575 0.423939 0.00699491
0.42715 0.00500661 0.425877 0.00576739
0.432271 0.00622831 0.430084 0.00684493
0.431639 0.00312474 0.431378 0.00302364
0.438806 0.00688058 0.438494 0.00703334
0.441114 0.00453707 0.442088 0.00550387
0.454337 0.0139713 0.45373 0.0144733
0.454957 0.00610181 0.453986 0.00469477
0.459505 0.00587261 0.45762 0.00706699
0.461545 0.00485948 0.462948 0.00552064
0.464932 0.00564204 0.466733 0.00606914
0.479179 0.0166965 0.479027 0.0160767
0.478424 0.00623238 0.475618 0.00372515
0.479153 0.00471445 0.479524 0.00379471
0.481832 0.00495644 0.481188 0.00458499
0.489306 0.00633745 0.486711 0.00674542
0.493502 0.0049195 0.492693 0.00499909
0.493552 0.00489746 0.495755 0.00474901
0.499859 0.00618862 0.50024 0.0044114
0.502293 0.00370229 0.501805 0.0043703
0.507517 0.00692198 0.506651 0.0057729
0.512843 0.00368901 0.512873 0.00442719
0.511268 0.00499039 0.510036 0.00584025
0.517328 0.00547726 0.51459 0.00653043
0.517192 0.00488022 0.517881 0.00467323
0.520821 0.00650968 0.521482 0.00591235
0.525369 0.00712585 0.524016 0.00468587
0.529012 0.00635004 0.526283 0.00436157
0.527539 0.002799 0.528468 0.00331221
0.533908 0.00570599 0.534323 0.00436599
0.539347 0.00747512 0.536487 0.00802704
0.539043 0.00662316 0.537698 0.0051975
0.544185 0.00544183 0.542504 0.00646065
0.541856 0.0047176 0.543088 0.00335884
0.547816 0.00288714 0.545578 0.00381068
0.556417 0.0106459 0.554927 0.0105276
0.552876 0.00448015 0.551996 0.00469297
0.553669 0.00416404 0.552137 0.0042632
0.560596 0.00677767 0.55704 0.00650757
0.560808 0.00467227 0.559828 0.00561818
0.564787 0.00949338 0.563172 0.00883562
0.565294 0.00623374 0.564771 0.00315775
0.565741 0.0108381 0.565753 0.00928952
0.564558 0.00455402 0.566454 0.00257867
0.568646 0.00196377 0.569697 0.0027934
0.572134 0.00550763 0.570169 0.0041316
0.573168 0.00651436 0.573184 0.00458567
0.573781 0.00592939 0.572674 0.00316176
0.577551 0.0026388 0.577486 0.00200132
0.579737 0.00589448 0.576768 0.00532521
0.580369 0.00380917 0.580894 0.00391343
0.584931 0.00560013 0.582574 0.0029611
0.585563 0.00628174 0.58602 0.0043898
0.586375 0.00337722 0.585733 0.00380568
0.588188 0.00508895 0.587049 0.00579244
0.590727 0.00460657 0.587753 0.00446278
0.591843 0.00168607 0.590269 0.00329812
0.59203 0.00392256 0.591628 0.00201968
0.592079 0.00442753 0.589729 0.0033975
0.591908 0.00402029 0.591225 0.00439736
0.597893 0.00696915 0.599778 0.00706898
0.596411 0.00394885 0.594815 0.00354445
0.597589 0.00234225 0.596765 0.0034245
0.59899 0.0035632 0.597927 0.00148277
0.601521 0.00259081 0.598071 0.00448379
0.601559 0.0031109 0.60154 0.00326337
0.606385 0.00581484 0.604014 0.00602881
0.602529 0.00418699 0.602141 0.00264915
0.608173 0.0044151 0.60688 0.00452741
0.606706 0.00327504 0.607024 0.00342289
