0.271146 0.000793456 0.270645 0.000804408
0.273015 0.00725423 0.272544 0.00729924
0.267175 0.00724075 0.26674 0.00725506
0.265788 0.00565507 0.265314 0.00560972
0.264604 0.00589017 0.26409 0.005874
0.262646 0.00663515 0.26218 0.00657936
0.256667 0.00736939 0.256263 0.00727614
0.257317 0.00823268 0.256856 0.00814072
0.255993 0.00724007 0.255531 0.00719635
0.252767 0.00817801 0.252348 0.00807556
0.25788 0.00854945 0.257363 0.00845105
0.254358 0.00709743 0.253901 0.00700619
0.253305 0.00700912 0.2528 0.00693474
0.252079 0.00802471 0.251637 0.0079176
0.251863 0.00486066 0.251459 0.00482191
0.250364 0.0104048 0.249938 0.0102671
0.249352 0.00791088 0.248957 0.00782428
0.247656 0.00871107 0.247227 0.00861948
0.250174 0.0058 0.249713 0.00573915
0.253808 0.00714579 0.253316 0.00703928
0.247954 0.00825775 0.247481 0.0081705
0.249964 0.00555508 0.24956 0.00541742
0.252546 0.0092448 0.252026 0.00912581
0.252585 0.0128468 0.252091 0.0126923
0.242556 0.00597438 0.242179 0.00596784
0.249244 0.00773289 0.248787 0.00765526
0.241077 0.00645427 0.240675 0.00642454
0.243009 0.00641231 0.242594 0.00636957
0.250904 0.010019 0.250464 0.00990274
0.243738 0.00817771 0.243308 0.00810424
0.242889 0.00805862 0.24245 0.00799825
0.248569 0.0117701 0.248062 0.0116684
0.242652 0.00881364 0.242243 0.00873887
0.242408 0.0104594 0.242004 0.010367
0.244774 0.0102386 0.244339 0.010145
0.24269 0.00884903 0.242261 0.00878451
0.242176 0.00971297 0.241734 0.00962992
0.242175 0.00714135 0.241758 0.0071164
0.241095 0.00719946 0.24071 0.00715273
0.243372 0.0107373 0.242977 0.010628
0.23862 0.00826814 0.238278 0.00820813
0.238832 0.0100755 0.238459 0.00997787
0.241061 0.0069738 0.240688 0.00692361
0.244734 0.00827645 0.244322 0.00818562
0.238499 0.00688205 0.238126 0.00685099
0.23757 0.00709277 0.237248 0.00702817
0.236628 0.00628374 0.236304 0.00624233
0.241791 0.00735259 0.24143 0.00729944
0.23853 0.00616149 0.238215 0.00612867
0.237861 0.00514934 0.237545 0.00512658
0.240959 0.0122987 0.240609 0.0121939
0.238977 0.0100348 0.238668 0.009953
0.239938 0.00971343 0.239597 0.00963758
0.236798 0.0071526 0.236501 0.00711094
0.235288 0.00550322 0.234993 0.00543357
0.236611 0.00578177 0.236328 0.00576271
0.237249 0.00794949 0.236966 0.00788838
0.235495 0.00762228 0.235208 0.0075704
0.236098 0.00899227 0.235845 0.00893166
0.234006 0.00699237 0.233767 0.00689784
0.231489 0.00317329 0.231254 0.00312421
0.233538 0.00506037 0.233318 0.00500337
0.237303 0.0103227 0.23704 0.0102289
0.234642 0.0079295 0.234426 0.00785047
0.231302 0.00411365 0.231115 0.00407814
0.233259 0.00632575 0.233033 0.00623395
0.233622 0.00612941 0.233368 0.00605783
0.234781 0.00597906 0.234559 0.00590958
0.234252 0.00847242 0.234055 0.00836158
0.237167 0.00759609 0.236955 0.00750187
0.235367 0.00700607 0.235192 0.00689269
0.23503 0.00767319 0.234803 0.00753842
0.233369 0.00716752 0.233184 0.00702876
0.231544 0.0076411 0.231393 0.00754336
0.23298 0.0066713 0.232816 0.00647855
0.233308 0.00855661 0.233185 0.00845875
0.23237 0.00343049 0.23225 0.00338713
0.23435 0.00706598 0.234172 0.00698605
0.237781 0.00638126 0.23754 0.0062935
0.233764 0.00900345 0.233547 0.00890528
