0.361173 0.055133 0.362067 0.0558348
0.411812 0.0634727 0.413775 0.064842
0.355021 0.0276816 0.356167 0.0285818
0.344305 0.0106037 0.345084 0.0108005
0.349039 0.0155378 0.349604 0.01591
0.355046 0.0368313 0.355914 0.0373216
0.336882 0.0093939 0.33758 0.0096082
0.353318 0.0279016 0.353865 0.0285842
0.362079 0.0416506 0.362807 0.0422084
0.364793 0.038111 0.366141 0.038951
0.377776 0.0538813 0.379006 0.0546537
0.346849 0.0177593 0.347523 0.0183213
0.348313 0.0191612 0.348912 0.0192384
0.340549 0.011684 0.340883 0.0113607
0.369388 0.0350922 0.370602 0.0358768
0.34084 0.0123836 0.341619 0.0124986
0.348545 0.0252284 0.349275 0.0260294
0.351908 0.019835 0.352269 0.0200825
0.338672 0.00985997 0.33924 0.00971824
0.348541 0.0253781 0.349604 0.0257716
0.359263 0.0358323 0.360163 0.0361468
0.338196 0.01307 0.339262 0.0128385
0.343921 0.017757 0.344679 0.0180075
0.341189 0.0254599 0.341892 0.0260215
0.34136 0.0122065 0.342012 0.0126153
0.340173 0.0170788 0.3413 0.0170643
0.33285 0.0132771 0.333213 0.0132517
0.348052 0.0182111 0.348611 0.0179963
0.347833 0.0395051 0.348461 0.0400541
0.340982 0.0195815 0.34176 0.0196857
0.345228 0.0285182 0.345838 0.0288485
0.340348 0.00975462 0.340635 0.0101004
0.348973 0.0193157 0.349431 0.0195019
0.33267 0.00838729 0.333387 0.00830241
0.339522 0.0137469 0.340047 0.014263
0.337422 0.0086329 0.337801 0.00903603
0.338934 0.00921506 0.339396 0.00912559
0.334945 0.0182684 0.335357 0.0185932
0.334416 0.0180391 0.335006 0.0182473
0.329553 0.0102528 0.330148 0.010045
0.345472 0.030759 0.346276 0.0314422
0.329797 0.0155441 0.330483 0.0158867
0.338703 0.0153221 0.339468 0.0153477
0.331926 0.0148584 0.332518 0.015174
0.341003 0.0234823 0.341829 0.0234976
0.339466 0.0266986 0.34018 0.0263869
0.335911 0.0181218 0.336306 0.0181364
0.328819 0.00968225 0.329169 0.00974235
0.341096 0.0141202 0.341595 0.0139011
0.338797 0.0177309 0.339074 0.0179332
0.329823 0.0127343 0.330375 0.0132041
0.344268 0.0237801 0.344703 0.0232101
0.340468 0.0266877 0.340649 0.0265845
0.33562 0.0184259 0.336158 0.0182384
0.332609 0.0149993 0.333345 0.0151828
0.339467 0.0233859 0.339724 0.0235255
0.334978 0.0123851 0.335803 0.0124463
0.331157 0.0116025 0.331815 0.0112735
0.329733 0.0163829 0.330142 0.0165179
0.326522 0.0108715 0.327182 0.0107507
0.33798 0.022365 0.33899 0.0220136
0.324215 0.00940779 0.325018 0.00933631
0.336146 0.0255309 0.336646 0.0256819
0.328138 0.0126984 0.328519 0.0127919
0.338712 0.0194085 0.339684 0.0195539
0.330522 0.0125586 0.330859 0.0128078
0.326927 0.00834187 0.32769 0.0087058
0.327622 0.00851194 0.328477 0.00795438
0.327307 0.00666928 0.328549 0.00676381
0.330681 0.0235489 0.331936 0.0235698
0.319742 0.00619516 0.320856 0.00624074
0.326456 0.00826907 0.327659 0.00819265
0.331442 0.0117271 0.332363 0.0117719
0.328627 0.0118368 0.329613 0.012019
0.332286 0.0200761 0.333222 0.02008
0.329264 0.0137451 0.330214 0.0134193
0.322176 0.00714827 0.322788 0.00725923
0.330951 0.0168507 0.332205 0.0167474
0.323748 0.0147616 0.324841 0.0144368
0.329897 0.0176995 0.331025 0.0179317
