0.0954389 0.0068966 0.0950466 0.00708968
0.0889562 0.00639111 0.0887846 0.00658318
0.0912741 0.00588428 0.0909555 0.00619206
0.0959884 0.00676276 0.0957057 0.00679455
0.0899863 0.00543338 0.0895623 0.00574019
0.0887043 0.00441395 0.0880138 0.004126
0.0952407 0.0149572 0.0951166 0.0148396
0.0960832 0.0101239 0.0957697 0.0100807
0.092739 0.0117277 0.0926324 0.0118415
0.0933332 0.00983113 0.0930427 0.00970992
0.0971601 0.0192388 0.0970401 0.0195087
0.090643 0.00953952 0.0903005 0.0095964
0.0879561 0.00735035 0.0877753 0.00746417
0.0927316 0.00758657 0.0925798 0.00740576
0.0989992 0.0177758 0.0990541 0.0179869
0.0955245 0.0197067 0.0955322 0.0199631
0.0848682 0.0046354 0.0844806 0.00482811
0.0860438 0.00879999 0.0862717 0.0092606
0.0908141 0.0101385 0.0906899 0.0102718
0.092791 0.012112 0.0925972 0.0123629
0.0829147 0.00423194 0.0825618 0.00425651
0.0866856 0.00761147 0.0862698 0.00767295
0.0905356 0.00765662 0.0903151 0.00791387
0.0868792 0.00986995 0.0872508 0.00983678
0.0864655 0.0147088 0.0868141 0.0146409
0.0871802 0.00501901 0.0866187 0.00505018
0.0866102 0.00857832 0.0861465 0.00873714
0.0850687 0.0090534 0.0848559 0.00921118
0.0862436 0.0107994 0.0858722 0.0110125
0.0885479 0.00889316 0.0885408 0.00884365
0.0865272 0.00767537 0.0866479 0.00811148
0.0821667 0.00670645 0.0822904 0.00699296
0.0867874 0.00891916 0.0864077 0.00892392
0.08231 0.00385985 0.0819287 0.00400225
0.0903894 0.0170117 0.090499 0.0172685
0.0820311 0.00606706 0.0819318 0.00592144
0.0791137 0.00296858 0.078686 0.0030126
0.0814805 0.00518509 0.0813085 0.00544425
0.0808894 0.00681204 0.0808114 0.00677352
0.0796777 0.0109204 0.0797092 0.0110104
0.0854758 0.0057029 0.0852216 0.00546934
0.0831419 0.00387962 0.0831303 0.00410813
0.0812914 0.00847715 0.0809937 0.00867248
0.0803187 0.00565308 0.0803252 0.00551531
0.0803551 0.00582767 0.0803365 0.00605438
0.0829038 0.0077701 0.0829015 0.00779496
0.0857835 0.00786636 0.0852893 0.00768801
0.0805053 0.0098328 0.0805379 0.0101665
0.0779833 0.00944938 0.0779815 0.00972983
0.0811687 0.0135421 0.0812317 0.0134863
0.075552 0.00478362 0.0753734 0.00442217
0.0829426 0.0124136 0.0828805 0.0127953
0.0778378 0.00983723 0.0776341 0.00998948
0.0804561 0.00813366 0.080284 0.00833809
0.0742114 0.00521765 0.0741394 0.00491866
0.0810733 0.00664957 0.0808054 0.00665374
0.0828293 0.02226 0.082616 0.0221737
0.07594 0.00382529 0.0759129 0.00434341
0.0790205 0.00680749 0.0787763 0.00703092
0.0777201 0.00813094 0.07759 0.00800415
0.0776209 0.00724569 0.0773915 0.00726344
0.0791987 0.00870719 0.0790262 0.00884781
0.079252 0.00786074 0.0792024 0.00792174
0.0753906 0.00926781 0.0754275 0.00948429
0.0808571 0.00984197 0.0809503 0.00991923
0.0743993 0.00462589 0.0742032 0.00459318
0.0735563 0.00421125 0.0734487 0.00451328
0.0786523 0.0108176 0.0788477 0.0109919
0.0749855 0.00677733 0.0747886 0.00683468
0.0748059 0.00624795 0.0748998 0.00650837
0.0764566 0.0106223 0.0767041 0.0105335
0.0735406 0.00656978 0.0736357 0.0061768
0.0713581 0.00739077 0.0712263 0.00727321
0.0755489 0.00540239 0.0755666 0.00516153
0.0715736 0.00361548 0.0717534 0.0037135
0.0759192 0.00787428 0.0760424 0.0078673
0.0702164 0.00324331 0.0701029 0.00327026
0.0735302 0.00651367 0.0738174 0.00669828
0.0744779 0.00404091 0.0746449 0.00374816
0.0695122 0.00475594 0.0696539 0.0046314
