0.312861 0.0309677 0.312139 0.0311262
0.30112 0.0253936 0.30034 0.0255012
0.295673 0.00660047 0.295084 0.00651141
0.319567 0.0714753 0.319011 0.0717933
0.308039 0.018173 0.30746 0.0184321
0.316135 0.0417419 0.315831 0.0417038
0.328735 0.0750509 0.32828 0.0751666
0.31393 0.0389682 0.313711 0.0390674
0.366195 0.119386 0.36595 0.119188
0.320123 0.0433346 0.319729 0.0434726
0.299421 0.00966562 0.298782 0.00977018
0.316917 0.0438179 0.316566 0.0438768
0.296887 0.0121733 0.296734 0.0119146
0.298955 0.00778727 0.29886 0.00766182
0.297111 0.0140275 0.296681 0.0138416
0.301796 0.015008 0.301505 0.0151477
0.298447 0.0092449 0.298087 0.00886062
0.332286 0.0794967 0.332286 0.0795843
0.311237 0.0219632 0.311044 0.0216812
0.304112 0.0210744 0.303996 0.020868
0.293564 0.00994605 0.293432 0.00962889
0.296195 0.0161246 0.296067 0.0157279
0.302331 0.0139759 0.301937 0.0140443
0.30013 0.0172545 0.299919 0.0170775
0.296222 0.0174414 0.295975 0.0169978
0.318852 0.0366719 0.318496 0.0367117
0.292372 0.00857944 0.292666 0.00851516
0.288148 0.00702157 0.288037 0.00694576
0.296964 0.0116588 0.296816 0.0114716
0.313336 0.0487187 0.313126 0.0487146
0.298453 0.0187189 0.298731 0.0184654
0.296263 0.00711893 0.296284 0.00703453
0.288922 0.0155742 0.289155 0.0151408
0.305025 0.0208261 0.304754 0.0209208
0.302723 0.0217588 0.30242 0.0217043
0.295116 0.0204132 0.29524 0.0200413
0.296111 0.018853 0.296125 0.01847
0.312677 0.0430379 0.31281 0.042975
0.304587 0.0388085 0.304807 0.0386143
0.287249 0.013173 0.287369 0.0132537
0.296243 0.0209286 0.296337 0.0206696
0.294526 0.0215524 0.294632 0.0213579
0.300458 0.0243399 0.30054 0.0243215
0.300431 0.0246727 0.300342 0.0245802
0.307284 0.0317977 0.30755 0.0316171
0.29894 0.0201031 0.299204 0.0198373
0.305693 0.0425518 0.305865 0.0422632
0.296519 0.0262774 0.29659 0.0259142
0.29897 0.0268017 0.299381 0.0265336
0.302317 0.0309359 0.302386 0.0307418
0.303413 0.0278351 0.303638 0.0275238
0.296489 0.0224363 0.296859 0.0223701
0.300082 0.02322 0.300334 0.0232214
0.289896 0.0197111 0.29004 0.0195112
0.304789 0.026008 0.304846 0.0257477
0.304747 0.0283874 0.304819 0.0282062
0.300371 0.0336285 0.300768 0.033564
0.295133 0.0294591 0.295314 0.0291879
0.300492 0.026959 0.300595 0.0267833
0.283144 0.0114836 0.28339 0.0117242
0.286339 0.0205507 0.286454 0.0203726
0.304192 0.0396168 0.304759 0.0394393
0.281711 0.00974334 0.282094 0.0102598
0.294499 0.0418346 0.294599 0.041677
0.278229 0.00859219 0.278719 0.00890826
0.290572 0.0304242 0.290801 0.0305341
0.285321 0.0232778 0.285488 0.0231928
0.299871 0.0356548 0.300069 0.0355594
0.296735 0.0480645 0.296776 0.0479073
0.289819 0.0296028 0.290022 0.0299108
0.293518 0.0179468 0.293857 0.0182675
0.300902 0.0411067 0.301092 0.041114
0.286653 0.0185245 0.286918 0.0187002
0.300666 0.0454043 0.301168 0.0452058
0.296507 0.0283328 0.296896 0.0286821
0.287295 0.0318459 0.287432 0.0320536
0.278243 0.00922882 0.278134 0.00922096
0.305402 0.0304226 0.305763 0.0308543
0.290474 0.0242539 0.290708 0.0247297
0.287537 0.028915 0.287691 0.0290219
