0.0206365 0.000232328 0.0205968 0.000228625
0.0293978 0.000873303 0.029289 0.000886453
0.0337307 0.00100937 0.0337551 0.00103389
0.0375532 0.00173387 0.0373549 0.00175338
0.0400582 0.00167125 0.0399322 0.00152141
0.0439699 0.00333073 0.0439443 0.00304287
0.046755 0.00232008 0.0464964 0.00214599
0.047777 0.00230136 0.047607 0.00210447
0.0517301 0.00215734 0.0515911 0.00234579
0.0555307 0.00318423 0.0552988 0.0030609
0.0594552 0.00368793 0.0592319 0.00359944
0.0632947 0.00424565 0.0629753 0.00389866
0.0680766 0.00580639 0.0681378 0.006026
0.0730719 0.00715378 0.0726352 0.00690217
0.0752358 0.00777287 0.0755246 0.00787598
0.0745769 0.00633456 0.0745826 0.00668173
0.0813251 0.00513235 0.0812352 0.00585695
0.0858648 0.00636295 0.0860968 0.00683755
0.0911815 0.0069376 0.0910077 0.00674969
0.0858089 0.00868059 0.0857405 0.00860968
0.0957175 0.00803968 0.0953591 0.00803651
0.100055 0.0114889 0.0998204 0.0111898
0.0980217 0.0102308 0.0975096 0.0107842
0.100958 0.00625246 0.100684 0.00622931
0.105326 0.00784945 0.105093 0.0073495
0.10824 0.00608404 0.108041 0.00558011
0.110241 0.00612316 0.11011 0.00583025
0.112677 0.0072367 0.112636 0.00748068
0.116985 0.00517917 0.117622 0.00473882
0.115943 0.00733201 0.115221 0.00754429
0.115543 0.00775811 0.114582 0.007715
0.120672 0.00765078 0.120436 0.00709464
0.121643 0.00795281 0.121359 0.007812
0.128491 0.00694648 0.128311 0.00681159
0.128192 0.00596644 0.127895 0.0060593
0.131976 0.00770206 0.132424 0.0080416
0.129543 0.00615041 0.129751 0.00655357
0.130773 0.00620169 0.131767 0.00602742
0.133598 0.00738623 0.133006 0.0075731
0.137471 0.00531314 0.137235 0.00499493
0.141977 0.00765733 0.141736 0.00819125
0.139475 0.00562014 0.138627 0.00606626
0.140171 0.00927538 0.139864 0.00890466
0.145092 0.00401706 0.144524 0.00395125
0.146714 0.00461151 0.14631 0.00492731
0.144729 0.00360574 0.144422 0.00334389
0.150136 0.00489769 0.148904 0.0049716
0.150423 0.00708292 0.149573 0.00724376
0.152985 0.00484648 0.151999 0.00457032
0.150516 0.00371022 0.150839 0.00356754
0.153451 0.00395902 0.152901 0.00390874
0.153496 0.00219855 0.154129 0.00240402
0.157838 0.00304052 0.15692 0.00392687
0.158155 0.00480031 0.15806 0.00456758
0.160855 0.00429953 0.161332 0.0045789
0.161066 0.00384887 0.161727 0.00424841
0.162466 0.00296749 0.162809 0.00307912
0.162563 0.00395592 0.163048 0.00363113
0.165825 0.00295333 0.165258 0.00361978
0.167393 0.00485518 0.167197 0.00430125
0.170923 0.00471897 0.169886 0.00493441
0.173215 0.00359029 0.172767 0.00324311
0.171792 0.00353021 0.172071 0.00294021
0.172508 0.00426658 0.171697 0.00348224
0.17097 0.00390369 0.171446 0.0032396
0.174647 0.00436456 0.174795 0.00517832
0.173913 0.00328568 0.174344 0.0031401
0.177268 0.00283192 0.177122 0.00311097
0.177073 0.00434025 0.177327 0.0050307
0.18129 0.00320859 0.180727 0.00383142
0.180286 0.0018546 0.181544 0.00254058
0.183178 0.00449893 0.181593 0.00421507
0.185368 0.00400615 0.18437 0.0041194
0.183365 0.00370487 0.183046 0.0029503
0.18334 0.00249347 0.183358 0.0017915
0.185078 0.00358798 0.184799 0.00355797
0.187302 0.00426664 0.18738 0.00326034
0.187959 0.0032359 0.188901 0.00317835
0.189256 0.00323046 0.188599 0.00295275
0.192125 0.00248216 0.191042 0.00379813
0.191899 0.00396019 0.192042 0.00347304
0.190973 0.00316243 0.192449 0.00313096
0.192622 0.00473501 0.192656 0.00413774
0.195861 0.00366584 0.195024 0.00418424
0.192994 0.00302151 0.193903 0.00307902
0.196909 0.00399026 0.196428 0.00413746
0.198579 0.00272516 0.197709 0.00354012
0.199786 0.00404584 0.199612 0.00438001
0.199572 0.00285439 0.198674 0.00223236
0.199732 0.00292475 0.199681 0.00259441
0.200982 0.00338202 0.200855 0.00350944
0.202199 0.00283589 0.201156 0.00309262
0.201285 0.00262656 0.200961 0.0019006
0.202969 0.00289265 0.202906 0.00242242
0.203837 0.00328909 0.202995 0.00245177
0.206279 0.00204708 0.206497 0.0020341
0.209136 0.00363024 0.207665 0.00314239
0.207574 0.00197686 0.207652 0.00236964
0.206709 0.00245428 0.20813 0.0021246
0.208066 0.00349689 0.208989 0.00273174
