0.065015 0.00977332 0.0647462 0.00972593
0.0656213 0.00569576 0.0651541 0.0055592
0.0639853 0.00473671 0.0636314 0.00484293
0.0678854 0.0084111 0.0677021 0.0084911
0.0672414 0.00384126 0.0671826 0.00379569
0.0663613 0.00409286 0.0660896 0.00402847
0.0629448 0.0032827 0.0626976 0.0032894
0.0615338 0.00491148 0.0615078 0.00494193
0.0629844 0.00371023 0.0628909 0.00410039
0.0616105 0.00404561 0.061416 0.00425629
0.0609708 0.00420664 0.0608929 0.00410702
0.0603362 0.00390032 0.060195 0.00388129
0.0630017 0.00616153 0.0631865 0.00612172
0.0592282 0.00224793 0.0590182 0.0021222
0.0613811 0.005226 0.0612938 0.00515531
0.0644984 0.00872793 0.0644014 0.00875965
0.0640035 0.00558328 0.0637835 0.00581112
0.058863 0.00455791 0.0589336 0.0046608
0.0641139 0.0102804 0.0638761 0.0104192
0.0603688 0.00568749 0.0604228 0.00550108
0.0636232 0.00684429 0.0634822 0.00680935
0.0593701 0.0039232 0.0595904 0.00410247
0.0590294 0.00856319 0.0592199 0.00866403
0.0600647 0.00486525 0.059842 0.00495442
0.0592266 0.00359399 0.0591544 0.00355348
0.0576728 0.00253094 0.0577153 0.00257887
0.0591295 0.00251892 0.0593634 0.00267854
0.060402 0.00376095 0.0602266 0.00400797
0.0580635 0.00483995 0.0579862 0.00467128
0.0574944 0.0025444 0.0575114 0.00272127
0.0559131 0.00380377 0.0561707 0.00376169
0.0590883 0.00469162 0.0590396 0.00461477
0.0559098 0.00297671 0.0558019 0.0030985
0.0572643 0.00504815 0.0575849 0.00514174
0.0556877 0.00346202 0.0554231 0.00356639
0.0597629 0.00679361 0.0598144 0.00691195
0.0562847 0.0031521 0.0565202 0.00319443
0.0565707 0.00629196 0.0565918 0.00636452
0.0557476 0.00430097 0.0556716 0.00427793
0.0556646 0.00282941 0.0558451 0.00283681
0.0558803 0.00237257 0.0559095 0.00265587
0.057668 0.00428179 0.0576065 0.00423008
0.0526023 0.00224783 0.0526044 0.00213939
0.0553895 0.00287543 0.0554594 0.00286573
0.0569317 0.00331086 0.0571418 0.00312102
0.0561239 0.00442091 0.0562991 0.0046381
0.0555662 0.00268732 0.0552411 0.00271169
0.0533256 0.00423847 0.0535059 0.00441088
0.0554619 0.00176856 0.0559073 0.00181568
0.0534175 0.00273604 0.0534638 0.00246161
0.0549351 0.0037913 0.0550933 0.00381693
0.0539007 0.00276312 0.0540257 0.00286971
0.0554288 0.00450702 0.0553589 0.00447632
0.0527716 0.00410864 0.0528904 0.00402697
0.0521979 0.00179719 0.0522888 0.00162454
0.0539312 0.00319822 0.0538931 0.00331345
0.0538632 0.00246849 0.0539782 0.00239721
0.0549084 0.00422338 0.0554065 0.00433673
0.054531 0.00374065 0.054547 0.00368882
0.0538238 0.00297331 0.0538471 0.00300529
0.0520117 0.0026304 0.0521466 0.00236564
0.0522392 0.00223319 0.0524059 0.00216744
0.0538712 0.00386931 0.054133 0.0038425
0.0539428 0.00270394 0.0540359 0.00278216
0.0540865 0.00505896 0.0543014 0.00499236
0.0543874 0.00458486 0.0545258 0.00453994
0.0535238 0.00205349 0.053569 0.00232586
0.0538238 0.00379305 0.0540327 0.00365055
0.0546642 0.006005 0.0547519 0.00585548
0.0528118 0.00261918 0.0530977 0.00250711
0.0521897 0.00299071 0.0522717 0.00290035
0.0517051 0.00403464 0.0518934 0.00406112
0.0532501 0.00340489 0.0535894 0.00350971
0.0557146 0.00321389 0.0558366 0.00319919
0.0554657 0.00365638 0.0557034 0.00356591
0.0514133 0.00214694 0.0516431 0.00226605
0.0532712 0.00474218 0.053699 0.00484887
0.0512772 0.00318236 0.0515981 0.0031842
0.0515541 0.00472352 0.0518175 0.00458523
0.0522095 0.00424051 0.052493 0.00413172
