0.0768163 0.00625279 0.0767934 0.00634165
0.0733591 0.00456462 0.073304 0.00464711
0.0718415 0.00400472 0.0714681 0.00419698
0.0755554 0.00741543 0.0754918 0.00752875
0.0694903 0.0040417 0.0693444 0.00403213
0.070924 0.00453298 0.070789 0.00449026
0.0750501 0.0146822 0.0750598 0.0148733
0.0695037 0.00980353 0.0691086 0.00970596
0.0678711 0.00360764 0.0675823 0.00369082
0.0679305 0.00381738 0.0676934 0.00395368
0.0704013 0.00724778 0.0699511 0.00703919
0.0774864 0.0105107 0.077424 0.010641
0.0715497 0.00581183 0.0711144 0.0058755
0.0688762 0.007591 0.0687754 0.00772885
0.0655805 0.00460814 0.0653176 0.00456975
0.0687106 0.00455174 0.0686515 0.00445633
0.0711546 0.00816843 0.0709563 0.00848084
0.066848 0.00473987 0.0667126 0.00514954
0.0745288 0.0120389 0.0745548 0.012288
0.0673254 0.00555297 0.0672897 0.00552832
0.0638489 0.00315891 0.0638168 0.00310998
0.0634081 0.0054032 0.0633361 0.00604443
0.0670267 0.00678816 0.0669226 0.00696793
0.0642125 0.00307151 0.0639541 0.00311727
0.0663965 0.00522042 0.0661825 0.00527094
0.0646934 0.00507621 0.0643519 0.00491047
0.0672993 0.00584618 0.0673617 0.00562366
0.0673633 0.00933948 0.0674303 0.00947214
0.0654298 0.00765561 0.0653112 0.00750448
0.0642573 0.00520844 0.0642752 0.0052673
0.0641894 0.00676719 0.0639695 0.00671024
0.0629282 0.0055913 0.0627533 0.00571656
0.0633269 0.00528766 0.0634578 0.00518244
0.0646123 0.00498999 0.0643896 0.00504515
0.063889 0.00606563 0.0639799 0.00612019
0.0670593 0.00863602 0.0670947 0.00879548
0.0627768 0.00538865 0.0624313 0.00557431
0.0648362 0.00849871 0.0648309 0.00850387
0.0638768 0.00649831 0.0638917 0.00657489
0.0631495 0.00777983 0.062964 0.00781544
0.0604809 0.00320215 0.0607449 0.00316975
0.0611469 0.00517971 0.0608945 0.00527693
0.0639106 0.00381145 0.0637258 0.0038012
0.0609195 0.00487415 0.0609903 0.00498337
0.0604565 0.00508827 0.0604493 0.00503161
0.0645766 0.00970851 0.0644812 0.00978205
0.0607146 0.00515676 0.060589 0.00515622
0.0584579 0.00289238 0.0584851 0.00294552
0.0618804 0.00587744 0.0618132 0.00598094
0.0582153 0.00223665 0.0583369 0.00226706
0.0590023 0.00463687 0.0588364 0.00455152
0.063737 0.00905374 0.063775 0.00892738
0.0626424 0.00620005 0.0627869 0.00619936
0.0619494 0.00509278 0.0620337 0.00526123
0.0573587 0.00251777 0.0574113 0.00248809
0.0595679 0.00431599 0.0595681 0.00420083
0.0575715 0.00337157 0.0576832 0.00338276
0.0565313 0.00397372 0.0563552 0.00413359
0.062228 0.00718231 0.062045 0.00728898
0.0610143 0.00972245 0.0610921 0.00962253
0.0584712 0.00295924 0.0583475 0.00306458
0.0605107 0.00532647 0.0606496 0.00513578
0.0559116 0.00288776 0.0559339 0.00276193
0.0604828 0.00546042 0.0604007 0.00551848
0.058931 0.00757249 0.0589326 0.00758216
0.0588166 0.00606233 0.0590171 0.00605775
0.059799 0.00518377 0.0599435 0.00511183
0.0583387 0.00458732 0.0582877 0.00449485
0.0588155 0.00394799 0.0587461 0.00390058
0.0578341 0.00596722 0.057875 0.00605409
0.0575955 0.004749 0.0577969 0.00482949
0.0591103 0.00364185 0.0590032 0.00365301
0.0569024 0.00595178 0.056706 0.00592115
0.0595646 0.00414869 0.0596806 0.00438784
0.0586865 0.00311566 0.0586901 0.00305882
0.0589736 0.00531729 0.0590375 0.00511473
0.0553812 0.00348139 0.0555466 0.00336826
0.0557668 0.00302128 0.0556964 0.00304578
0.0568052 0.00405431 0.056682 0.00407919
0.0554747 0.00244776 0.0557908 0.00238912
