0.260747 0.013929 0.260404 0.0138317
0.293452 0.00639345 0.292601 0.00650002
0.294959 0.0034037 0.294803 0.00373133
0.295684 0.00267962 0.295184 0.00246948
0.304924 0.00691334 0.304844 0.00669205
0.310202 0.0135588 0.309882 0.0136037
0.308825 0.00313014 0.309123 0.0025691
0.314955 0.00512447 0.313832 0.00523156
0.322341 0.00789327 0.320321 0.00762729
0.331287 0.00871696 0.330132 0.00799581
0.337281 0.0138551 0.337053 0.0144489
0.341479 0.0114711 0.34094 0.011495
0.342895 0.00872107 0.343208 0.00839778
0.355319 0.0144384 0.356616 0.0161683
0.361375 0.0149188 0.361408 0.0153195
0.36415 0.00548452 0.362423 0.00529567
0.369226 0.0036603 0.366878 0.0044524
0.38465 0.010022 0.384801 0.0102336
0.386846 0.00921196 0.386061 0.00929593
0.394794 0.0201904 0.393296 0.0200982
0.397034 0.00701048 0.396503 0.00701854
0.404776 0.00621284 0.404625 0.00558109
0.411896 0.00698111 0.411291 0.00618606
0.420229 0.008206 0.420597 0.00874573
0.424347 0.00633237 0.42511 0.00651949
0.433341 0.00723693 0.432258 0.00576249
0.442772 0.00742144 0.441186 0.00872516
0.452639 0.0096799 0.449562 0.0115172
0.453043 0.0112651 0.453099 0.00991901
0.46224 0.0102476 0.459967 0.00935379
0.466222 0.00903612 0.466577 0.00939797
0.471111 0.00661492 0.471532 0.00650146
0.479949 0.00828563 0.482736 0.00810444
0.482669 0.00959022 0.48414 0.00738773
0.491951 0.0108063 0.492529 0.0101133
0.494221 0.00552065 0.493212 0.00587315
0.497893 0.00872788 0.497422 0.00833146
0.505935 0.00855806 0.50515 0.00983903
0.506203 0.00610463 0.508707 0.00754574
0.51486 0.00815648 0.51571 0.00864747
0.521332 0.00681494 0.522172 0.00748212
0.523357 0.00790645 0.522085 0.00961776
0.52452 0.00546725 0.524949 0.00384055
0.529485 0.00857381 0.526933 0.00553415
0.536248 0.00841008 0.534798 0.00601599
0.543342 0.00753625 0.544786 0.00658127
0.544486 0.00431874 0.544845 0.0046652
0.548503 0.00513936 0.548183 0.00350849
0.552175 0.0087758 0.552098 0.00881847
0.556546 0.00654495 0.556927 0.00550121
0.560159 0.00744501 0.557328 0.00698061
0.565866 0.00852363 0.565156 0.00760016
0.56789 0.00456279 0.569085 0.00419606
0.569315 0.00341925 0.569593 0.00679956
0.570418 0.0105512 0.574474 0.00804109
0.578052 0.0079827 0.576388 0.00607468
0.579745 0.00584578 0.581059 0.00557139
0.58202 0.00303965 0.580709 0.00582401
0.582712 0.00497291 0.582303 0.00349933
0.588493 0.00767339 0.586537 0.00651874
0.58857 0.00717168 0.591346 0.00657666
0.592209 0.00412673 0.590887 0.00350693
0.598086 0.00740369 0.597662 0.00662469
0.592463 0.00360994 0.593674 0.00294478
0.598454 0.00670547 0.597432 0.00700019
0.601125 0.00471192 0.599986 0.00375287
0.60611 0.00950579 0.605717 0.00840579
0.607084 0.00363385 0.606145 0.0041454
0.610764 0.00636932 0.609917 0.00716358
0.610081 0.00387136 0.609767 0.00370794
0.612151 0.00564811 0.612453 0.0032311
0.615229 0.00539719 0.612431 0.00468774
0.61735 0.0063928 0.614808 0.00343361
0.617498 0.00403333 0.616924 0.00612373
0.619494 0.00588281 0.620403 0.00542432
0.623831 0.00704937 0.621907 0.00577618
0.624621 0.0063929 0.625222 0.0056632
0.625441 0.00744023 0.62558 0.00756793
0.6269 0.00371348 0.626747 0.00306033
0.627383 0.00793592 0.625532 0.00461253
0.62978 0.0068028 0.629919 0.00430294
0.62913 0.00392324 0.629965 0.00416457
0.634652 0.00542749 0.634462 0.00540917
0.637225 0.00705686 0.637728 0.00641705
0.637391 0.00492431 0.634846 0.00384861
0.638792 0.00473737 0.639232 0.0039099
0.641789 0.00623952 0.640963 0.00627701
0.640611 0.0046932 0.641019 0.00680948
0.646506 0.00668619 0.646222 0.0059536
0.64215 0.00416949 0.641483 0.00506863
0.643882 0.00615902 0.643797 0.00534689
0.643516 0.00450807 0.644532 0.00273174
0.643355 0.00334531 0.643421 0.00444066
0.651171 0.00665409 0.649823 0.00666017
0.648583 0.00597892 0.649315 0.00411309
0.649863 0.00650006 0.648165 0.00580238
0.650117 0.00547424 0.653189 0.00589053
0.651513 0.0042014 0.651088 0.0023103
0.653149 0.00393074 0.652206 0.00367146
0.651913 0.00309214 0.652657 0.00198312
