0.2908 0.00456218 0.289918 0.00447598
0.291603 0.00428713 0.290959 0.00434081
0.289233 0.00295897 0.288122 0.00302059
0.28871 0.00254158 0.288191 0.00255456
0.290499 0.00491223 0.289877 0.00498737
0.289365 0.0032512 0.288738 0.00318988
0.290779 0.00332681 0.290377 0.00326661
0.291347 0.00476701 0.290676 0.00493392
0.289394 0.00493393 0.288939 0.00500161
0.287653 0.00294046 0.286925 0.00289747
0.293026 0.00475635 0.292115 0.00486855
0.289355 0.00425551 0.288704 0.00459498
0.291193 0.00551581 0.290647 0.00568875
0.28832 0.00734119 0.287882 0.0075648
0.288815 0.00732834 0.28848 0.00702808
0.288548 0.00432148 0.287614 0.0038711
0.286191 0.00518764 0.285602 0.00505309
0.288665 0.00546666 0.288031 0.00524324
0.28699 0.00362394 0.286302 0.0038802
0.289173 0.00590836 0.288856 0.00607315
0.289503 0.00648622 0.289158 0.00662783
0.294149 0.0130723 0.293872 0.0134025
0.285586 0.00281772 0.285039 0.0029119
0.286074 0.00448538 0.285476 0.00441647
0.284818 0.00829213 0.284186 0.00842534
0.287151 0.00842941 0.286736 0.00811958
0.285905 0.00663123 0.285693 0.00672318
0.282962 0.00310318 0.282691 0.00349208
0.283603 0.0037618 0.282764 0.00388291
0.284636 0.00638632 0.283927 0.00633025
0.286632 0.00808221 0.286061 0.00785655
0.280622 0.00290931 0.280514 0.00286702
0.284721 0.0104707 0.284065 0.0101824
0.282554 0.00612628 0.282168 0.00620785
0.279742 0.0043905 0.279292 0.00467162
0.279291 0.00270438 0.279029 0.00278258
0.281326 0.00616256 0.281021 0.00604501
0.280699 0.00662736 0.280463 0.00609749
0.28287 0.00906961 0.282098 0.00896236
0.283683 0.0131784 0.283372 0.0131167
0.280651 0.00330757 0.280499 0.0036816
0.27998 0.00495115 0.279285 0.00493934
0.280397 0.0152195 0.280054 0.0151501
0.2815 0.00614025 0.280929 0.00599495
0.283201 0.00665052 0.282928 0.00633581
0.278437 0.00380755 0.278171 0.00370626
0.280631 0.00693064 0.280034 0.00660236
0.281471 0.0102223 0.28091 0.0103098
0.278825 0.00568442 0.278779 0.00550824
0.277157 0.00311515 0.276624 0.00315469
0.276476 0.00361855 0.275787 0.0041091
0.276231 0.00370688 0.276018 0.0037645
0.279067 0.00515033 0.278893 0.00510385
0.274295 0.00318955 0.273526 0.00302019
0.276632 0.00331352 0.276108 0.00343779
0.27658 0.00522058 0.276028 0.00525757
0.279704 0.010319 0.27909 0.0103947
0.274016 0.00241186 0.27341 0.00234363
0.272994 0.00348184 0.272857 0.00352824
0.273869 0.00322562 0.273495 0.00363132
0.272682 0.00126973 0.27201 0.000995088
0.271668 0.000959133 0.271195 0.00106821
0.274187 0.00498821 0.273787 0.00506234
0.273906 0.00456211 0.27321 0.00531006
0.271281 0.00180214 0.271185 0.00199896
0.273098 0.00455552 0.273305 0.0051748
0.270775 0.00221269 0.27023 0.00203851
0.272972 0.00685533 0.272678 0.00663062
0.27108 0.00476155 0.270473 0.00482603
0.27091 0.0015767 0.270234 0.00187026
0.274619 0.0102348 0.273743 0.0102035
0.271127 0.00384461 0.270832 0.0039097
0.268987 0.00227295 0.268803 0.00279029
0.27072 0.00360597 0.270155 0.00389904
0.269471 0.00387316 0.268792 0.00425457
0.269615 0.00644656 0.269194 0.00656583
0.269453 0.00534461 0.26867 0.00497437
0.266449 0.00177534 0.266113 0.00182508
0.267619 0.00191235 0.267014 0.00258871
0.267276 0.00492065 0.266685 0.00551407
