0.0986396 0.0206633 0.0987141 0.0206696
0.0855231 0.0186389 0.0851579 0.0188944
0.0901653 0.0156135 0.0898268 0.0159297
0.0811187 0.00837642 0.0807522 0.00844964
0.0868356 0.0202856 0.0867817 0.0204457
0.0923019 0.0246502 0.0920575 0.024915
0.0831042 0.00778328 0.082718 0.00799988
0.0850967 0.00949978 0.0850615 0.00967833
0.0894711 0.0198201 0.0895886 0.019999
0.0896228 0.0129403 0.088924 0.0133554
0.0771841 0.00329054 0.0770902 0.00336227
0.0784577 0.00985236 0.0780989 0.00992471
0.0874296 0.0195687 0.0874987 0.0196442
0.0861942 0.0179368 0.0862911 0.0182957
0.0825475 0.0155044 0.0825245 0.0156119
0.0788373 0.00670063 0.0786396 0.00683911
0.0799841 0.0108689 0.0799744 0.0110011
0.0833949 0.0114207 0.083257 0.0114997
0.0743369 0.00431738 0.0740339 0.00431738
0.0781151 0.0102009 0.0780306 0.0103004
0.0737002 0.0070917 0.0737572 0.00743065
0.0857298 0.0195948 0.0860759 0.0197816
0.0736758 0.00797629 0.0737174 0.00830299
0.0758405 0.00657806 0.075612 0.0069517
0.0782595 0.0156699 0.0783082 0.0158479
0.074446 0.00595714 0.0743961 0.00608897
0.0797075 0.01186 0.0799309 0.0119693
0.0781757 0.0134144 0.0784599 0.0135209
0.0775736 0.0141715 0.0777928 0.0142009
0.0742177 0.00724001 0.0741981 0.00718975
0.06925 0.00288595 0.0692023 0.0030167
0.079569 0.0121536 0.0798364 0.0123384
0.0772842 0.00603007 0.0772847 0.00618369
0.0700458 0.00789592 0.0701313 0.00799083
0.0737327 0.00797929 0.0736422 0.00824491
0.0806419 0.0168204 0.0806927 0.0171595
0.0737355 0.0108682 0.0739735 0.010765
0.0728257 0.00801309 0.0727429 0.00819191
0.078223 0.00779223 0.0784688 0.00802292
0.0739025 0.00924639 0.0738586 0.00976364
0.0802504 0.0159418 0.0801027 0.0163258
0.0732801 0.00864285 0.0733051 0.00887515
0.0709801 0.00745045 0.0706556 0.00753628
0.0701021 0.00875545 0.0700841 0.00893494
0.0769365 0.0164458 0.0769738 0.0167131
0.0694766 0.00766311 0.0696468 0.00767654
0.0691392 0.00891247 0.0690767 0.00902811
0.0748026 0.0115679 0.0751646 0.0116539
0.0708965 0.00704055 0.0709655 0.00720511
0.0727321 0.0117495 0.0726525 0.0119168
0.0739243 0.0142011 0.0738482 0.0145601
0.0680517 0.00951027 0.0680313 0.00972975
0.0643685 0.00673424 0.0641559 0.00665013
0.0669166 0.00639543 0.0666905 0.00649975
0.065335 0.00969387 0.065155 0.00985649
0.0686794 0.00855578 0.0686144 0.00856419
0.0762439 0.0153957 0.0764131 0.0156078
0.0798049 0.0182007 0.079991 0.0183221
0.0749253 0.00805109 0.0750394 0.00819327
0.0672874 0.00575599 0.0672916 0.00576189
0.0691815 0.0115941 0.0692719 0.0116865
0.066051 0.00504993 0.0659804 0.0049781
0.0722014 0.00918706 0.0721725 0.00939761
0.0701321 0.0101819 0.070037 0.0102894
0.0653822 0.00442974 0.0651106 0.00480535
0.0655293 0.00586092 0.0654102 0.0061649
0.0738335 0.0149287 0.0739089 0.0150757
0.0665967 0.0112977 0.066713 0.0114154
0.0688996 0.010052 0.0687795 0.0100894
0.0709839 0.011566 0.0710621 0.0115609
0.0646896 0.0055389 0.0647961 0.00563932
0.0636849 0.00648754 0.0636197 0.00645363
0.0640487 0.00786686 0.0640708 0.00777253
0.0685226 0.00637514 0.0685777 0.00637963
0.0693455 0.00852388 0.0694965 0.00860853
0.0641777 0.00773775 0.0642492 0.00779814
0.0636817 0.00526195 0.0638364 0.00509404
0.0640046 0.00539669 0.0638547 0.00529303
0.0585865 0.00375073 0.058861 0.00373689
0.0653909 0.00913436 0.0655477 0.0092235
