0.0218569 0.00140774 0.021817 0.00140171
0.0316782 0.00174812 0.0317424 0.00160397
0.0352826 0.00181252 0.0351973 0.00175872
0.0406619 0.00239742 0.0406872 0.00251105
0.0417561 0.00173777 0.0418487 0.00167762
0.050374 0.00667687 0.0503033 0.00681772
0.0513913 0.00405009 0.0513983 0.00426386
0.0617626 0.00845017 0.0613238 0.0080345
0.0603947 0.00836347 0.0602785 0.00792195
0.0610243 0.00427599 0.0613144 0.00442902
0.0676809 0.00506655 0.0680394 0.0050149
0.0681659 0.00381776 0.067755 0.00385686
0.0802372 0.0126583 0.0797407 0.0126787
0.0801717 0.0074037 0.0798511 0.00730645
0.0872056 0.0142367 0.0864863 0.0141878
0.0870502 0.0095071 0.0869628 0.00905454
0.0866609 0.00707998 0.0866416 0.00714223
0.0922689 0.00836193 0.0921687 0.0082689
0.0880949 0.00572855 0.0880028 0.0057224
0.103537 0.00883779 0.103424 0.00907828
0.100805 0.00724009 0.100769 0.00710024
0.106766 0.00985533 0.106675 0.0101147
0.11384 0.00797571 0.113082 0.00769706
0.113118 0.00901973 0.112474 0.00941542
0.118817 0.0110709 0.118475 0.0112105
0.126078 0.0113011 0.126252 0.0119735
0.118811 0.00469624 0.119008 0.0044488
0.122688 0.00700833 0.122597 0.00624541
0.127391 0.00745019 0.127938 0.00771914
0.130152 0.00706771 0.129485 0.00735761
0.130757 0.00806393 0.130163 0.00736545
0.138285 0.00778738 0.13757 0.00865078
0.139628 0.00859175 0.139365 0.00863539
0.138222 0.0082463 0.13772 0.00873268
0.142672 0.00968369 0.142588 0.0099801
0.146752 0.00944799 0.14716 0.00829073
0.14683 0.00413791 0.145898 0.00405923
0.148739 0.00948529 0.14958 0.00858672
0.146611 0.00579689 0.145541 0.00595332
0.1526 0.00999274 0.153072 0.00959398
0.156157 0.00773735 0.154756 0.00789762
0.15121 0.00472971 0.150995 0.00462058
0.156502 0.00623614 0.156665 0.0066212
0.162852 0.00655186 0.16278 0.00617901
0.165317 0.00551049 0.164314 0.00571934
0.167521 0.00617903 0.167113 0.00575799
0.168483 0.00516875 0.168445 0.0040456
0.169123 0.00429624 0.170055 0.00422411
0.169211 0.00486721 0.16888 0.00518922
0.169911 0.00379778 0.17054 0.00321317
0.172815 0.0053968 0.173047 0.00582064
0.175978 0.0053124 0.176366 0.00585848
0.17734 0.00694332 0.176157 0.00700277
0.17393 0.0047477 0.174986 0.00377753
0.179086 0.00589628 0.178395 0.00680212
0.179817 0.00297814 0.179808 0.00250239
0.180582 0.0040932 0.180627 0.00391314
0.18491 0.0060171 0.185251 0.00564839
0.185818 0.00698008 0.185573 0.00512802
0.184876 0.00426744 0.184819 0.0031539
0.185855 0.00279066 0.18594 0.0023538
0.190988 0.00516474 0.190213 0.00566877
0.19091 0.00519851 0.191194 0.00556093
0.192887 0.00593002 0.192963 0.00403516
0.194365 0.00496963 0.194372 0.00470062
0.197683 0.00617821 0.197778 0.00684268
0.197336 0.00432157 0.197291 0.00448635
0.198284 0.00594469 0.1986 0.00542422
0.198716 0.00515112 0.199358 0.00450833
0.201132 0.00351082 0.200492 0.00465987
0.202475 0.00351116 0.201748 0.00381132
0.203639 0.00439897 0.204225 0.00597996
0.204737 0.00376655 0.204369 0.00369607
0.204578 0.0036955 0.204129 0.0034027
0.206567 0.00363605 0.206998 0.00462821
0.208501 0.00609649 0.20724 0.00550106
0.209196 0.00487246 0.20921 0.00487611
0.210737 0.00619748 0.210883 0.00597476
0.210005 0.00660765 0.210255 0.00532994
0.210446 0.00351919 0.209841 0.00337718
0.213638 0.00454388 0.212798 0.00507972
0.215848 0.00314367 0.21715 0.00230062
0.218657 0.00626822 0.217852 0.00507473
0.217624 0.00372957 0.217734 0.00392766
0.217509 0.00442984 0.217074 0.00279391
0.22196 0.00544668 0.221553 0.00469465
0.222943 0.0066968 0.221619 0.00700752
0.220313 0.00354716 0.219727 0.00287623
0.221423 0.00490155 0.220769 0.00280397
0.223746 0.00411018 0.22423 0.00392101
0.222197 0.0029616 0.221629 0.00249738
0.224292 0.00284005 0.2239 0.00329636
0.223981 0.00227316 0.224395 0.00222419
0.225066 0.00279015 0.22607 0.00234126
0.227555 0.00271568 0.227615 0.002823
0.230169 0.0044969 0.230721 0.0041196
0.230211 0.00506896 0.230261 0.00382846
0.230975 0.00447143 0.230629 0.00511386
0.2326 0.00294084 0.231391 0.00407125
0.23319 0.00281363 0.233433 0.00447959
