0.0969897 0.0154281 0.0969355 0.0156025
0.10533 0.0139535 0.105325 0.0141175
0.103504 0.0161634 0.10319 0.0162349
0.102083 0.0114576 0.102112 0.0116183
0.09512 0.00760106 0.0945262 0.00794017
0.103895 0.020204 0.103441 0.020213
0.102582 0.0169587 0.102137 0.0171477
0.0970226 0.00823323 0.0969382 0.00851347
0.0997378 0.0126447 0.0995763 0.0124534
0.10223 0.0168565 0.101996 0.016927
0.0961509 0.0085523 0.096162 0.00854159
0.0973759 0.0103005 0.0971644 0.0103993
0.101744 0.0110577 0.101745 0.0114116
0.0949748 0.0114942 0.09487 0.0117344
0.0945508 0.00950279 0.0944136 0.00960421
0.1037 0.019004 0.103733 0.0194582
0.0970077 0.0123016 0.0968908 0.0124781
0.0942223 0.0112996 0.0943093 0.0110466
0.0945037 0.015137 0.0942381 0.015232
0.0952335 0.0116067 0.0949483 0.0115961
0.0907203 0.0066887 0.090725 0.0070997
0.0876828 0.00676855 0.0875357 0.00686926
0.0964212 0.0156594 0.0964228 0.0158202
0.0955078 0.0148869 0.0952748 0.0150841
0.100842 0.01287 0.10115 0.0129638
0.0927529 0.0151715 0.0926571 0.0156444
0.0955901 0.0168179 0.095812 0.0170704
0.0896741 0.0102389 0.0896864 0.0100815
0.0983683 0.013868 0.0982097 0.0141372
0.0960599 0.0128496 0.0962507 0.013033
0.0842826 0.00782671 0.0844933 0.0078878
0.0888691 0.00376816 0.0889337 0.00407594
0.091496 0.0119539 0.0916343 0.0122709
0.0935172 0.00850408 0.0935923 0.00847078
0.0927083 0.00890146 0.0926319 0.0089374
0.0865684 0.0083765 0.08668 0.00889713
0.0939984 0.0194046 0.0940986 0.0194796
0.0898832 0.0112507 0.0897504 0.0114746
0.0931846 0.0134796 0.09354 0.0137049
0.0867017 0.00701184 0.0866537 0.00717699
0.0842142 0.00641036 0.0838943 0.00670746
0.0897322 0.00961251 0.0899234 0.0097992
0.0855783 0.00507077 0.0857945 0.00514457
0.0830176 0.00628165 0.0828563 0.00637872
0.0890458 0.011642 0.0891233 0.0118325
0.0937063 0.0175181 0.0932482 0.0178395
0.0838371 0.00544921 0.0835662 0.00558931
0.0828965 0.0053685 0.0827782 0.00543849
0.0812623 0.005455 0.081192 0.00564973
0.0894401 0.0122536 0.0898122 0.0126781
0.0889634 0.0165935 0.0891405 0.0167684
0.0837482 0.00984793 0.0833829 0.0101085
0.0788863 0.00573196 0.0788145 0.00587408
0.0828943 0.00708435 0.0828067 0.00733633
0.080723 0.00658449 0.0804996 0.006642
0.0833622 0.00793079 0.0834197 0.00819546
0.0785927 0.0104869 0.0783558 0.0106217
0.0770804 0.00336408 0.0771745 0.00346659
0.0848703 0.00755762 0.0848765 0.00768639
0.0812092 0.00742238 0.080978 0.00753633
0.0817224 0.00614463 0.0815933 0.006414
0.0803005 0.00642399 0.0804551 0.00651452
0.0779052 0.00651602 0.077591 0.00651745
0.0834 0.00864297 0.0835181 0.00863454
0.0847246 0.0101423 0.0849553 0.0100236
0.0798565 0.00576649 0.0798812 0.00564317
0.0836695 0.0130931 0.0839438 0.0132141
0.0819936 0.0073429 0.0822215 0.00755201
0.0816697 0.00531345 0.0813517 0.00516224
0.0787205 0.00676675 0.0785729 0.00670005
0.0822025 0.00649766 0.0822004 0.00659859
0.0796956 0.00422776 0.0794135 0.00429017
0.0829081 0.015548 0.0830837 0.0156451
0.0765701 0.00513087 0.0763479 0.00533419
0.0786988 0.00760123 0.0788074 0.00786397
0.0773711 0.0077519 0.0773907 0.00757039
0.0801449 0.0108959 0.0801033 0.0109644
0.0773034 0.00446688 0.0770382 0.00445706
0.0745346 0.00348127 0.0744492 0.0032823
0.0755867 0.00486991 0.0754181 0.00484587
