0.296256 0.00335434 0.295876 0.00323318
0.30521 0.0149506 0.305223 0.0158438
0.295841 0.00321339 0.295398 0.00323441
0.30017 0.00906465 0.299924 0.00927365
0.29745 0.00469375 0.297031 0.0046942
0.296809 0.00373764 0.296474 0.00368109
0.298531 0.00480535 0.298325 0.00459253
0.300748 0.00816052 0.300504 0.00822427
0.297357 0.00365074 0.296927 0.00386999
0.297341 0.00260609 0.297006 0.00242926
0.29796 0.00319889 0.297621 0.00317821
0.300112 0.00804767 0.29983 0.00802195
0.302335 0.0104198 0.302239 0.0105333
0.300097 0.00795113 0.299832 0.008128
0.299401 0.00566982 0.299253 0.0058031
0.297083 0.00384581 0.296589 0.00390222
0.299856 0.00760596 0.299692 0.00756962
0.298155 0.00757094 0.297957 0.00788862
0.29585 0.00692028 0.295441 0.00680843
0.299131 0.0105471 0.298965 0.0104794
0.294861 0.00345139 0.294695 0.00337759
0.296043 0.00618837 0.295922 0.00610665
0.295961 0.00239157 0.295579 0.00244728
0.294166 0.00306829 0.294317 0.00306223
0.295126 0.00371683 0.294668 0.00369427
0.292831 0.00329338 0.292592 0.00318423
0.298874 0.0088524 0.298771 0.00852593
0.293101 0.0051932 0.29295 0.00525112
0.30079 0.0150773 0.300484 0.0153965
0.299421 0.0104368 0.299302 0.0104365
0.29667 0.00629415 0.296504 0.00618542
0.297121 0.0108059 0.296995 0.010886
0.293855 0.00512715 0.293939 0.00499119
0.297923 0.00736448 0.297598 0.00738762
0.298912 0.0116433 0.299054 0.0118483
0.290668 0.00206669 0.290657 0.00195928
0.300207 0.015951 0.299821 0.0157881
0.295723 0.00808043 0.295455 0.00795188
0.295964 0.0075843 0.296084 0.00725958
0.29254 0.00539923 0.29275 0.00545189
0.295929 0.007627 0.295558 0.00724579
0.294032 0.00753194 0.293592 0.00736986
0.290406 0.00367383 0.290293 0.00363847
0.293718 0.00708623 0.293609 0.00655369
0.28914 0.00299495 0.289402 0.00306316
0.2947 0.0129814 0.295063 0.0131254
0.293887 0.00909894 0.294028 0.00892255
0.292848 0.00898597 0.293231 0.00879209
0.292063 0.00768707 0.29228 0.0074676
0.289108 0.00426722 0.289056 0.00401566
0.293221 0.0113177 0.293041 0.0105438
0.290017 0.0052274 0.290136 0.00505369
0.290062 0.00667285 0.290042 0.0066296
0.294704 0.0121363 0.295006 0.0119387
0.293296 0.010109 0.292996 0.0101191
0.287681 0.00895985 0.288059 0.00883853
0.288585 0.00947036 0.289026 0.0100713
0.289072 0.0085651 0.289024 0.00853489
0.2854 0.00295797 0.285359 0.00292514
0.285455 0.00638791 0.285754 0.00648465
0.285279 0.00377795 0.285355 0.00336732
0.28961 0.0080462 0.289964 0.00857822
0.289768 0.00739693 0.290154 0.00727977
0.291322 0.0117772 0.291975 0.0117687
0.282432 0.00336644 0.28256 0.0031791
0.286783 0.00774749 0.287066 0.00777422
0.287872 0.00726655 0.288216 0.00731748
0.284743 0.0052822 0.28533 0.00576369
0.282727 0.00647097 0.283168 0.0064234
0.281678 0.00432734 0.282274 0.00448166
0.281634 0.0027776 0.281738 0.00298094
0.284882 0.015124 0.284808 0.014751
0.285814 0.00760093 0.28635 0.00733987
0.277625 0.00277172 0.277661 0.00303335
0.277383 0.00288825 0.277641 0.00284826
0.281141 0.00709615 0.281494 0.00657829
0.281969 0.00808765 0.281709 0.00843915
0.28145 0.00632699 0.281757 0.00615787
0.279289 0.00457861 0.27952 0.00518496
0.284156 0.00781871 0.283948 0.00779687
