0.0497308 0.00282365 0.0495849 0.00276743
0.0577237 0.00861517 0.0575569 0.00872685
0.0498013 0.0034937 0.0498089 0.00348628
0.0505803 0.00506852 0.0503436 0.00489601
0.0486299 0.00335204 0.0484319 0.0033908
0.0492287 0.00314708 0.0491498 0.00322835
0.0585194 0.0212951 0.0585795 0.0214906
0.058981 0.0134888 0.059179 0.013648
0.052845 0.00959075 0.0528046 0.00983284
0.0521841 0.0091437 0.0519111 0.00916154
0.0533504 0.00887738 0.0531445 0.00890622
0.0563955 0.0212638 0.0564779 0.021546
0.0486261 0.00374309 0.0485053 0.00378985
0.0477874 0.00545492 0.0476608 0.00551599
0.0532598 0.0120285 0.0530895 0.0122714
0.0510028 0.00840125 0.0509839 0.00847146
0.0512171 0.00625627 0.0510831 0.00628587
0.0485642 0.00624465 0.0485938 0.00631505
0.0542657 0.0194416 0.0541956 0.0197853
0.0487787 0.00457821 0.0487091 0.00451221
0.0542408 0.0139439 0.054053 0.0142825
0.0511412 0.00843871 0.0510189 0.00871559
0.0491285 0.0121374 0.0491279 0.0124352
0.048577 0.00521312 0.0484931 0.00535923
0.0463262 0.0026908 0.0462227 0.00275483
0.0464844 0.00465231 0.0464992 0.00463388
0.0507439 0.0131243 0.0507073 0.0134677
0.045278 0.0038057 0.045071 0.00383116
0.051098 0.0113023 0.0512179 0.011313
0.0495584 0.0106251 0.049625 0.0107411
0.050255 0.00803615 0.0502249 0.00798659
0.0449427 0.00384804 0.0446849 0.00391168
0.0517009 0.0101024 0.0517624 0.0101826
0.0452404 0.00260767 0.0450849 0.00253941
0.0503694 0.0106428 0.0502292 0.0106738
0.0469275 0.00820554 0.0469796 0.00822324
0.0459367 0.00451535 0.0458114 0.00457746
0.0484687 0.00507103 0.048318 0.00501491
0.0452673 0.00321594 0.0450952 0.00326416
0.0523424 0.0126224 0.0523256 0.0126737
0.0459564 0.00736465 0.0460929 0.00724943
0.0490355 0.00974251 0.0488947 0.00989408
0.0498826 0.00921044 0.0497703 0.0092237
0.0513212 0.0107346 0.0512644 0.010737
0.0438628 0.00291708 0.043825 0.00286039
0.0437914 0.00315207 0.0437025 0.00330202
0.0470676 0.00587695 0.0470432 0.00581561
0.0444091 0.00566958 0.0442594 0.00556994
0.0486488 0.0104724 0.0486671 0.010473
0.0452862 0.00560348 0.045142 0.00545143
0.0487668 0.0115028 0.0485508 0.0115612
0.0438823 0.0049462 0.0438509 0.0049157
0.0492247 0.0099039 0.0491599 0.0098731
0.0462188 0.00622445 0.046226 0.0062327
0.04845 0.00643081 0.0483948 0.00639203
0.0441342 0.00496553 0.0441726 0.00489927
0.0452679 0.00631439 0.0452223 0.00629203
0.0434648 0.00441343 0.0434992 0.00434062
0.04929 0.0145658 0.0493613 0.0145497
0.0439159 0.00412363 0.0439223 0.00405089
0.044372 0.00295068 0.0443447 0.00297424
0.0468509 0.00634388 0.0467665 0.00620601
0.0478904 0.0098786 0.0479153 0.00979153
0.0490435 0.0070552 0.0491765 0.00701558
0.0425234 0.0018115 0.0426974 0.00176404
0.0430454 0.00633666 0.043148 0.00621844
0.0437822 0.0060174 0.0438259 0.00598222
0.0444652 0.00640724 0.0445119 0.00637819
0.0455772 0.00860964 0.0456871 0.00849303
0.0458881 0.00591331 0.0459002 0.0059457
0.0427281 0.00230414 0.0428078 0.0023078
0.0452636 0.006305 0.0453787 0.00621197
0.0462735 0.0101729 0.0462549 0.0101294
0.0406551 0.00200259 0.0407707 0.00188744
0.0474691 0.011435 0.0475487 0.0113215
0.0448831 0.00642216 0.0449179 0.00623876
0.0451701 0.00541469 0.0452316 0.00538661
0.0432657 0.00868715 0.0434199 0.00853073
0.0428373 0.00352612 0.0430659 0.00351833
0.0422376 0.00483784 0.0422989 0.00482172
