0.413818 0.029263 0.415634 0.0300337
0.4017 0.0323836 0.403493 0.0324553
0.413837 0.0338061 0.415547 0.0348483
0.413255 0.04016 0.414706 0.0401582
0.405271 0.0226504 0.407115 0.0231839
0.424972 0.0434256 0.427199 0.044418
0.432089 0.054955 0.434419 0.0552608
0.40959 0.0278252 0.411138 0.0278215
0.42113 0.042291 0.423076 0.0430829
0.417852 0.0444958 0.419645 0.0457426
0.393875 0.0226391 0.395554 0.0230567
0.409604 0.0325078 0.411571 0.0332068
0.417738 0.0349278 0.418776 0.0357967
0.416555 0.048871 0.418101 0.0493375
0.411654 0.040785 0.41357 0.041909
0.410521 0.0281601 0.411336 0.0292724
0.38895 0.017 0.390365 0.0173144
0.396973 0.0286915 0.398361 0.0296203
0.398276 0.0542289 0.400328 0.0551665
0.414858 0.0349217 0.416722 0.0358092
0.413172 0.0613851 0.415128 0.0620643
0.412561 0.0433012 0.414302 0.0442425
0.398308 0.0417749 0.399566 0.0422093
0.40616 0.0213267 0.407438 0.0212536
0.399725 0.0365795 0.401176 0.0374023
0.400548 0.0313593 0.401477 0.0319937
0.395345 0.0323846 0.396732 0.0327515
0.393022 0.0279697 0.394011 0.0279369
0.37822 0.0139533 0.378848 0.0138751
0.407147 0.0575074 0.409107 0.057936
0.39357 0.0249715 0.395278 0.0253359
0.382188 0.0178987 0.382878 0.0175496
0.397992 0.0225959 0.399338 0.0235742
0.385543 0.0265626 0.386593 0.0271356
0.388329 0.0193548 0.389522 0.0196087
0.379871 0.0150788 0.380723 0.0151441
0.411591 0.0288816 0.413022 0.0288611
0.401217 0.0422231 0.402372 0.0426701
0.382205 0.0184112 0.383379 0.0186856
0.390157 0.0193725 0.391829 0.0197026
0.389619 0.0153112 0.391148 0.015133
0.386865 0.0337415 0.387663 0.0341917
0.376853 0.00963981 0.378247 0.010179
0.388949 0.0273674 0.389991 0.0276591
0.378043 0.0176058 0.378809 0.0178273
0.383382 0.0230341 0.384258 0.0228977
0.388597 0.0181321 0.389605 0.0181933
0.37848 0.0235933 0.37956 0.0238367
0.368212 0.0139911 0.368941 0.0140233
0.379132 0.0167218 0.379891 0.0174733
0.370104 0.016518 0.370754 0.0168087
0.379398 0.0248161 0.380162 0.0255693
0.386562 0.0257918 0.387817 0.0258183
0.377735 0.015387 0.378174 0.0160092
0.370662 0.0161714 0.371275 0.0158515
0.385833 0.0319745 0.387343 0.0324291
0.377337 0.0255614 0.378833 0.0259113
0.368858 0.0198734 0.369882 0.0201874
0.386011 0.022274 0.386953 0.022515
0.375109 0.0150065 0.376478 0.0153155
0.376113 0.0119288 0.3773 0.0120345
0.386239 0.0291836 0.387127 0.0294465
0.382404 0.026745 0.383427 0.0266492
0.370597 0.0190801 0.37124 0.018658
0.366624 0.0166569 0.367885 0.0170636
0.373886 0.0166479 0.375203 0.0165187
0.372098 0.0244383 0.372577 0.0248566
0.367734 0.0160968 0.368745 0.0163559
0.365551 0.0132028 0.366501 0.0131715
0.376873 0.0302004 0.378201 0.0303622
0.373993 0.0312825 0.375024 0.0314091
0.36936 0.0192937 0.370457 0.0194478
0.360893 0.0166633 0.36227 0.0168213
0.377732 0.0328199 0.37902 0.0329488
0.363813 0.0130727 0.365499 0.0130877
0.379412 0.0431704 0.38046 0.0430409
0.360797 0.0134985 0.362117 0.0136976
0.361408 0.0163449 0.362798 0.0164564
0.359271 0.0105908 0.360873 0.0099776
0.364276 0.0109704 0.365634 0.0107924
