0.0814318 0.00894524 0.0810989 0.00937596
0.0816116 0.0109349 0.0815315 0.0110674
0.0787181 0.0107931 0.0785351 0.0109099
0.0808561 0.011516 0.080899 0.011765
0.0781396 0.0162137 0.0777898 0.0163231
0.0848923 0.0167198 0.0846562 0.0173489
0.0780475 0.00942888 0.0778413 0.00967319
0.0896212 0.0190853 0.0897974 0.0191562
0.07964 0.00893721 0.0793962 0.00927088
0.079417 0.0120121 0.0792177 0.0121874
0.075901 0.00625008 0.0756774 0.00641402
0.0847557 0.0229418 0.0848817 0.0229207
0.0833417 0.0131825 0.0831611 0.0133192
0.0808022 0.0111038 0.0807338 0.0112615
0.0743752 0.00584486 0.0744179 0.0060208
0.0787397 0.015312 0.078796 0.0154809
0.0914928 0.0250266 0.0915985 0.0253435
0.0916882 0.0260397 0.0916401 0.0262105
0.0796223 0.0176059 0.079939 0.0178501
0.0757715 0.0105743 0.0756843 0.0109394
0.0732972 0.00989339 0.0734565 0.0102738
0.0812403 0.0190482 0.0812627 0.0194421
0.0782665 0.00977173 0.0780916 0.00970756
0.0722381 0.00964832 0.0720845 0.00981368
0.0707724 0.0104102 0.0706587 0.0104779
0.0782297 0.0170459 0.0784347 0.0173601
0.0727409 0.0158981 0.0728905 0.0161505
0.0658281 0.00567368 0.0654933 0.00563591
0.0662675 0.00540813 0.066043 0.00571512
0.0692523 0.0070218 0.0690569 0.00725021
0.0663764 0.00729001 0.0663469 0.00746513
0.069424 0.00942555 0.0693053 0.00953796
0.0733188 0.0128025 0.0732096 0.0130181
0.0746813 0.0072526 0.074981 0.00732998
0.0672859 0.00553936 0.0672332 0.00569136
0.0707456 0.00758144 0.0707639 0.00751707
0.0671413 0.00764513 0.067103 0.00797176
0.0714289 0.0209255 0.0714694 0.0212206
0.0710869 0.0122384 0.0709944 0.0124245
0.069566 0.0104429 0.0696843 0.0105623
0.0745488 0.0131741 0.0745142 0.0134662
0.0724431 0.0133532 0.072567 0.0136269
0.0686433 0.0139721 0.0687398 0.0140963
0.0653938 0.00466137 0.0652232 0.0046399
0.0625491 0.00910682 0.0622852 0.00939451
0.0642238 0.00533185 0.0640591 0.0053545
0.0669695 0.0144424 0.0670038 0.0144773
0.0682204 0.0102009 0.0682303 0.0103914
0.0706664 0.0165355 0.0707053 0.0165483
0.061499 0.00547988 0.0612067 0.00546771
0.0653602 0.0120283 0.0654568 0.0121014
0.0628392 0.00441373 0.0628513 0.0045272
0.0757344 0.0152074 0.0756853 0.015539
0.0612707 0.0054051 0.0613639 0.00540304
0.0638734 0.00635267 0.0639594 0.0065289
0.0700697 0.0116038 0.0700257 0.0118503
0.066555 0.00884072 0.0666046 0.0089066
0.0647185 0.00610519 0.0647146 0.00649231
0.0669095 0.0122648 0.0667709 0.0124174
0.0626795 0.00710625 0.0626129 0.00698381
0.0624705 0.00619748 0.0624763 0.00634224
0.0626424 0.00740079 0.0626522 0.00733857
0.0581331 0.00287771 0.0581603 0.00286054
0.0626521 0.00736949 0.0627414 0.00738055
0.0661968 0.0150277 0.0661185 0.0150725
0.0625506 0.0101828 0.0624171 0.0102105
0.0632259 0.00946204 0.0632129 0.00949407
0.0605235 0.00503726 0.06033 0.00518934
0.0626759 0.0103702 0.0627212 0.0104427
0.0668709 0.00799947 0.0667361 0.00810209
0.0602104 0.00839432 0.0602947 0.00849769
0.0650336 0.0130263 0.0649389 0.0131392
0.0615639 0.0104965 0.0615557 0.0105644
0.0598238 0.0040702 0.0599344 0.00423868
0.0619112 0.00742765 0.0618051 0.00772885
0.0654817 0.0125582 0.0656199 0.0128064
0.0630587 0.00772389 0.0631065 0.0075731
0.0611723 0.00703699 0.0611663 0.00697146
0.0562183 0.00606966 0.0562519 0.00616757
0.0587819 0.00593108 0.058704 0.00597032
