0.315953 0.00747576 0.316189 0.00767351
0.327991 0.0271595 0.328455 0.0274474
0.321295 0.0108197 0.321375 0.0112368
0.330268 0.0158569 0.330526 0.0160222
0.316711 0.00916239 0.316825 0.00930976
0.313518 0.00805027 0.313345 0.00839105
0.321415 0.0252933 0.321674 0.0253481
0.328768 0.0221435 0.32902 0.0229499
0.323257 0.0113053 0.323613 0.0116261
0.334696 0.0296603 0.335115 0.0301055
0.324868 0.0196211 0.325373 0.0200321
0.316268 0.0102379 0.31607 0.0103449
0.312487 0.00660256 0.312555 0.00671768
0.318713 0.00827187 0.318886 0.0085454
0.321975 0.0217077 0.322225 0.0223267
0.32599 0.0242413 0.326152 0.0246157
0.313023 0.00582563 0.313186 0.00598167
0.319484 0.00970758 0.319651 0.00971937
0.311885 0.0068861 0.312061 0.00720524
0.313328 0.00684106 0.313601 0.00659848
0.316599 0.00705749 0.316588 0.00721745
0.328118 0.0227731 0.328496 0.0230591
0.318762 0.0138917 0.318868 0.0140042
0.317339 0.00961842 0.317236 0.00948625
0.31608 0.0120976 0.316085 0.0123165
0.314874 0.00800411 0.314755 0.00821184
0.313241 0.00568062 0.313207 0.00582237
0.319897 0.00881871 0.319948 0.00879752
0.325487 0.0239092 0.325555 0.0243156
0.315787 0.011136 0.315824 0.0113251
0.321985 0.0296963 0.322029 0.0297387
0.325787 0.0329377 0.3263 0.0331629
0.314118 0.00989734 0.313857 0.00981137
0.317316 0.00842838 0.316961 0.00836677
0.310577 0.00715799 0.310675 0.0073298
0.310818 0.00667849 0.311091 0.00686485
0.318326 0.0103685 0.318596 0.0103081
0.314103 0.00741339 0.314436 0.00763105
0.319075 0.0162027 0.319362 0.0159446
0.316713 0.0157481 0.316866 0.0159568
0.314307 0.0103461 0.314485 0.0102787
0.320026 0.0139835 0.320331 0.0136996
0.312876 0.00760253 0.313276 0.00731386
0.31161 0.00793956 0.312011 0.00809346
0.313641 0.00884463 0.313753 0.00890078
0.310157 0.00509313 0.310471 0.00511912
0.31603 0.012375 0.316174 0.0122811
0.311137 0.00866725 0.311617 0.00862953
0.313651 0.012648 0.313989 0.0125036
0.313215 0.0089417 0.313277 0.00877772
0.314569 0.0146111 0.315062 0.015038
0.311642 0.00762383 0.311762 0.0077107
0.322189 0.0203452 0.322242 0.0204318
0.317267 0.0165423 0.317779 0.0167357
0.313222 0.0125148 0.313915 0.0119962
0.30555 0.00491236 0.306197 0.00486375
0.311167 0.0084732 0.311682 0.00841007
0.304878 0.00645199 0.305269 0.00637905
0.310242 0.00602302 0.310962 0.00544092
0.311256 0.00918922 0.312089 0.00911075
0.320955 0.0128887 0.321401 0.0128689
0.315338 0.0114245 0.31643 0.0112418
0.304847 0.00665154 0.30565 0.00646443
0.309138 0.0106707 0.309448 0.0103734
0.30623 0.00932102 0.307301 0.00929942
0.309654 0.0143061 0.310789 0.0140236
0.309254 0.00974897 0.310173 0.00984865
0.315373 0.01725 0.316054 0.0171152
0.307735 0.0105042 0.308715 0.0106843
0.307648 0.00860882 0.308279 0.00873332
0.308405 0.00616289 0.309625 0.00646808
0.302835 0.0046491 0.303904 0.00506564
0.308366 0.010856 0.308476 0.011074
0.306603 0.00685768 0.307489 0.00718999
0.302682 0.00812468 0.30286 0.0078611
0.306294 0.0115157 0.307512 0.0115019
0.302627 0.00769419 0.303425 0.00789613
0.298132 0.00767724 0.299148 0.00760219
0.297729 0.00789213 0.298944 0.00786224
0.30312 0.0109845 0.303959 0.01084
