0.0232321 0.00234601 0.0232061 0.00235638
0.04178 0.016383 0.0416759 0.0159903
0.0381977 0.00233656 0.0379971 0.00232924
0.0469405 0.0130778 0.0467631 0.012895
0.0458 0.00214594 0.0456852 0.00210601
0.0554965 0.00842989 0.0556293 0.00866178
0.0649874 0.00785735 0.064858 0.00766003
0.0681715 0.0127992 0.0680387 0.0131368
0.065654 0.00739877 0.0658838 0.00720341
0.0715827 0.0178351 0.0718591 0.0177961
0.0812529 0.0190455 0.0812673 0.0188155
0.0776625 0.00797904 0.0774315 0.0078026
0.0828104 0.00721559 0.0830393 0.00725068
0.0869596 0.0132873 0.0867074 0.0136504
0.0936656 0.0152279 0.0933244 0.0150279
0.0973277 0.00860425 0.0972006 0.0084135
0.102928 0.00801464 0.103217 0.00763666
0.107609 0.0114918 0.108059 0.0125274
0.106617 0.0065581 0.107063 0.00651119
0.106641 0.0106388 0.106972 0.0109338
0.119995 0.0155688 0.119987 0.0158697
0.118173 0.010354 0.117501 0.0101868
0.123893 0.00861209 0.123539 0.00889644
0.123357 0.0100122 0.12325 0.00975622
0.132464 0.0100506 0.133324 0.00973461
0.128446 0.0120471 0.128683 0.011631
0.134364 0.0115112 0.134478 0.0114435
0.142959 0.0111977 0.142867 0.0112757
0.147325 0.00753974 0.146409 0.00772159
0.142606 0.0114535 0.143264 0.0114822
0.146376 0.0097124 0.145867 0.0088783
0.145771 0.0072568 0.145404 0.0065841
0.15358 0.00649755 0.154089 0.00704224
0.152349 0.00974345 0.152773 0.00983231
0.157117 0.00947806 0.157962 0.0087727
0.158225 0.00729669 0.158766 0.0079721
0.165019 0.0089455 0.164639 0.0091094
0.159966 0.00486589 0.160466 0.0054616
0.166389 0.00702807 0.166409 0.00632902
0.165063 0.00355266 0.164645 0.00425089
0.16886 0.00837714 0.169006 0.00816893
0.172645 0.00663474 0.172768 0.00749026
0.176319 0.0100219 0.176107 0.0103599
0.177 0.00800383 0.17692 0.00783981
0.176909 0.00628128 0.177692 0.00645403
0.180431 0.00399173 0.180848 0.00456031
0.183204 0.00463802 0.183849 0.00323342
0.185019 0.00532806 0.184596 0.00479062
0.185836 0.00639348 0.184774 0.00715612
0.187958 0.00527166 0.188058 0.00544176
0.18761 0.00476738 0.187006 0.0044953
0.189328 0.00550017 0.189179 0.00552362
0.186679 0.00280555 0.187015 0.00217259
0.19406 0.00507949 0.19405 0.0053102
0.196195 0.00788892 0.196251 0.00656914
0.197926 0.00665114 0.19765 0.00672547
0.202367 0.00592519 0.202926 0.00638225
0.200621 0.00513758 0.199497 0.00443333
0.203738 0.00650293 0.203183 0.00682469
0.200215 0.00474866 0.201014 0.00476621
0.206325 0.00592148 0.206302 0.00591029
0.205687 0.00487141 0.206404 0.00439851
0.20778 0.00482402 0.206832 0.00504958
0.20936 0.00595386 0.209245 0.006002
0.212384 0.00421558 0.21232 0.00359758
0.216098 0.00753741 0.216312 0.00764411
0.213938 0.00500302 0.212726 0.00365115
0.214082 0.0035696 0.214458 0.00346232
0.216655 0.00450577 0.217396 0.00421752
0.220571 0.00328092 0.220696 0.00428493
0.219841 0.00513012 0.219772 0.00450194
0.220098 0.00473769 0.219619 0.0044913
0.223406 0.00615615 0.223579 0.00620026
0.222476 0.00366495 0.222762 0.00387443
0.227312 0.00580457 0.226422 0.0061284
0.227573 0.0055449 0.227725 0.00594897
0.226369 0.00511614 0.226361 0.00515476
0.22715 0.00445853 0.226042 0.00381342
0.231714 0.0073761 0.231782 0.00630261
0.228828 0.00344137 0.228442 0.00328444
0.232881 0.00543853 0.231935 0.00634256
0.229858 0.00264159 0.230623 0.00279563
0.235468 0.00466449 0.234475 0.00417274
0.238699 0.00573023 0.236809 0.00545135
0.235077 0.00391455 0.233746 0.00286558
0.239029 0.00798044 0.239439 0.00666431
0.240823 0.00652514 0.241529 0.00587453
0.244307 0.00723118 0.243892 0.00782239
0.241786 0.00501691 0.241172 0.00351427
0.244231 0.00554794 0.244015 0.00495525
0.24564 0.0041385 0.244104 0.00438364
0.244797 0.00410233 0.243162 0.0029072
0.247224 0.0048921 0.245713 0.00524026
0.251017 0.00612859 0.250935 0.00634082
0.249166 0.00449144 0.248718 0.00512175
0.250965 0.00515042 0.252122 0.00470708
0.25496 0.00597368 0.256017 0.00626848
0.254529 0.00732054 0.252212 0.00625462
0.254478 0.00768731 0.254427 0.00771031
0.256669 0.00583042 0.2566 0.00401669
