0.291324 0.0043196 0.290503 0.00457937
0.290479 0.00385035 0.2897 0.00393916
0.291157 0.00380123 0.290297 0.00396563
0.289346 0.00411222 0.288757 0.0042349
0.289961 0.0030864 0.288925 0.00292359
0.289806 0.00555208 0.289208 0.00556444
0.287448 0.00225118 0.286826 0.00221435
0.287363 0.00257922 0.286862 0.00220756
0.288725 0.00343847 0.287873 0.00351554
0.287354 0.0029287 0.286586 0.00274659
0.286843 0.00260028 0.285971 0.00266174
0.287277 0.00279533 0.286763 0.00277123
0.286613 0.00211074 0.286012 0.00178203
0.290195 0.00803402 0.289528 0.00794309
0.287575 0.00434928 0.287208 0.00378967
0.28548 0.00446785 0.28499 0.00442761
0.286159 0.00379849 0.28568 0.00375956
0.286984 0.00471643 0.286754 0.00484157
0.286617 0.00544233 0.286024 0.00550222
0.286609 0.00555212 0.285987 0.00531147
0.284653 0.00492738 0.284368 0.00451381
0.285278 0.00520861 0.284764 0.00527844
0.281704 0.00250454 0.281163 0.00245639
0.289175 0.0054163 0.288567 0.00500184
0.285292 0.00451667 0.285097 0.00474937
0.283755 0.00546328 0.283689 0.00545223
0.283347 0.00389682 0.282785 0.00387377
0.28125 0.00353801 0.28093 0.00392309
0.280296 0.00499585 0.280105 0.00479176
0.282579 0.00492408 0.281921 0.00488906
0.283937 0.00803132 0.283406 0.00795401
0.280481 0.00382968 0.280011 0.00360593
0.281784 0.00650342 0.281286 0.00636925
0.280558 0.0038332 0.280315 0.00383879
0.281359 0.00482314 0.280648 0.005106
0.278247 0.00283333 0.277842 0.0029349
0.280267 0.00641052 0.280082 0.00643398
0.281335 0.0069079 0.280718 0.00669455
0.280994 0.00466982 0.280565 0.00470696
0.277131 0.00342062 0.276898 0.00310559
0.278225 0.00297791 0.277839 0.00315494
0.277345 0.00303249 0.276783 0.00304372
0.278508 0.00338398 0.278223 0.00317438
0.276273 0.00314415 0.276381 0.00321153
0.275269 0.00261043 0.275151 0.00251552
0.279414 0.00770641 0.279487 0.00814502
0.276389 0.00535449 0.276126 0.00533676
0.274793 0.00306378 0.274313 0.0032416
0.274989 0.00241769 0.274957 0.00260099
0.273523 0.00156233 0.273019 0.0015048
0.274471 0.00224245 0.274246 0.00247132
0.278642 0.0080882 0.278192 0.00798453
0.273218 0.002253 0.272774 0.00233326
0.274506 0.00435526 0.273915 0.00417825
0.27371 0.00170685 0.273444 0.00189052
0.273435 0.00526508 0.272729 0.00471716
0.274947 0.00635804 0.274546 0.00643048
0.271845 0.00186513 0.271483 0.00200697
0.271525 0.00120293 0.270659 0.0014374
0.273519 0.00359336 0.272951 0.00381074
0.269962 0.00192985 0.269701 0.00166889
0.271045 0.00142961 0.270706 0.00129836
0.270921 0.00197676 0.270472 0.00189418
0.272991 0.00477878 0.272647 0.00475261
0.27059 0.00172357 0.270651 0.00180582
0.27075 0.00274207 0.270469 0.00297616
0.270014 0.00194103 0.269461 0.00183498
0.268832 0.00298575 0.268402 0.00275826
0.26955 0.00224537 0.26877 0.00209341
0.268441 0.00262818 0.268091 0.0023623
0.268961 0.00245818 0.268561 0.00246168
0.269279 0.0023001 0.269059 0.00246929
0.269604 0.00403804 0.26905 0.00390102
0.26683 0.00191429 0.266223 0.00206357
0.269826 0.00803341 0.269476 0.00856112
0.265948 0.00197531 0.265555 0.00207015
0.267652 0.0043906 0.267187 0.00440787
0.266844 0.00179637 0.266735 0.00203892
0.26557 0.0029188 0.264543 0.00313525
0.263042 0.00248605 0.262252 0.00241588
