0.357507 0.0181366 0.357822 0.0187027
0.357361 0.0207212 0.358409 0.0210175
0.353198 0.0147717 0.353939 0.0153257
0.3585 0.0196383 0.359721 0.0200264
0.357591 0.0210681 0.358602 0.0213877
0.365083 0.0312126 0.366363 0.0315257
0.352585 0.016388 0.352908 0.0168824
0.350557 0.0185229 0.351663 0.0189584
0.382492 0.0514757 0.383795 0.0528256
0.366923 0.0180518 0.367998 0.0184038
0.377555 0.0514041 0.378845 0.0516046
0.365451 0.0426784 0.3662 0.0435498
0.380278 0.0368077 0.381561 0.0382566
0.355204 0.017901 0.356029 0.0178382
0.349397 0.0254412 0.350061 0.0260089
0.35398 0.0191823 0.354869 0.0193353
0.348701 0.0137875 0.349555 0.0142382
0.346587 0.0147363 0.347149 0.0152499
0.346998 0.0127753 0.34756 0.0132004
0.367295 0.0232071 0.368229 0.0236218
0.357502 0.0258309 0.358371 0.0264062
0.346336 0.0155519 0.347085 0.0159018
0.357694 0.0209252 0.358383 0.0210374
0.352387 0.0328445 0.353153 0.0334621
0.361369 0.0267507 0.362298 0.0267504
0.348732 0.0204719 0.349387 0.0211085
0.344238 0.0138027 0.344724 0.0140178
0.345534 0.0179789 0.346083 0.0182663
0.35132 0.0199357 0.351895 0.0201421
0.343586 0.0104705 0.344379 0.0104935
0.343229 0.0107192 0.343654 0.011119
0.342422 0.00697098 0.343087 0.00707561
0.339227 0.00745609 0.339723 0.00748903
0.356312 0.0232698 0.35743 0.0235903
0.339947 0.0169753 0.340248 0.017422
0.35057 0.0206955 0.351202 0.0207596
0.345764 0.0148037 0.346455 0.0147135
0.33798 0.00727025 0.338834 0.007021
0.341712 0.00851691 0.342042 0.00886736
0.342733 0.012258 0.342986 0.0123898
0.346479 0.01518 0.347211 0.0152669
0.345704 0.00828007 0.346368 0.00849422
0.36582 0.023729 0.366179 0.0234694
0.340868 0.017031 0.341492 0.0173085
0.341071 0.0140187 0.341415 0.013805
0.338999 0.016928 0.33967 0.0169003
0.344856 0.0174323 0.344967 0.0173335
0.36497 0.0303247 0.366297 0.0307241
0.332484 0.00684405 0.332758 0.00671459
0.335693 0.010606 0.335635 0.010714
0.34439 0.010838 0.344869 0.0111394
0.353205 0.0176435 0.353959 0.0178665
0.340197 0.0149129 0.340734 0.0141992
0.345599 0.0135067 0.346106 0.0136776
0.33624 0.019676 0.336939 0.0197628
0.335475 0.00998595 0.336109 0.00986097
0.339465 0.0130205 0.340336 0.0128306
0.337429 0.0130642 0.33806 0.0133576
0.333935 0.00707652 0.335205 0.00728359
0.342345 0.0143329 0.343472 0.0145042
0.357462 0.0341079 0.358286 0.0338016
0.352303 0.0289808 0.352626 0.0291506
0.335327 0.0172963 0.336159 0.0169894
0.33286 0.0111094 0.333381 0.0111719
0.340546 0.0146654 0.341246 0.0146027
0.339589 0.0200728 0.34051 0.0200333
0.335371 0.0117391 0.336191 0.0114041
0.330379 0.0103607 0.330951 0.0103974
0.342149 0.0122843 0.342911 0.0122465
0.328772 0.0103317 0.329831 0.00995226
0.335511 0.00837035 0.336805 0.00917669
0.333886 0.0131308 0.335539 0.0125228
0.329877 0.0133769 0.331171 0.0127121
0.337872 0.0190042 0.339183 0.0192686
0.330075 0.0097344 0.331498 0.00929173
0.334853 0.00842842 0.335672 0.00837374
0.328529 0.0160318 0.329437 0.0156236
0.329049 0.0108661 0.330313 0.0102014
0.326506 0.0111113 0.327956 0.0114882
0.333468 0.0098566 0.334852 0.00973723
