0.439643 0.0625876 0.440657 0.0630266
0.428261 0.0606396 0.429374 0.0613205
0.383261 0.0295214 0.383431 0.0300252
0.396917 0.0414395 0.39752 0.0421014
0.414308 0.0462641 0.415553 0.0468315
0.438357 0.0628253 0.439632 0.0632206
0.453529 0.0839703 0.454726 0.0844895
0.372613 0.0278458 0.372917 0.0284917
0.411694 0.0622685 0.413074 0.0630326
0.426911 0.0697221 0.428222 0.0707875
0.436491 0.0836487 0.437734 0.0841388
0.429197 0.0476879 0.430716 0.0484442
0.408494 0.0840275 0.409428 0.0844205
0.421151 0.0476686 0.422732 0.048429
0.405412 0.0334416 0.406398 0.0342467
0.421427 0.0414693 0.422896 0.0417888
0.41438 0.0696581 0.415756 0.0706848
0.397161 0.0421105 0.398317 0.0430518
0.44633 0.0701053 0.448119 0.0707314
0.430731 0.0722582 0.432209 0.0734162
0.436498 0.0768698 0.43833 0.0780697
0.391968 0.0306721 0.393161 0.0310672
0.402088 0.0716931 0.403144 0.0729131
0.423181 0.0666969 0.424514 0.0679326
0.429242 0.0724434 0.430783 0.0734171
0.39614 0.0398839 0.397076 0.0406762
0.420856 0.062009 0.422319 0.0624595
0.410921 0.0679448 0.411958 0.0687181
0.459563 0.0872544 0.461672 0.0880818
0.372933 0.0170458 0.373325 0.0174034
0.390991 0.0285348 0.391893 0.0291415
0.375845 0.0186404 0.377162 0.0187965
0.397145 0.0594649 0.398642 0.0603563
0.382434 0.0316953 0.383848 0.032174
0.41626 0.0684963 0.41755 0.0694524
0.383532 0.0340247 0.384707 0.0350088
0.407992 0.0525536 0.409253 0.0530918
0.388948 0.0363267 0.389716 0.0372836
0.375398 0.0337663 0.375938 0.034282
0.392985 0.0415917 0.394168 0.0423881
0.375574 0.0254543 0.376956 0.0254647
0.38853 0.0225625 0.389326 0.0232936
0.400445 0.0537001 0.401697 0.0544683
0.380898 0.0466618 0.381825 0.0477194
0.379208 0.0349143 0.380196 0.0355021
0.399476 0.0691473 0.400667 0.0698624
0.384665 0.0425468 0.385742 0.0428815
0.390996 0.0409925 0.392074 0.0417272
0.367201 0.027709 0.367597 0.027923
0.390279 0.0562385 0.391671 0.0570056
0.400669 0.0417147 0.401687 0.0424643
0.373106 0.0252375 0.373804 0.0254945
0.363908 0.0240304 0.364634 0.0240972
0.381309 0.0298316 0.381766 0.0303286
0.381172 0.0356403 0.38201 0.0355409
0.394173 0.0302416 0.39495 0.0304891
0.402742 0.0558007 0.403564 0.0564797
0.376653 0.0267231 0.377371 0.0269577
0.372108 0.0351249 0.372725 0.0356493
0.395173 0.0467788 0.395487 0.0475896
0.383861 0.0410588 0.384124 0.0418679
0.391037 0.0531045 0.391894 0.0533144
0.364481 0.0221719 0.365524 0.0221989
0.378797 0.0318371 0.379975 0.0321552
0.39455 0.054958 0.394824 0.0550658
0.366661 0.0207397 0.367239 0.0209735
0.361758 0.0205309 0.362215 0.0207177
0.362841 0.0317521 0.363408 0.0318501
0.364682 0.0270915 0.365239 0.0271734
0.368891 0.0338158 0.369249 0.0332403
0.369735 0.0362974 0.370282 0.0367763
0.353926 0.014614 0.354482 0.0143097
0.357805 0.0203864 0.358513 0.0205105
0.362337 0.0219441 0.362936 0.02226
0.353911 0.0165134 0.354187 0.016844
0.367056 0.0251173 0.367385 0.0251453
0.389536 0.0485263 0.389959 0.0487285
0.36345 0.0234109 0.364404 0.0229835
0.358975 0.0280278 0.359423 0.027852
0.363555 0.017916 0.364192 0.017923
