0.249107 0.00752351 0.248603 0.00747289
0.285958 0.00670048 0.285597 0.00662929
0.290483 0.00507443 0.289184 0.00488867
0.295253 0.00607822 0.29469 0.00562213
0.298502 0.00544625 0.297393 0.0044989
0.302507 0.00521244 0.30226 0.00546542
0.306265 0.00370531 0.306299 0.00415698
0.310817 0.00399607 0.309034 0.00448514
0.31378 0.0024894 0.312877 0.00319871
0.316827 0.00399279 0.316225 0.00302092
0.321926 0.00255698 0.320249 0.00182774
0.327608 0.00141419 0.326153 0.00246491
0.332362 0.00385861 0.331706 0.00377929
0.337927 0.00255585 0.337137 0.0018665
0.34306 0.00374931 0.34248 0.0036283
0.351772 0.00563376 0.351201 0.0054427
0.357617 0.00700859 0.353645 0.00438366
0.363856 0.00533164 0.362424 0.0053959
0.36679 0.00502793 0.367316 0.00448181
0.374511 0.00548143 0.374237 0.00463951
0.37981 0.00307979 0.378715 0.0036987
0.385408 0.00401311 0.384014 0.00351367
0.391703 0.00685876 0.392251 0.00590306
0.398218 0.00433814 0.396036 0.00435193
0.401861 0.00452947 0.401612 0.0056564
0.409847 0.00385292 0.410286 0.00425033
0.418227 0.00877586 0.418998 0.0080192
0.420344 0.00695208 0.42099 0.00603747
0.42816 0.00600161 0.428869 0.00505811
0.432697 0.00345554 0.433653 0.00414292
0.440425 0.00416877 0.438717 0.00656856
0.44505 0.00398365 0.44411 0.00397583
0.448715 0.00763704 0.448165 0.00508612
0.454804 0.00565176 0.453916 0.00678886
0.461714 0.00358819 0.458239 0.00431093
0.46212 0.00371813 0.460903 0.00308138
0.46933 0.00872876 0.469699 0.0103952
0.472725 0.0066565 0.473433 0.00432457
0.476234 0.00555476 0.477809 0.0054343
0.484814 0.00795176 0.483696 0.00726493
0.487379 0.00499067 0.488576 0.00588671
0.495486 0.00833733 0.495656 0.00723205
0.497691 0.0109111 0.497124 0.0120788
0.495715 0.00536541 0.495318 0.00402556
0.503586 0.00822204 0.503959 0.0060152
0.508474 0.00628232 0.507842 0.00576889
0.509829 0.0049909 0.508442 0.00500917
0.514214 0.00704302 0.514678 0.00695171
0.516862 0.00890714 0.519527 0.00685305
0.521953 0.00588855 0.520783 0.00377598
0.523203 0.00453529 0.522259 0.00563038
0.526008 0.0037714 0.524946 0.00328292
0.531701 0.00303036 0.531175 0.00438702
0.533996 0.0062883 0.535578 0.00412371
0.538795 0.0024523 0.538225 0.00492393
0.540139 0.00675106 0.539566 0.0057185
0.542903 0.00634595 0.54352 0.0058086
0.549096 0.00809156 0.547261 0.00789437
0.55168 0.00679028 0.549618 0.00667723
0.550799 0.00397907 0.54975 0.00546434
0.555638 0.00486106 0.554171 0.00409394
0.556557 0.00295255 0.557661 0.00302563
0.559562 0.00478514 0.558379 0.00448445
0.566986 0.00513995 0.565771 0.00561968
0.564561 0.0029035 0.563481 0.0031157
0.564792 0.00770277 0.564189 0.00632846
0.567012 0.00422312 0.567647 0.0030278
0.57312 0.00473803 0.574307 0.00465946
0.571616 0.00278493 0.570987 0.0043066
0.57341 0.00508818 0.57218 0.00301298
0.580262 0.0060702 0.577651 0.00420471
0.576226 0.00215439 0.577316 0.00293575
0.582468 0.00676423 0.581908 0.00617394
0.581363 0.00222562 0.580362 0.00352673
0.583082 0.00539764 0.582853 0.00325755
0.586667 0.00232786 0.584408 0.00239496
0.59055 0.00390756 0.589266 0.00338151
0.592388 0.00522903 0.59279 0.00385174
0.596365 0.00402101 0.594189 0.0025576
0.595306 0.00216105 0.593645 0.00299082
0.597786 0.00507702 0.597751 0.0048454
0.599577 0.00156709 0.596935 0.002363
0.601101 0.0053883 0.602549 0.00692616
0.603363 0.00385821 0.604102 0.00285193
0.604392 0.00212061 0.604083 0.00193804
0.605411 0.00337044 0.603386 0.00217091
0.60454 0.00350452 0.603771 0.00401911
0.605173 0.00463414 0.605653 0.0021819
0.607328 0.00375993 0.608631 0.00302366
0.610132 0.00426363 0.608547 0.00363302
0.610647 0.00244847 0.610246 0.00325733
0.613452 0.00411952 0.611371 0.00356593
0.613408 0.00539019 0.6142 0.0045769
0.615663 0.00241624 0.612637 0.00339193
0.615147 0.00308365 0.61516 0.002865
0.616866 0.00447308 0.614826 0.0032504
0.61531 0.00346686 0.613173 0.00235848
0.619349 0.00431193 0.616381 0.00305978
0.622012 0.0024577 0.618563 0.00326653
0.619717 0.00235631 0.618792 0.00277171
