0.0554887 0.00354332 0.0554685 0.00376262
0.0540468 0.00382413 0.05392 0.00363506
0.0563078 0.00274034 0.0560728 0.00286544
0.0561835 0.00500272 0.0559837 0.00486619
0.056421 0.00684702 0.0562395 0.00705089
0.0569632 0.00681936 0.0566785 0.00693306
0.0540928 0.00357186 0.0539224 0.00376275
0.055586 0.00339617 0.0554224 0.00343933
0.0522774 0.00286354 0.0521642 0.00293019
0.0537207 0.0042981 0.0536385 0.00426248
0.0549531 0.00357317 0.054939 0.00376272
0.0550871 0.00734236 0.0549821 0.00760705
0.0550158 0.00587942 0.0549996 0.00590916
0.0526785 0.00269595 0.0525349 0.00286889
0.0551504 0.0060937 0.0548845 0.00611387
0.0528078 0.00215634 0.0526337 0.00225758
0.0512462 0.00380475 0.0511057 0.00377653
0.0527249 0.00454735 0.0527296 0.00461229
0.0538246 0.00353946 0.0538736 0.00380508
0.0530088 0.00340578 0.0530139 0.00333886
0.0512995 0.0027452 0.0512552 0.00295987
0.0528795 0.00800201 0.0527606 0.00811927
0.0509512 0.00301907 0.0507571 0.00317584
0.0519807 0.00411728 0.0520789 0.00422153
0.0502367 0.00285512 0.0503645 0.00286677
0.049363 0.00210537 0.049308 0.00195994
0.0510529 0.00205248 0.0511059 0.00191436
0.0486827 0.00395132 0.0487543 0.0040215
0.0533244 0.00402488 0.0535046 0.00398517
0.0471198 0.00239991 0.0470054 0.00238746
0.0497511 0.00175251 0.0496836 0.00161569
0.0498873 0.00400836 0.0501231 0.00403782
0.0492303 0.00242931 0.0492929 0.00237015
0.0471798 0.00222738 0.0472452 0.00234483
0.0497893 0.00281876 0.0497772 0.00275441
0.048092 0.00354341 0.0481377 0.00346713
0.0493769 0.00245746 0.0494832 0.00254569
0.0477667 0.00409155 0.0478212 0.00404755
0.0535464 0.0114168 0.0536434 0.0113478
0.0525061 0.00409612 0.0526732 0.00415727
0.0483084 0.00130805 0.0483245 0.00138679
0.0469253 0.0035139 0.0473454 0.0035407
0.0466703 0.00189773 0.0467208 0.00196608
0.0489512 0.00233269 0.0489832 0.00242297
0.047687 0.00211492 0.0477399 0.00225654
0.047609 0.0015853 0.0477321 0.00153172
0.0484074 0.00214641 0.0485657 0.00199363
0.046913 0.00235238 0.0468146 0.00239932
0.0486339 0.00330892 0.0486612 0.00330555
0.0476893 0.00260551 0.0476468 0.00243026
0.0488556 0.0031182 0.0488558 0.00323312
0.0463488 0.00297579 0.0465127 0.00301956
0.0469644 0.00265082 0.0471031 0.00255862
0.0472201 0.00323211 0.0472335 0.00341944
0.0469695 0.00284161 0.0468686 0.00290143
0.0470342 0.0025899 0.0470424 0.00259969
0.0484629 0.00426292 0.0483618 0.00432441
0.0479726 0.00281672 0.0481427 0.00275775
0.0463528 0.00172995 0.0463466 0.00171111
0.0482998 0.00340582 0.0483322 0.00338423
0.047847 0.00452435 0.0480603 0.00444038
0.0471679 0.00321094 0.0473334 0.0032965
0.0487656 0.00312985 0.0490341 0.00296827
0.0461367 0.00314466 0.0464578 0.00311118
0.0460072 0.00256086 0.0461807 0.00258151
0.0453915 0.00217846 0.0454871 0.00220757
0.0483438 0.00416413 0.0485427 0.00399668
0.0466421 0.00325082 0.046661 0.00310799
0.0464502 0.00278842 0.0465566 0.00273609
0.0481804 0.00289433 0.0482468 0.00268112
0.048859 0.00292446 0.0491991 0.00300469
0.046528 0.00197715 0.0466814 0.0021488
0.0480924 0.00358822 0.0485006 0.00377828
0.0463756 0.0030834 0.0467994 0.00294508
0.048003 0.0037153 0.048206 0.00362771
0.0485028 0.00388445 0.0488776 0.00385554
0.0472563 0.00303151 0.0474275 0.00297934
0.0456341 0.00180121 0.0458581 0.00185577
0.0490776 0.00288621 0.0492463 0.00295155
0.0476072 0.00317106 0.0477613 0.00302912
