0.0915059 0.0300304 0.0913908 0.0300856
0.0700354 0.00496043 0.0696823 0.00496576
0.0692685 0.00283892 0.069109 0.00284271
0.0915352 0.0241371 0.0915373 0.0242962
0.0708449 0.00629174 0.0707011 0.00613011
0.0762178 0.00891517 0.0762661 0.00885689
0.0733375 0.00951379 0.0731361 0.00974488
0.0737997 0.0121195 0.0734703 0.0122545
0.0721892 0.0105912 0.0719362 0.0105974
0.0745482 0.00807523 0.0746118 0.00837856
0.0710807 0.00770541 0.0709742 0.00773718
0.0744625 0.0198307 0.0742776 0.0199325
0.0688867 0.00682923 0.069091 0.00677756
0.0679872 0.00569642 0.0677751 0.00573431
0.0655241 0.00755782 0.0653867 0.00775548
0.069434 0.00413363 0.0695274 0.00421167
0.0716037 0.0130924 0.0714544 0.0131902
0.0679711 0.006128 0.0679776 0.00610899
0.0711015 0.00769713 0.0710507 0.00773473
0.0672662 0.00660408 0.0672657 0.00685689
0.0676954 0.012707 0.0676641 0.0130307
0.065293 0.00602203 0.0649268 0.00620398
0.0721127 0.0136925 0.0721634 0.0137312
0.0675404 0.00857096 0.0674553 0.00886138
0.073057 0.0132941 0.0729462 0.0134432
0.0681552 0.0151624 0.0682222 0.0153744
0.069836 0.0111213 0.0696447 0.0114008
0.0624689 0.00736696 0.062434 0.00732773
0.0785007 0.0225404 0.0787703 0.0228608
0.0698767 0.0126534 0.0698701 0.013045
0.0678663 0.0168612 0.0680194 0.0169158
0.0738046 0.0178718 0.073937 0.0181431
0.0660926 0.016765 0.0661396 0.0169648
0.0746435 0.0167174 0.0747419 0.016848
0.0615572 0.00612212 0.0615463 0.00608135
0.0668822 0.00886258 0.0668058 0.00905219
0.0700925 0.0130168 0.0700223 0.0132434
0.0680498 0.0198475 0.0681862 0.0200242
0.0643278 0.00774493 0.0643709 0.00792367
0.0798515 0.0228187 0.0801669 0.0233003
0.0630599 0.00874377 0.0632964 0.00884003
0.0644654 0.00644326 0.0645756 0.00648469
0.0618677 0.00592196 0.0619079 0.00582321
0.0577145 0.00460699 0.0579098 0.00462785
0.0602325 0.00679745 0.0601777 0.00677567
0.0634065 0.00936868 0.0635779 0.00942516
0.0618119 0.00691491 0.0617422 0.00686248
0.0659563 0.00938984 0.0658418 0.00931426
0.0583921 0.0028323 0.0584162 0.0028965
0.056268 0.00304729 0.0565268 0.00305797
0.0615209 0.00635314 0.0613746 0.00642921
0.0588289 0.00568865 0.0586105 0.00584779
0.0587093 0.0104559 0.0587408 0.0106294
0.06431 0.0102921 0.0642895 0.0101779
0.0597979 0.00952499 0.0596536 0.0097618
0.0608531 0.00702085 0.0608597 0.00710516
0.0586882 0.00470936 0.0587009 0.00478352
0.0580307 0.00617114 0.0579318 0.00595576
0.0595366 0.00505295 0.0594746 0.00501464
0.0640215 0.0124993 0.0640381 0.0126643
0.0585902 0.00631777 0.0583516 0.00641447
0.0624282 0.00649942 0.0624549 0.00645719
0.0613171 0.0110432 0.0612962 0.0111245
0.0576204 0.00619906 0.05756 0.00616884
0.0577438 0.00666504 0.0577835 0.00657666
0.0584029 0.00410245 0.0584791 0.00421548
0.0600046 0.00742519 0.0599757 0.00760538
0.0620068 0.00984838 0.0621538 0.0100234
0.0605521 0.00618001 0.0607625 0.00611803
0.0571985 0.00799198 0.0573293 0.00795806
0.061196 0.0102772 0.0612461 0.0103611
0.0535811 0.00338301 0.0535295 0.00329511
0.0577897 0.00497536 0.0576697 0.00497143
0.0576897 0.00385823 0.0577103 0.00391059
0.0559961 0.00549671 0.0559239 0.00559097
0.059556 0.0049278 0.0593835 0.00495751
0.0551491 0.00356138 0.0550193 0.00352688
0.0564753 0.00402428 0.0564144 0.00402187
0.0589172 0.00813086 0.0589928 0.00801044
0.0532364 0.00239677 0.0532329 0.00225782
