0.41652 0.0848947 0.417384 0.0854307
0.42002 0.0869857 0.421179 0.0878223
0.359058 0.0410315 0.359301 0.0417958
0.369242 0.0535359 0.370012 0.0541396
0.399149 0.0786406 0.400192 0.0799458
0.383898 0.072549 0.384364 0.0731357
0.358182 0.0323965 0.358457 0.0330607
0.39787 0.0799313 0.398694 0.0801004
0.380294 0.0559606 0.380998 0.0567766
0.370965 0.0449071 0.371933 0.0457334
0.371191 0.0498006 0.371597 0.0508302
0.361194 0.0223862 0.361805 0.0228555
0.378224 0.0624394 0.379052 0.0631972
0.35045 0.0152559 0.350609 0.0153036
0.356379 0.0263812 0.356475 0.027345
0.387673 0.0432298 0.388682 0.0436457
0.371463 0.0606511 0.37197 0.0614322
0.388545 0.04907 0.389672 0.0496294
0.415968 0.0675744 0.417703 0.0688759
0.353818 0.0246515 0.354341 0.0249845
0.374154 0.051541 0.37492 0.0524428
0.383231 0.0792868 0.384005 0.0805013
0.407021 0.0709152 0.408424 0.0722244
0.380638 0.0427591 0.381568 0.0436624
0.363243 0.0422543 0.364202 0.04295
0.352974 0.043887 0.353576 0.0450867
0.38088 0.0507688 0.381881 0.0516113
0.362009 0.0618399 0.362546 0.0626725
0.402097 0.0578002 0.403186 0.0583804
0.358569 0.036228 0.359007 0.0363092
0.38638 0.0516332 0.387323 0.0526407
0.366097 0.0683235 0.366895 0.0690241
0.358383 0.0482399 0.358785 0.049056
0.35456 0.0591381 0.355129 0.0596842
0.364097 0.0405353 0.365094 0.0411713
0.370005 0.0380802 0.370695 0.0385725
0.350407 0.0331119 0.351146 0.0337892
0.36038 0.0408977 0.36105 0.0420811
0.347436 0.0405138 0.347705 0.0411707
0.37932 0.0515068 0.380173 0.0526608
0.344081 0.0244766 0.344784 0.024577
0.357499 0.0367798 0.357869 0.0371123
0.344565 0.0326136 0.345218 0.0331164
0.346519 0.0198622 0.346773 0.020255
0.341548 0.0111153 0.341758 0.0113513
0.371943 0.0299789 0.372854 0.0301874
0.350697 0.0331114 0.351079 0.0338814
0.350292 0.0297724 0.350852 0.0301018
0.365444 0.0500667 0.365925 0.0506048
0.334886 0.016147 0.335368 0.0160643
0.338061 0.0188566 0.338434 0.0187891
0.355878 0.0366174 0.356058 0.0365402
0.339626 0.0204123 0.3398 0.0203892
0.341766 0.0392675 0.342166 0.03921
0.348029 0.0302245 0.348865 0.0302609
0.356209 0.0422782 0.356415 0.0420747
0.345871 0.0377543 0.347047 0.0378171
0.362345 0.0385742 0.362345 0.0388587
0.349165 0.0349855 0.348945 0.0351041
0.335823 0.0254334 0.336408 0.0252669
0.331533 0.0228066 0.332347 0.0226627
0.333487 0.0158421 0.33395 0.0159596
0.351939 0.0279177 0.352211 0.0282212
0.360088 0.0281536 0.36035 0.0277249
0.344351 0.0282766 0.34451 0.0285644
0.335682 0.0233244 0.336046 0.0232357
0.352731 0.0183385 0.353165 0.0183385
0.347908 0.0220387 0.347741 0.0218485
0.337822 0.0302128 0.338197 0.0300758
0.334633 0.0182146 0.3351 0.0178709
0.346851 0.0218739 0.346984 0.0217805
0.34948 0.0274576 0.350391 0.0274904
0.347655 0.0271149 0.347906 0.0267524
0.329236 0.0213814 0.330112 0.0213904
0.342672 0.0230585 0.343217 0.0231197
0.336171 0.0194957 0.336306 0.019465
0.328271 0.0222882 0.328959 0.0219424
0.335958 0.0246313 0.336699 0.0242089
0.333548 0.0234647 0.334089 0.0230417
0.335804 0.0245971 0.33656 0.0242496
