0.112843 0.0146352 0.112409 0.0149054
0.122065 0.0199491 0.121614 0.0202146
0.122576 0.0208719 0.122014 0.0212596
0.123269 0.0194641 0.122725 0.0196014
0.126667 0.0166875 0.126283 0.0169822
0.123842 0.0179102 0.123472 0.017778
0.117377 0.0141358 0.1169 0.0143071
0.122543 0.0187026 0.122216 0.0189718
0.11608 0.0218128 0.115687 0.021828
0.112314 0.0179088 0.111996 0.0177858
0.106457 0.0167544 0.105771 0.0171424
0.116394 0.0196472 0.11576 0.0200647
0.11253 0.0195591 0.112068 0.0196366
0.104506 0.0160236 0.1041 0.0160675
0.112709 0.0213435 0.112065 0.0214223
0.113317 0.0162226 0.112873 0.0164045
0.115037 0.0210245 0.114487 0.0211715
0.110578 0.0154263 0.110136 0.0154276
0.113081 0.0192556 0.112496 0.0193508
0.10104 0.0165399 0.100718 0.0167029
0.117959 0.0224519 0.117645 0.0224561
0.111804 0.018403 0.111466 0.0185178
0.106424 0.0174362 0.106202 0.0175284
0.113656 0.0195784 0.113148 0.019875
0.104486 0.0167501 0.104275 0.0168854
0.11442 0.0151066 0.114338 0.0154748
0.10349 0.0208781 0.103014 0.0209994
0.114296 0.0174837 0.114067 0.0176082
0.111549 0.0169094 0.11145 0.0173192
0.117331 0.0151872 0.117244 0.0154701
0.116038 0.0216728 0.116184 0.0216711
0.108778 0.0190373 0.10862 0.0191931
0.103346 0.0181775 0.103075 0.0184063
0.108859 0.0163983 0.108802 0.0166193
0.0985619 0.0148531 0.0982513 0.0148275
0.11357 0.0199092 0.1134 0.0202215
0.121362 0.0224901 0.121379 0.0225408
0.104301 0.0149894 0.104376 0.0149207
0.110574 0.021746 0.110754 0.0219009
0.118318 0.0220925 0.118172 0.0222748
0.10353 0.0158549 0.103247 0.0162747
0.110632 0.0139568 0.11063 0.0141905
0.0996149 0.0147755 0.0996129 0.0149909
0.0982379 0.0140959 0.0982474 0.0140469
0.109601 0.0234339 0.10945 0.0235108
0.103989 0.0209679 0.1039 0.021028
0.0940982 0.0148756 0.0940247 0.0151878
0.105035 0.0247797 0.105203 0.0249044
0.0974568 0.0163217 0.0973988 0.016614
0.0978924 0.016695 0.0979104 0.0165771
0.0989355 0.0163756 0.0990788 0.0165781
0.0954278 0.013161 0.0954603 0.0133442
0.10082 0.0147652 0.10077 0.0150142
0.0991191 0.0169887 0.0990153 0.0173415
0.106574 0.0220425 0.106908 0.0221194
0.109213 0.0172255 0.109244 0.0176708
0.0906229 0.00940875 0.0907513 0.00967244
0.10528 0.0263304 0.10524 0.0263934
0.102569 0.0192951 0.102697 0.0197833
0.0994274 0.0196834 0.0995019 0.0196679
0.109194 0.0223971 0.109405 0.0225191
0.0908428 0.00886066 0.0907522 0.00906498
0.0870065 0.0083258 0.0870535 0.0081831
0.0951916 0.0198384 0.09523 0.0200419
0.106529 0.0247405 0.10647 0.0249068
0.0943105 0.0152734 0.0942849 0.0154122
0.098698 0.0228412 0.0984532 0.0229055
0.0928592 0.0128536 0.0926898 0.0131969
0.0927514 0.0126086 0.093065 0.0126193
0.085799 0.0153745 0.085997 0.0155996
0.0871353 0.0179991 0.0870015 0.0181799
0.0906016 0.0141285 0.0906159 0.0142425
0.0973029 0.0173121 0.0973533 0.0175052
0.0859288 0.0130392 0.0858384 0.0129443
0.0899236 0.0137535 0.089873 0.0139848
0.0887201 0.00969503 0.0889128 0.00972875
0.10008 0.0182436 0.100086 0.0186586
0.0851593 0.00836556 0.0848441 0.00877014
0.086467 0.0165451 0.0864722 0.0166055
0.0922365 0.0159837 0.0925929 0.0161918
