0.24738 0.0116203 0.246927 0.0115882
0.28515 0.00673483 0.284631 0.00649775
0.288179 0.00603019 0.287984 0.00627738
0.292692 0.00497219 0.292495 0.00491912
0.296162 0.00374366 0.295518 0.00360958
0.302677 0.00534637 0.301923 0.00491282
0.306043 0.00621235 0.30466 0.00612764
0.306048 0.00372978 0.305283 0.00373879
0.30914 0.0027047 0.308283 0.002884
0.314593 0.0033064 0.313599 0.00433808
0.31625 0.00276802 0.315752 0.00256176
0.321143 0.0018908 0.320229 0.00169923
0.325316 0.00312992 0.323434 0.0024133
0.334078 0.00657195 0.332419 0.00684021
0.336472 0.0049708 0.337124 0.00584568
0.337623 0.0026963 0.337657 0.00250222
0.343359 0.00308048 0.342125 0.00359324
0.349436 0.00535561 0.349272 0.00495967
0.355114 0.00540314 0.354552 0.0050535
0.363356 0.00640823 0.361956 0.00536817
0.368499 0.0110778 0.367176 0.00962958
0.373208 0.00379221 0.3711 0.00431669
0.377387 0.00802298 0.37725 0.00740897
0.383682 0.00362534 0.380766 0.00309667
0.389349 0.00487052 0.387859 0.00513501
0.394768 0.00641678 0.395255 0.00503641
0.398903 0.00336075 0.397064 0.00386111
0.403768 0.00693487 0.401946 0.00725249
0.410349 0.00490806 0.408314 0.00354669
0.415395 0.00336573 0.415067 0.00388918
0.417947 0.00500551 0.416236 0.0042068
0.420776 0.0050366 0.421958 0.00279937
0.433164 0.0105364 0.430781 0.00991222
0.435984 0.0133253 0.434876 0.014916
0.438982 0.00672205 0.436435 0.00411812
0.442933 0.00444649 0.440572 0.00488661
0.445164 0.00574572 0.445452 0.00426526
0.449692 0.00921858 0.45196 0.00949612
0.453436 0.00626272 0.454689 0.00496395
0.459594 0.00557704 0.457346 0.00654905
0.463631 0.00370574 0.461992 0.00492705
0.478949 0.0151312 0.476368 0.016988
0.473791 0.00611662 0.472808 0.00589602
0.477522 0.00638071 0.476758 0.00449558
0.479355 0.00576708 0.480433 0.00568095
0.482123 0.00498954 0.48488 0.00412559
0.49452 0.0150335 0.493588 0.0143897
0.496619 0.0100408 0.494137 0.00934614
0.498237 0.00282097 0.495629 0.00423565
0.503944 0.0148021 0.502842 0.0132287
0.50155 0.00659484 0.503079 0.00530105
0.504311 0.00655319 0.502458 0.0042329
0.511162 0.0042507 0.509347 0.00401196
0.512136 0.00559586 0.51117 0.00438337
0.517723 0.00567094 0.515268 0.00430779
0.519473 0.00342872 0.517769 0.00483916
0.519155 0.0055591 0.51938 0.00401437
0.528843 0.00634557 0.528782 0.00289434
0.530692 0.00340626 0.527553 0.00292533
0.536443 0.0132221 0.53792 0.0117048
0.533537 0.005954 0.534909 0.00329076
0.534227 0.00541831 0.536387 0.00384984
0.540039 0.00466803 0.538605 0.00643959
0.543496 0.00570091 0.542864 0.00563401
0.54395 0.00435574 0.543723 0.00436221
0.550099 0.00742404 0.548198 0.00632748
0.548992 0.00634818 0.548322 0.00497101
0.548325 0.00565105 0.545662 0.00248052
0.5555 0.00614684 0.554182 0.00499595
0.555047 0.00454813 0.555915 0.00525936
0.55758 0.00411864 0.55778 0.00290638
0.561219 0.00335976 0.559089 0.00438605
0.566299 0.00924618 0.566789 0.0100407
0.567836 0.0044885 0.566478 0.00451185
0.570374 0.00543185 0.570702 0.00376634
0.571124 0.00748914 0.569591 0.0053786
0.573488 0.00662061 0.573596 0.00763075
0.572353 0.00387938 0.570132 0.0035258
0.576776 0.00702924 0.574305 0.00869959
0.574481 0.00668111 0.575279 0.00645915
0.578594 0.0057886 0.578467 0.00507621
0.583088 0.00461792 0.579633 0.00380161
0.582986 0.00733451 0.582333 0.00575183
0.584834 0.00418974 0.584102 0.00316288
0.585301 0.00558493 0.585263 0.0060187
0.585407 0.00352401 0.585398 0.00378356
0.58632 0.00336994 0.586341 0.00224147
0.590619 0.00347003 0.588604 0.00384679
0.588916 0.00545551 0.590667 0.00322718
0.593229 0.00399367 0.591812 0.00474895
0.596877 0.00544733 0.594053 0.00381114
0.59427 0.00539741 0.594991 0.00412716
0.597866 0.00478224 0.598689 0.00551619
0.594478 0.00427348 0.595317 0.00491429
0.599978 0.00394378 0.596957 0.00329415
0.60363 0.00608548 0.603171 0.00580482
0.600426 0.00359319 0.599183 0.00356466
0.603864 0.00338023 0.603443 0.0035291
0.603753 0.0042893 0.601782 0.00297559
0.605958 0.0031824 0.605317 0.00397327
