0.33091 0.0117177 0.331352 0.0120728
0.345252 0.0319386 0.346221 0.0326551
0.343732 0.0241419 0.344381 0.0243029
0.330991 0.0131373 0.331698 0.0133215
0.329395 0.0122018 0.329961 0.0123555
0.353186 0.0563249 0.353975 0.0576795
0.32821 0.0114771 0.328528 0.0116058
0.334905 0.0170781 0.335597 0.017502
0.330164 0.0155047 0.330806 0.0157508
0.3336 0.024703 0.334166 0.0254238
0.33511 0.0166128 0.335832 0.0168624
0.330163 0.0155643 0.330757 0.0158701
0.332283 0.0144563 0.332736 0.0146729
0.333254 0.0187527 0.333855 0.0190489
0.343602 0.033357 0.344396 0.0340549
0.336692 0.0203496 0.337352 0.0205141
0.326094 0.0125608 0.326381 0.0126473
0.33021 0.0155915 0.330364 0.0161022
0.332076 0.0275319 0.332817 0.0280698
0.327826 0.0124503 0.327784 0.0126101
0.35111 0.0540743 0.351904 0.0546121
0.337657 0.027614 0.338548 0.0279999
0.332849 0.0178714 0.333094 0.0181019
0.324971 0.0101667 0.325177 0.0105014
0.329697 0.012899 0.330072 0.0131119
0.319046 0.00489184 0.319212 0.00505667
0.331087 0.0152796 0.331923 0.0154772
0.33464 0.0236717 0.335135 0.024077
0.327337 0.00900945 0.328082 0.00932662
0.323877 0.0106834 0.324427 0.0104385
0.323263 0.0091509 0.323359 0.00911859
0.326425 0.0130984 0.326726 0.0133467
0.325346 0.0130791 0.325922 0.0130335
0.332579 0.0308877 0.33298 0.0314384
0.320876 0.00863887 0.321028 0.00867521
0.322157 0.00710407 0.322467 0.00721079
0.32655 0.0148997 0.327238 0.0149019
0.329411 0.00956466 0.329836 0.00991466
0.3232 0.0102606 0.32337 0.00979342
0.32204 0.00799259 0.322423 0.00796062
0.322717 0.0121011 0.323137 0.0124391
0.317468 0.00839349 0.317956 0.00845005
0.325105 0.0107105 0.325539 0.0110553
0.32482 0.0105274 0.32557 0.0101591
0.329698 0.0191801 0.330589 0.0190634
0.341161 0.0234278 0.341917 0.0230881
0.323896 0.0178435 0.324415 0.0178185
0.329987 0.0153591 0.330497 0.0152493
0.318901 0.0111987 0.319405 0.0110407
0.328858 0.0236926 0.329453 0.0237394
0.319497 0.00724159 0.320148 0.00705334
0.319304 0.00846409 0.319735 0.008823
0.328321 0.0196118 0.328872 0.0197504
0.329713 0.013666 0.330099 0.0137053
0.31807 0.00667696 0.318809 0.00680046
0.322663 0.0177978 0.323502 0.0174057
0.335559 0.0178553 0.335892 0.0175951
0.320251 0.0101265 0.320781 0.00998555
0.319445 0.00725084 0.32008 0.00737579
0.318121 0.00925825 0.318755 0.00937127
0.322237 0.0121585 0.322997 0.0119626
0.323765 0.0127099 0.324476 0.0122694
0.325029 0.0280583 0.325974 0.0282988
0.318278 0.0155867 0.319023 0.0158746
0.323284 0.0148712 0.324014 0.0145717
0.316575 0.00702906 0.317231 0.00673427
0.319409 0.0108763 0.320301 0.0107974
0.319294 0.0119624 0.320035 0.0117415
0.316107 0.00901674 0.316756 0.00831206
0.316912 0.00749471 0.317718 0.00758692
0.308805 0.00579274 0.30964 0.00597789
0.311846 0.00827453 0.312773 0.00831354
0.314069 0.00935077 0.315298 0.008873
0.317862 0.0089143 0.318561 0.00910778
0.308878 0.00733067 0.309881 0.00722928
0.312976 0.0093497 0.314372 0.00928118
0.316176 0.0122328 0.316953 0.0124005
0.31353 0.00743796 0.314546 0.00763635
0.311005 0.00715914 0.311839 0.00750243
0.307536 0.00697269 0.308533 0.00683058
