0.0620313 0.0153214 0.061685 0.0153322
0.0595007 0.0118201 0.0590639 0.0117954
0.0750498 0.025665 0.0746382 0.0257036
0.0920783 0.0356802 0.0916967 0.0357322
0.0685307 0.0292644 0.0682572 0.0294375
0.0700785 0.0242599 0.0697353 0.024363
0.0884103 0.0388509 0.0881309 0.0389565
0.0694914 0.0231615 0.0692814 0.0231721
0.0776007 0.0277349 0.0774055 0.0277915
0.0657062 0.0261554 0.0653461 0.0261881
0.0664522 0.0238881 0.0661488 0.0240324
0.0727366 0.0215983 0.072455 0.0216472
0.0681607 0.0334949 0.0679647 0.033495
0.055986 0.0141204 0.0556283 0.014208
0.0617234 0.0214078 0.061404 0.0215154
0.0665897 0.0321649 0.0663008 0.0322972
0.0621543 0.017715 0.0619519 0.0178049
0.0759778 0.0297029 0.0757584 0.0298113
0.0794302 0.0290759 0.0792474 0.0290911
0.0654093 0.0195492 0.0651562 0.0196819
0.0716225 0.0320264 0.0714135 0.0321636
0.0807989 0.0350278 0.080584 0.0350563
0.0542003 0.0119969 0.0538937 0.0121237
0.0553446 0.0100538 0.0551151 0.0100457
0.0666064 0.0172609 0.0663986 0.0172778
0.0527612 0.0115263 0.0524662 0.0116126
0.0517443 0.0132577 0.0514902 0.0132779
0.0747023 0.035032 0.0744644 0.0350128
0.0463429 0.00604318 0.0460569 0.00600572
0.0629985 0.0171157 0.0629178 0.0171068
0.0597158 0.0124636 0.0597234 0.0124201
0.0509411 0.0117815 0.0507284 0.0118278
0.055312 0.0117314 0.0549725 0.0118254
0.0522843 0.0116014 0.0521342 0.0116308
0.0737562 0.0351904 0.0735895 0.0352825
0.0646067 0.02301 0.0645582 0.0230791
0.0570779 0.0106568 0.0568849 0.0106771
0.0552387 0.00825489 0.0550781 0.00825451
0.0644271 0.0217809 0.0642863 0.0219318
0.0644409 0.0203886 0.0643202 0.0205333
0.0617127 0.0242655 0.0617662 0.0242059
0.0624501 0.016027 0.062359 0.0160653
0.0640189 0.0211935 0.0639699 0.0212975
0.0588001 0.0124128 0.0587132 0.0123783
0.0552885 0.0122098 0.0551486 0.0122048
0.0566942 0.00998218 0.0565519 0.00996711
0.0623948 0.0230202 0.0622169 0.0231058
0.0659951 0.0224962 0.0659763 0.0226297
0.0528143 0.0157054 0.052677 0.0157763
0.0553712 0.0173623 0.0552557 0.0174903
0.0649459 0.0282274 0.0648376 0.0283158
0.0552455 0.0202485 0.0551146 0.0203054
0.0575242 0.0142135 0.057418 0.0142417
0.0583046 0.0261809 0.0581033 0.0263146
0.0712878 0.019475 0.0712818 0.019575
0.0482795 0.00680854 0.0481595 0.0068202
0.0526961 0.00677676 0.052546 0.006764
0.0589772 0.0239075 0.0589084 0.0240015
0.0510109 0.012483 0.0509203 0.0124589
0.0543052 0.00998448 0.0540882 0.00997712
0.0604542 0.025843 0.0604372 0.0259243
0.0458292 0.0052659 0.0456683 0.00525319
0.0472666 0.00466448 0.0472905 0.00462372
0.0510218 0.00540003 0.0509203 0.00527578
0.0583517 0.0172501 0.058233 0.0172967
0.052012 0.0122389 0.0519011 0.0122423
0.0525532 0.0143267 0.0524195 0.0143401
0.048063 0.00842802 0.0479346 0.00843319
0.0587893 0.0165378 0.0586599 0.016488
0.0557613 0.00942489 0.055571 0.009374
0.0587287 0.0185246 0.0586598 0.0184514
0.0599699 0.0281066 0.0600141 0.0280826
0.050238 0.0137368 0.0501829 0.013643
0.051507 0.0121965 0.0514084 0.0122288
0.0491352 0.00818428 0.0491085 0.00813746
0.0585989 0.013786 0.0585284 0.0136909
0.0529595 0.0125726 0.0529504 0.0124981
0.0518441 0.0122362 0.0519172 0.0120929
0.0537279 0.0151681 0.0536755 0.0150446
0.0474884 0.00855513 0.0474838 0.00848968
