0.111896 0.0193513 0.111466 0.0194385
0.112054 0.0182194 0.111521 0.018287
0.118933 0.0275733 0.118419 0.0276404
0.114269 0.0263547 0.113564 0.0265946
0.116206 0.0216054 0.115876 0.0215578
0.113596 0.0207748 0.113185 0.0206889
0.109304 0.0236709 0.108751 0.0239155
0.115021 0.0208113 0.114661 0.0208953
0.109749 0.0210086 0.109148 0.0211419
0.104801 0.0224319 0.104308 0.0223886
0.108018 0.0214058 0.107551 0.02158
0.108993 0.0265853 0.108533 0.026828
0.120084 0.0184299 0.119787 0.0182821
0.117052 0.0254167 0.116768 0.0259944
0.105672 0.0250446 0.105079 0.0252126
0.105229 0.0142771 0.104763 0.014425
0.11082 0.0202302 0.110441 0.0201687
0.101222 0.021225 0.100694 0.0213421
0.100701 0.0179796 0.100356 0.0182153
0.105969 0.0224309 0.105574 0.0225747
0.102962 0.0216853 0.102881 0.0214778
0.100756 0.017824 0.100336 0.0180503
0.107145 0.0178187 0.106764 0.0180309
0.114686 0.0217815 0.114595 0.0220266
0.111024 0.0254959 0.110718 0.0258132
0.0970619 0.0128615 0.0968904 0.0131372
0.106704 0.0245276 0.106299 0.0246146
0.11413 0.0192715 0.114161 0.0193941
0.0964751 0.0188127 0.0959031 0.0192079
0.104549 0.0266186 0.104333 0.026891
0.105289 0.0242928 0.105191 0.0244869
0.0968522 0.0140717 0.0966718 0.0145468
0.110454 0.0184939 0.110593 0.0185553
0.095364 0.0177116 0.0950622 0.0179626
0.0878601 0.01713 0.0877216 0.017166
0.102519 0.0207334 0.102354 0.0208026
0.0950759 0.0115175 0.0949238 0.0117609
0.0975632 0.0210261 0.097573 0.0210507
0.0933214 0.0175308 0.0929478 0.0176789
0.0934638 0.0151763 0.0931624 0.015422
0.0955249 0.0152734 0.0954683 0.0152686
0.101975 0.0213117 0.102045 0.0216398
0.0945354 0.0229762 0.0942146 0.0231592
0.0915885 0.0150585 0.0914915 0.0152635
0.100959 0.0163129 0.100926 0.0164046
0.096876 0.0175077 0.0967509 0.0180254
0.0929712 0.0105841 0.0929196 0.01062
0.0924042 0.0215278 0.092298 0.0216781
0.097149 0.0196552 0.0971098 0.0199886
0.0922628 0.0162382 0.0922488 0.0164105
0.0950114 0.0103652 0.0949576 0.0107841
0.101548 0.0223638 0.101733 0.0226197
0.0842208 0.0114037 0.0842457 0.0114838
0.107119 0.024305 0.107385 0.0244749
0.0902135 0.017713 0.0903695 0.0182133
0.102927 0.0250501 0.10307 0.0252946
0.086576 0.0188219 0.0867028 0.0189724
0.0844949 0.0154759 0.0845318 0.0154839
0.0893707 0.0188437 0.0892217 0.0188086
0.0896619 0.014076 0.0897934 0.014329
0.0846453 0.0148266 0.0846746 0.015181
0.0866877 0.00979757 0.0868018 0.00995608
0.0811354 0.00914909 0.0812439 0.0091575
0.0763066 0.00853403 0.0760688 0.00875292
0.088535 0.0133941 0.088508 0.0134233
0.0871783 0.0121975 0.0872639 0.0124224
0.0794982 0.0120746 0.0796068 0.0121253
0.0950321 0.0222477 0.095339 0.0226749
0.0742796 0.00833512 0.0741448 0.00843095
0.0873044 0.0182169 0.0873712 0.0183672
0.0821259 0.0159291 0.0823775 0.0161441
0.0910113 0.019311 0.0912547 0.0194396
0.0806198 0.011626 0.0806194 0.0117693
0.0796444 0.0115111 0.079623 0.0114669
0.0867894 0.0158258 0.0868899 0.0160558
0.0888964 0.0204392 0.0889086 0.0208097
0.0810652 0.0107042 0.0811275 0.0108396
0.0871484 0.00977408 0.0872203 0.00977269
0.0871846 0.0148502 0.0873642 0.0148894
0.082171 0.0149584 0.0821036 0.0151141
