0.406624 0.069664 0.406906 0.0702843
0.417843 0.0715267 0.418836 0.0722504
0.414928 0.0544599 0.415896 0.0552213
0.403158 0.0611308 0.404059 0.0620101
0.389174 0.0253704 0.389894 0.026154
0.40358 0.0491513 0.404263 0.0501229
0.476995 0.0995389 0.47862 0.100008
0.404012 0.0511713 0.404927 0.0521902
0.406679 0.0473697 0.407717 0.0483841
0.433653 0.0815592 0.434734 0.0818781
0.407632 0.0508204 0.409034 0.0518208
0.411883 0.0732618 0.413071 0.0738014
0.412484 0.0632535 0.413555 0.0640074
0.40292 0.0569769 0.404513 0.0573968
0.40223 0.0705772 0.402853 0.0718302
0.404655 0.0623316 0.405342 0.0630077
0.398304 0.0582676 0.399476 0.0593295
0.409255 0.0412349 0.410313 0.0420511
0.428771 0.082487 0.429909 0.0829096
0.42484 0.064323 0.426646 0.0649368
0.394417 0.0594042 0.395316 0.0605419
0.413024 0.0844807 0.414288 0.0851196
0.419602 0.0789998 0.421017 0.0798638
0.386359 0.0406478 0.387578 0.0412012
0.404715 0.0667267 0.405883 0.0679626
0.402245 0.0563064 0.403432 0.0568755
0.391753 0.0587951 0.39305 0.0597925
0.390012 0.0339599 0.39079 0.0345965
0.405903 0.0426832 0.407494 0.0434063
0.405137 0.0680106 0.406743 0.0682982
0.393726 0.0322497 0.394752 0.0327727
0.412095 0.0593786 0.413672 0.0599336
0.377252 0.052773 0.378205 0.0535515
0.381439 0.0560756 0.381894 0.0567385
0.378809 0.0344928 0.37947 0.0350154
0.382873 0.0375894 0.383642 0.0381878
0.380114 0.0265262 0.380936 0.0274266
0.40074 0.0461051 0.401934 0.0465301
0.381821 0.0433525 0.382889 0.0436504
0.385502 0.0334772 0.386499 0.0342218
0.359096 0.0201846 0.359785 0.0207123
0.388781 0.055906 0.389834 0.0566349
0.370864 0.0288735 0.371555 0.0292125
0.394557 0.0308413 0.395771 0.0315892
0.392986 0.0547924 0.393645 0.0552877
0.372226 0.0297441 0.372906 0.0302548
0.389623 0.0527495 0.390544 0.0533604
0.37171 0.0248041 0.3722 0.0252059
0.370618 0.0462166 0.371457 0.0467656
0.383209 0.0487381 0.384036 0.048939
0.372134 0.0408516 0.372998 0.0415396
0.376228 0.0413519 0.376748 0.0418386
0.383441 0.0570592 0.384532 0.0579574
0.367005 0.0244813 0.368042 0.0244183
0.380254 0.0487076 0.38138 0.0494105
0.370296 0.0253631 0.371257 0.0255025
0.377323 0.0408827 0.378269 0.0405692
0.373254 0.0397157 0.373629 0.0404949
0.369769 0.0231111 0.370523 0.02365
0.383119 0.0423418 0.383917 0.042498
0.36713 0.0217706 0.367911 0.0221534
0.386766 0.0531244 0.387615 0.054238
0.362601 0.0506071 0.363278 0.0510514
0.366284 0.0309726 0.367001 0.0311995
0.365446 0.0317524 0.365589 0.0318387
0.363837 0.0515971 0.3646 0.0513944
0.376559 0.0275397 0.377487 0.0275313
0.37406 0.0345315 0.374416 0.0349693
0.361782 0.0269335 0.362238 0.0272036
0.354887 0.0213536 0.355461 0.0211797
0.353066 0.0403372 0.35352 0.0409118
0.350163 0.011905 0.350732 0.0116863
0.346453 0.0236342 0.34679 0.0233395
0.364687 0.0323309 0.365503 0.0326083
0.353064 0.022705 0.353401 0.0224174
0.346639 0.0130649 0.347508 0.0126955
0.346956 0.0176331 0.34773 0.0169753
0.34109 0.0269865 0.341659 0.0268581
0.345615 0.0244347 0.346162 0.0243589
0.349492 0.0139529 0.350716 0.0140877
