0.372457 0.0194472 0.373472 0.019821
0.396473 0.0410989 0.398192 0.0417268
0.411751 0.0883565 0.41313 0.08891
0.386143 0.0395243 0.387561 0.0400583
0.392122 0.0658407 0.393386 0.0664899
0.395214 0.0404116 0.396624 0.0413822
0.391981 0.0628131 0.393079 0.0637405
0.389001 0.0558229 0.390519 0.0566957
0.432484 0.0842027 0.434134 0.0851985
0.381377 0.0305666 0.38295 0.0310952
0.369144 0.0239248 0.370343 0.0241616
0.372219 0.0234847 0.372958 0.0241546
0.366973 0.0132927 0.367764 0.0137945
0.378778 0.0352444 0.379747 0.0358636
0.382432 0.02877 0.383182 0.0296326
0.391095 0.0429322 0.392593 0.0437671
0.37714 0.0217926 0.378226 0.0220752
0.380273 0.0416762 0.381239 0.0420348
0.374173 0.0236215 0.375272 0.0241476
0.375183 0.0360307 0.376015 0.0367791
0.390697 0.0500883 0.391413 0.0506258
0.36752 0.0224569 0.368152 0.0229081
0.377722 0.0364796 0.378372 0.0368728
0.393159 0.0557548 0.394588 0.0564401
0.376195 0.0340778 0.377464 0.0347633
0.385381 0.0465121 0.386469 0.0473991
0.367705 0.0254091 0.368784 0.0257028
0.383783 0.0297855 0.384657 0.030394
0.371306 0.039632 0.372425 0.040106
0.369315 0.0379296 0.370444 0.0381824
0.371783 0.0350559 0.372563 0.0357041
0.354281 0.0130182 0.355034 0.0131593
0.35199 0.00982816 0.352344 0.00991235
0.358929 0.025346 0.359546 0.0254411
0.374804 0.0391652 0.375774 0.0396239
0.355046 0.0171587 0.355334 0.0170101
0.393869 0.0384285 0.39491 0.0383645
0.353705 0.0109494 0.354457 0.0109991
0.364942 0.0272902 0.364682 0.0275112
0.3613 0.0224776 0.3617 0.0226133
0.371252 0.0363334 0.372023 0.0369679
0.362254 0.0204518 0.362526 0.0207003
0.362496 0.0346538 0.362925 0.0352384
0.378773 0.0302575 0.379173 0.0308926
0.367475 0.042292 0.368015 0.0427175
0.364789 0.0270531 0.365176 0.0274117
0.356729 0.0221001 0.35712 0.0221552
0.358719 0.0188538 0.359412 0.018624
0.360972 0.0177628 0.36133 0.0174448
0.355344 0.0324745 0.355691 0.0329949
0.349039 0.0121813 0.349326 0.0122868
0.353876 0.0157842 0.353961 0.0156936
0.366876 0.0265514 0.367602 0.0267275
0.377686 0.0359452 0.377962 0.0358343
0.369689 0.0353055 0.370975 0.0355098
0.353713 0.0231115 0.354225 0.0227513
0.353825 0.0136405 0.354442 0.0135681
0.348617 0.013146 0.348834 0.0135801
0.354046 0.0110732 0.354639 0.0106596
0.353972 0.0190729 0.354191 0.0190378
0.36222 0.0268338 0.362555 0.0266945
0.364791 0.0376136 0.364716 0.0376873
0.353179 0.0110799 0.353419 0.0106078
0.355269 0.0152957 0.355268 0.0155772
0.355242 0.0283988 0.355865 0.0287258
0.353969 0.0204531 0.354632 0.0198039
0.357169 0.0417977 0.357628 0.0413287
0.353962 0.0204538 0.354484 0.0202103
0.347228 0.00912741 0.347314 0.00875903
0.355846 0.0262224 0.355807 0.0259681
0.344668 0.0191062 0.345255 0.0185807
0.339143 0.0120503 0.339885 0.0119598
0.341749 0.0131625 0.342218 0.0131572
0.354571 0.0215851 0.355202 0.0215362
0.350024 0.0271885 0.350306 0.0270627
0.346382 0.0240794 0.347339 0.0249142
0.34774 0.0229129 0.347498 0.0230661
0.346981 0.023157 0.347595 0.0225855
0.350964 0.0194716 0.351682 0.0189866
0.335361 0.0102825 0.335913 0.0103069
