0.0712463 0.0107453 0.0712261 0.0108644
0.0699212 0.0109629 0.0699051 0.0110311
0.0768691 0.0171627 0.0767446 0.0172788
0.066933 0.00563568 0.066737 0.00584697
0.0658911 0.00456202 0.0656129 0.00460842
0.0663179 0.00751672 0.0659515 0.00777715
0.0672092 0.00457376 0.0667552 0.00475956
0.0649355 0.00622507 0.0649956 0.00622287
0.0664268 0.0045301 0.0664187 0.00453619
0.0623468 0.00272478 0.0621034 0.00278719
0.0688235 0.00850295 0.0685962 0.00870004
0.0663247 0.0045018 0.0662564 0.00466387
0.0649729 0.00368054 0.0646742 0.0034776
0.0663237 0.00500528 0.0661081 0.00521782
0.064532 0.00540691 0.0642447 0.00525679
0.0682249 0.00921449 0.0682724 0.00933711
0.0661605 0.00894356 0.0662641 0.00913794
0.0594274 0.00488671 0.0592137 0.00497354
0.0608487 0.00555686 0.0606847 0.00588315
0.0626322 0.00494051 0.0626484 0.00480476
0.0635669 0.00546415 0.0632611 0.00561631
0.0626552 0.00656597 0.0627629 0.00670692
0.0640768 0.00688783 0.064055 0.00699411
0.0595773 0.00471905 0.059543 0.00478923
0.0598364 0.00450586 0.0595324 0.00427821
0.0642842 0.00941169 0.0641401 0.00952566
0.0644498 0.00670581 0.0645722 0.00658705
0.060075 0.00573807 0.0599185 0.00562716
0.0617094 0.00405194 0.0617748 0.00388673
0.0603825 0.00532411 0.0602467 0.00533267
0.0608016 0.00607193 0.0605915 0.00617379
0.05875 0.00526418 0.0586266 0.00533124
0.061603 0.00554369 0.0614536 0.00555102
0.0600647 0.00525528 0.060051 0.00538898
0.0584175 0.00358688 0.0582143 0.00355949
0.0596662 0.00597995 0.0596525 0.00607879
0.062187 0.0086103 0.0622482 0.00873589
0.0565989 0.00343245 0.0563263 0.00340662
0.0592656 0.00568036 0.0592467 0.00559038
0.0596942 0.00520019 0.0595807 0.0051419
0.05732 0.00408207 0.0572154 0.00418247
0.0574584 0.0034013 0.0572428 0.00330285
0.0566578 0.00367643 0.0567291 0.00370482
0.0585405 0.00567915 0.0582675 0.00579502
0.059966 0.00644962 0.0597928 0.00661248
0.0591642 0.00848272 0.0591926 0.00850896
0.0574774 0.00957365 0.0575465 0.00956593
0.0576845 0.00614316 0.0576081 0.00602724
0.0570324 0.00345892 0.0570038 0.00345738
0.0582199 0.00677414 0.0579792 0.00682634
0.0556768 0.00411576 0.055568 0.00414697
0.0574199 0.00493986 0.0574048 0.00503901
0.0546918 0.0028161 0.0546992 0.00276931
0.0561924 0.00411495 0.0562732 0.00411003
0.0559167 0.0053052 0.0557821 0.00524372
0.0567191 0.00588797 0.0567554 0.00586042
0.0565414 0.0049816 0.0566958 0.00505307
0.0568692 0.00420156 0.0567797 0.00432923
0.0558611 0.00628897 0.0559856 0.00618421
0.0571727 0.00536414 0.0571898 0.00545626
0.0533676 0.00382747 0.0534848 0.00386195
0.0572506 0.00646412 0.0575369 0.00656563
0.0575381 0.00454637 0.0575422 0.00449996
0.0527229 0.00276819 0.0528454 0.00274999
0.0557726 0.00717385 0.0557958 0.00710533
0.0560599 0.0046254 0.0559216 0.0046268
0.0543739 0.00382713 0.0542845 0.00384285
0.0526947 0.00384087 0.052891 0.00373192
0.0541553 0.00408302 0.0542962 0.00396309
0.0569818 0.0069706 0.0570705 0.00673933
0.0536535 0.00149954 0.0537784 0.00143892
0.0553473 0.00511134 0.0553366 0.00516265
0.0538401 0.00456781 0.0539174 0.00462037
0.0571531 0.00661877 0.0573299 0.00652249
0.0539195 0.00295864 0.05417 0.00298328
0.0533176 0.00283177 0.0534892 0.00275324
0.0539659 0.00419443 0.0539202 0.00415438
0.0527546 0.00322318 0.0530753 0.003088
0.055408 0.00548092 0.0554856 0.00551196
0.054023 0.00533246 0.0541158 0.00540949
