0.275661 0.00784034 0.275288 0.00780714
0.290744 0.00594265 0.290272 0.00602918
0.293178 0.00500838 0.292835 0.00488145
0.303451 0.0123509 0.30338 0.0134342
0.302717 0.00234652 0.302128 0.00199476
0.305838 0.00350421 0.305325 0.00268561
0.312395 0.00378424 0.312994 0.00386919
0.319509 0.00318521 0.319706 0.00261663
0.33097 0.0080534 0.330827 0.00702333
0.336031 0.0124576 0.33549 0.0139839
0.350705 0.0168088 0.350379 0.0178564
0.352445 0.0114545 0.352978 0.0104854
0.357283 0.00684538 0.357577 0.00883513
0.364588 0.00544128 0.363179 0.00518222
0.372847 0.00446441 0.370419 0.00402789
0.379193 0.00780506 0.378616 0.00739853
0.392738 0.0101976 0.392474 0.0121553
0.400848 0.0139879 0.399487 0.0132854
0.409038 0.012363 0.409593 0.0123451
0.407492 0.00477169 0.408825 0.00446422
0.426311 0.0125111 0.424826 0.0131079
0.428303 0.00862367 0.428647 0.00549554
0.435459 0.00402369 0.435309 0.00466377
0.442102 0.00722296 0.440349 0.00852913
0.456412 0.00900184 0.458225 0.00948835
0.458542 0.0103792 0.456649 0.00895558
0.469008 0.00891769 0.468018 0.00766731
0.473091 0.0108893 0.472768 0.0110621
0.482303 0.0104087 0.481378 0.00977254
0.485507 0.00808945 0.482327 0.00664575
0.494848 0.0093793 0.493651 0.00893165
0.505729 0.0139062 0.505137 0.0111743
0.510098 0.0140315 0.511069 0.0148643
0.515984 0.0152906 0.514943 0.0158484
0.523239 0.012375 0.522479 0.0136628
0.525401 0.0102909 0.52334 0.0096636
0.525312 0.00349406 0.52538 0.00494246
0.533385 0.00624258 0.532227 0.00352683
0.537793 0.00997788 0.539143 0.00838131
0.539011 0.00816661 0.540283 0.00948236
0.55302 0.0103226 0.552824 0.00848167
0.554005 0.0157076 0.550216 0.0145713
0.553943 0.00854555 0.554314 0.00683234
0.559681 0.00714272 0.559971 0.00686812
0.562444 0.00500008 0.564563 0.00461304
0.568464 0.00794974 0.565792 0.00815581
0.570239 0.00746173 0.571943 0.00883288
0.568132 0.00618163 0.571219 0.00757896
0.578375 0.00588063 0.579384 0.00585657
0.580835 0.0047189 0.580598 0.00556361
0.585811 0.00889272 0.583743 0.00856092
0.591593 0.00912312 0.592744 0.0117364
0.592378 0.00912706 0.591145 0.0114498
0.591453 0.00768902 0.590394 0.00477309
0.594364 0.00549715 0.592378 0.00368441
0.595752 0.00603227 0.597115 0.00646538
0.602524 0.00901549 0.602916 0.00809936
0.604085 0.00727099 0.60468 0.00529408
0.605811 0.0078885 0.607379 0.00666046
0.611922 0.0107036 0.610257 0.00955325
0.613714 0.00786671 0.612346 0.0076296
0.612721 0.00691016 0.612997 0.00722596
0.614596 0.00561467 0.614004 0.00507574
0.615951 0.00509279 0.617835 0.00596691
0.620123 0.00561662 0.620295 0.00523671
0.621199 0.00728607 0.623645 0.00491786
0.624747 0.00582622 0.623869 0.00634222
0.628471 0.00595441 0.625303 0.00657234
0.627407 0.00459346 0.625166 0.00341197
0.628254 0.00618813 0.630807 0.00587936
0.629788 0.00377324 0.629303 0.00383136
0.633547 0.00493296 0.633222 0.00497705
0.634916 0.00520226 0.634619 0.00519125
0.633505 0.00492245 0.63489 0.00187928
0.636779 0.00380078 0.636521 0.00295478
0.642177 0.00496173 0.640362 0.00417713
0.640283 0.00609515 0.641338 0.00414135
0.646618 0.00855415 0.646316 0.00833381
0.640267 0.00565947 0.642269 0.00339112
0.648596 0.00576552 0.648833 0.00638373
0.645779 0.00148889 0.644791 0.00178123
0.648496 0.00406263 0.647539 0.00393911
0.648039 0.00450967 0.648412 0.00263381
0.650575 0.00408684 0.649628 0.00291185
0.652471 0.00706444 0.653453 0.0057679
0.652725 0.00494092 0.65357 0.00426333
0.655104 0.00910965 0.656811 0.00883975
0.655068 0.00574807 0.654537 0.00471178
0.657782 0.00745285 0.657446 0.00941859
0.656749 0.00383141 0.657335 0.00442764
0.657703 0.00644842 0.658368 0.00471287
0.659408 0.00414902 0.659717 0.00259208
0.662469 0.00721363 0.663312 0.00487678
0.666799 0.00666527 0.665055 0.00719155
0.661791 0.00499921 0.661774 0.0025398
0.664613 0.0043152 0.66341 0.00616393
0.662092 0.00504338 0.663384 0.003185
0.665235 0.00310154 0.666762 0.00310539
0.665777 0.00623577 0.667089 0.00266061
0.66971 0.00473183 0.670687 0.00557399
