0.481039 0.0902721 0.481454 0.0900815
0.519724 0.102397 0.520049 0.102303
0.49144 0.0785208 0.492016 0.0788488
0.51352 0.0957154 0.513949 0.0954788
0.532884 0.0879458 0.533682 0.0877844
0.485001 0.0899767 0.485559 0.0899796
0.512447 0.0804031 0.512927 0.0806566
0.507864 0.0873667 0.50849 0.0874176
0.528446 0.083924 0.528961 0.0840358
0.518537 0.0879826 0.519426 0.0876491
0.494129 0.0875908 0.495 0.0876304
0.522875 0.0980972 0.523659 0.0979106
0.533962 0.0766877 0.534797 0.0767573
0.483539 0.0872518 0.484096 0.0873981
0.502803 0.0811088 0.503533 0.0811547
0.50272 0.0899317 0.503549 0.0901124
0.494662 0.0913092 0.49517 0.0915052
0.501197 0.0769318 0.502327 0.0769919
0.536563 0.088067 0.537358 0.0881633
0.48921 0.0898822 0.489688 0.090028
0.472661 0.0917403 0.473296 0.0920188
0.505027 0.0823998 0.506015 0.0822048
0.517307 0.0879941 0.517987 0.0881491
0.518664 0.06845 0.520001 0.0688685
0.509722 0.0724288 0.511199 0.0729581
0.495481 0.0832928 0.496424 0.0838958
0.497277 0.0694817 0.498499 0.070279
0.514616 0.0817534 0.515565 0.0815167
0.537835 0.0722948 0.538878 0.0720633
0.469547 0.0678048 0.470501 0.0685856
0.47173 0.0794754 0.472786 0.080275
0.441375 0.0459042 0.442386 0.046365
0.501768 0.0705777 0.503188 0.0706716
0.479294 0.0534485 0.4806 0.0543267
0.47953 0.0702998 0.480941 0.0706302
0.480447 0.0873963 0.481704 0.0876689
0.464818 0.0878152 0.465811 0.0877866
0.526035 0.0623039 0.527882 0.0625221
0.480315 0.059452 0.481966 0.0597116
0.533426 0.075359 0.534706 0.0753246
0.475606 0.0852508 0.476871 0.0856231
0.481468 0.0639311 0.482927 0.0644576
0.512967 0.0625731 0.514707 0.0621806
0.493369 0.0548068 0.49521 0.0551158
0.510037 0.0835292 0.511366 0.0838233
0.43843 0.0576393 0.439304 0.0585804
0.492872 0.077179 0.494519 0.0774997
0.468379 0.0580063 0.469805 0.0582591
0.470781 0.0623574 0.472447 0.0628105
0.484148 0.0693524 0.485763 0.0696255
0.437194 0.0423726 0.438512 0.0431318
0.460756 0.070951 0.462271 0.0713202
0.458977 0.0818916 0.460357 0.0824028
0.42037 0.054431 0.421178 0.055716
0.457502 0.0752734 0.458832 0.0751741
0.443875 0.0594773 0.445297 0.0599054
0.44917 0.0631453 0.450957 0.0638584
0.436141 0.0636875 0.437416 0.064278
0.449361 0.0620589 0.450611 0.0628597
0.461152 0.0644897 0.46267 0.0650363
0.431298 0.0733571 0.43246 0.0739327
0.443453 0.0503856 0.444937 0.0513529
0.46027 0.0716016 0.462117 0.0716481
0.452584 0.0592607 0.454129 0.0602696
0.460299 0.0735583 0.461823 0.0743246
0.458796 0.0752448 0.460354 0.0758418
0.454433 0.0877294 0.4553 0.0879404
0.46899 0.0853121 0.470744 0.0855388
0.407474 0.0440229 0.40806 0.0450808
0.419648 0.060362 0.420431 0.0610091
0.438913 0.0446367 0.439899 0.0455058
0.447386 0.0584818 0.448577 0.0588583
0.447335 0.067084 0.448348 0.0672967
0.433392 0.0669834 0.434321 0.0675456
0.450495 0.0746018 0.451956 0.0750594
0.426526 0.0494701 0.42741 0.0500936
0.442254 0.0725342 0.443681 0.0730179
0.412788 0.0684145 0.414157 0.0689799
0.446603 0.070241 0.447725 0.0702277
0.42897 0.0618295 0.430054 0.0620459
