0.294162 0.00487643 0.293519 0.00490759
0.292316 0.00494479 0.291478 0.00517414
0.293083 0.0073334 0.292252 0.00731384
0.293929 0.00577702 0.29316 0.00580181
0.289884 0.00288341 0.289052 0.00288603
0.292856 0.00525539 0.29187 0.0054403
0.294071 0.00779447 0.292913 0.00792377
0.293156 0.00637869 0.292361 0.00651038
0.289237 0.00262725 0.288715 0.00249658
0.294522 0.00644512 0.293809 0.00640431
0.303085 0.0164955 0.302235 0.0165129
0.293125 0.0132343 0.292501 0.0133823
0.288316 0.00397557 0.287852 0.0037501
0.291066 0.00958746 0.290765 0.00943237
0.294383 0.00983468 0.294018 0.0097501
0.287887 0.00609303 0.286985 0.00584053
0.292315 0.0131929 0.29191 0.0133841
0.292279 0.00962876 0.291735 0.00939799
0.292075 0.01071 0.291914 0.0102415
0.29104 0.0121814 0.290479 0.0119709
0.288337 0.00655592 0.287744 0.00648914
0.288381 0.00700709 0.288008 0.00689777
0.289513 0.010444 0.289183 0.0103588
0.287828 0.00566154 0.287584 0.0057131
0.284193 0.00480027 0.283869 0.00454682
0.286933 0.00529261 0.286471 0.00516246
0.287627 0.0106056 0.287007 0.0104234
0.290593 0.0121684 0.290399 0.0124435
0.286103 0.00736357 0.285243 0.00744251
0.282981 0.00345562 0.282312 0.00318277
0.290569 0.0161795 0.290007 0.0162505
0.285374 0.0106209 0.28487 0.0108828
0.286012 0.0071728 0.285428 0.00685386
0.28644 0.00874 0.286213 0.00806963
0.283766 0.00869618 0.283455 0.00880219
0.283078 0.00663192 0.282688 0.00638428
0.28279 0.0068587 0.282825 0.00643895
0.278777 0.00303541 0.278539 0.00284741
0.28996 0.0131843 0.290059 0.0130792
0.286562 0.0107978 0.286353 0.0102883
0.289451 0.0192091 0.289048 0.0191374
0.284678 0.00810305 0.284699 0.00825649
0.282591 0.00913662 0.282034 0.00892958
0.288329 0.0199419 0.287944 0.0198314
0.288847 0.0180097 0.288797 0.017968
0.283414 0.00788624 0.283471 0.00799992
0.280515 0.00938518 0.280561 0.0094796
0.282692 0.00975895 0.282611 0.0096573
0.277338 0.00533268 0.277438 0.00538
0.283753 0.0149669 0.283039 0.0148878
0.280329 0.00862539 0.280239 0.00895842
0.282161 0.0199003 0.281995 0.0199937
0.27712 0.00448826 0.277138 0.0045028
0.276225 0.00547044 0.275925 0.00575359
0.281155 0.00849549 0.281194 0.00888257
0.278319 0.00348489 0.278049 0.00345721
0.275922 0.00281255 0.275346 0.0027621
0.278227 0.00611584 0.277749 0.00612922
0.277157 0.0066856 0.276998 0.00666963
0.277678 0.00602377 0.277524 0.00600019
0.2778 0.0029717 0.2777 0.00297785
0.274737 0.00258942 0.274453 0.00255091
0.277703 0.00760284 0.277595 0.00831063
0.2795 0.0126108 0.279506 0.0125924
0.272573 0.00135642 0.272247 0.00160607
0.274945 0.00657036 0.274622 0.00701272
0.274636 0.00530364 0.274529 0.00556272
0.272681 0.00295935 0.272569 0.00341876
0.277393 0.00995764 0.277452 0.0102545
0.276728 0.00738546 0.276508 0.00742699
0.288333 0.0276356 0.288098 0.0275017
0.273125 0.00520067 0.272659 0.00503005
0.275976 0.0119047 0.275439 0.0115925
0.272532 0.00648565 0.272307 0.00670113
0.269574 0.00143697 0.269211 0.00147002
0.270383 0.00344645 0.270048 0.00316082
0.270651 0.00534832 0.270299 0.00545311
0.272947 0.00812146 0.272119 0.00789739
0.273117 0.00676767 0.273063 0.006867
0.275182 0.0180533 0.27474 0.0178043
