0.251937 0.0390272 0.252019 0.0391207
0.274782 0.0124019 0.274925 0.0124724
0.265742 0.0433556 0.265858 0.0435883
0.263233 0.0484435 0.26303 0.0483
0.286161 0.0134165 0.286005 0.013365
0.286435 0.0098579 0.286732 0.00981011
0.275898 0.0165413 0.275634 0.0164552
0.282441 0.0262625 0.282951 0.0256355
0.26849 0.0399822 0.268767 0.0399038
0.285396 0.0174489 0.2856 0.0170872
0.286533 0.0133386 0.286138 0.0134569
0.294382 0.00247774 0.29444 0.00260023
0.28216 0.0294314 0.281895 0.0295055
0.29572 0.00283958 0.295991 0.00273475
0.288788 0.019686 0.288797 0.0196374
0.296509 0.00974289 0.295766 0.0105883
0.297847 0.0066987 0.297885 0.00688119
0.292143 0.013611 0.292034 0.0139804
0.301026 0.0044629 0.300908 0.00506185
0.287773 0.026921 0.287841 0.0254526
0.300898 0.0044405 0.300691 0.00412007
0.296201 0.0154155 0.296152 0.014634
0.300718 0.0032579 0.301387 0.00375849
0.298383 0.0126112 0.298434 0.0125757
0.301828 0.00580173 0.301328 0.0057423
0.306942 0.00382506 0.308259 0.00518341
0.303711 0.00393423 0.303581 0.00385995
0.305488 0.00481665 0.306174 0.00479817
0.302425 0.00400313 0.302818 0.00405729
0.305362 0.00326869 0.305758 0.00344018
0.305618 0.00549306 0.305561 0.00544763
0.307521 0.00776301 0.307611 0.00719196
0.306233 0.00241659 0.306877 0.00237886
0.310238 0.00685746 0.310583 0.00711266
0.309684 0.00766581 0.309925 0.00802483
0.310066 0.00583224 0.310464 0.00609911
0.312717 0.00735053 0.312433 0.00708416
0.316565 0.0130888 0.316742 0.0122854
0.310033 0.002292 0.310635 0.00215109
0.319246 0.0139179 0.31965 0.0135963
0.314528 0.00564515 0.314878 0.00585896
0.313325 0.00381454 0.312589 0.00356202
0.315821 0.0035453 0.316218 0.00345891
0.320215 0.00884729 0.319838 0.00840128
0.316326 0.00376338 0.315734 0.00397312
0.317551 0.00581938 0.318075 0.00671787
0.319538 0.00444686 0.319737 0.0046427
0.32379 0.00978132 0.323547 0.00920401
0.320194 0.00325916 0.319337 0.00302433
0.319673 0.00520783 0.320127 0.00578725
0.325669 0.00837458 0.325382 0.00912142
0.324682 0.00955353 0.325114 0.0108774
0.328093 0.0103457 0.328172 0.0090982
0.326943 0.0126176 0.326833 0.0133855
0.323499 0.00189117 0.324229 0.0020897
0.325543 0.00269846 0.325606 0.00281255
0.334885 0.0190657 0.335008 0.0171414
0.335625 0.00888714 0.335971 0.00847198
0.328057 0.00359131 0.327436 0.00283943
0.332059 0.00635929 0.331951 0.0057252
0.331251 0.00643327 0.332532 0.00623125
0.335678 0.00882395 0.335745 0.00837537
0.332858 0.00197718 0.3321 0.00222987
0.335274 0.00569729 0.334554 0.00510206
0.339341 0.0129699 0.340748 0.014484
0.335717 0.00212467 0.335375 0.0025103
0.337547 0.00456324 0.338589 0.00447194
0.340591 0.0133124 0.340824 0.0127676
0.340571 0.0107838 0.34136 0.0098545
0.342592 0.00434262 0.342798 0.00549203
0.34037 0.00269851 0.340509 0.0027628
0.346532 0.00988949 0.345482 0.00945191
0.341172 0.00204436 0.341543 0.00162183
0.345809 0.00174699 0.345298 0.00268891
0.347385 0.00257598 0.345583 0.00296719
0.349978 0.00624741 0.349493 0.00822987
0.349889 0.0058167 0.350022 0.00658506
0.354706 0.00886244 0.353043 0.00967304
0.348775 0.00255183 0.349007 0.00300851
0.350551 0.00309568 0.350753 0.00184929
0.353164 0.00563103 0.353657 0.00441042
0.355329 0.00702739 0.355489 0.00823191
0.354575 0.00426106 0.354938 0.00322907
0.359141 0.0123001 0.360065 0.0131176
0.364687 0.0221592 0.364946 0.0211182
0.365147 0.0148416 0.365081 0.015343
0.367851 0.0131166 0.36694 0.0147279
0.369135 0.019003 0.368679 0.0168344
0.363248 0.00750674 0.364515 0.00569692
0.368287 0.0165351 0.36762 0.0147222
0.370183 0.0213329 0.369758 0.0201501
0.384196 0.0266529 0.381487 0.0245331
0.365441 0.0053884 0.36659 0.0037002
0.379753 0.0295467 0.379537 0.0268247
0.372132 0.0051376 0.371305 0.00340312
0.370869 0.00302569 0.370148 0.00393363
0.371609 0.00299274 0.371334 0.00238352
0.383285 0.0167841 0.380708 0.0150253
0.374206 0.00249862 0.374395 0.00361325
0.384618 0.027477 0.384553 0.0286496
