0.244113 0.00586792 0.243654 0.00588013
0.28029 0.00351151 0.280004 0.00384418
0.290487 0.00498125 0.289781 0.00438375
0.292636 0.00400003 0.292782 0.00404794
0.296479 0.00336981 0.295472 0.00350266
0.300921 0.00377897 0.299813 0.00376661
0.305734 0.00414976 0.305487 0.0040887
0.310319 0.00330378 0.310353 0.00282817
0.312388 0.00132935 0.312781 0.00161663
0.319768 0.00340245 0.31924 0.0037585
0.323746 0.00246292 0.322408 0.00302357
0.328535 0.00270985 0.32707 0.00310672
0.333709 0.00171036 0.332305 0.00157961
0.340005 0.00291584 0.339816 0.00165148
0.345497 0.00300587 0.345061 0.00283896
0.351119 0.0035071 0.35024 0.0020161
0.360574 0.00807506 0.359311 0.00841073
0.367092 0.00354084 0.364715 0.00285796
0.369925 0.00252071 0.369154 0.00308495
0.375042 0.00371776 0.374332 0.00419997
0.38161 0.00416838 0.380722 0.00376049
0.389437 0.00441805 0.390478 0.00557508
0.399125 0.00479724 0.399528 0.00520671
0.400899 0.00583135 0.400674 0.00490768
0.408045 0.003201 0.405687 0.00382402
0.417782 0.00703383 0.419065 0.00769005
0.421712 0.00732062 0.420869 0.00561245
0.431362 0.00666917 0.430106 0.00738211
0.430585 0.00587008 0.429564 0.00514145
0.437001 0.00548194 0.434457 0.00326908
0.441828 0.00397938 0.441228 0.00609721
0.448142 0.00599548 0.448793 0.00365053
0.454315 0.00644579 0.454836 0.00527794
0.461192 0.00751362 0.458325 0.00697018
0.460547 0.00324409 0.461957 0.00392605
0.46932 0.00650399 0.46926 0.00529515
0.472839 0.00348024 0.471602 0.0060402
0.477657 0.00613211 0.475029 0.00737597
0.482738 0.00872519 0.480819 0.00535631
0.483224 0.00504234 0.483097 0.00558596
0.488481 0.00403607 0.488683 0.00311547
0.498886 0.00717514 0.495073 0.00671476
0.500282 0.00919059 0.50156 0.00802802
0.508537 0.00727988 0.505519 0.00528644
0.510554 0.00569019 0.508116 0.00653276
0.513224 0.00496374 0.512361 0.00478022
0.515973 0.00488992 0.515052 0.00348628
0.524575 0.00804287 0.522835 0.00665916
0.52528 0.004804 0.523539 0.00592682
0.525312 0.00469342 0.523799 0.00355338
0.528597 0.00396623 0.528064 0.00457023
0.533816 0.00592421 0.533863 0.00414516
0.539179 0.00532804 0.53852 0.0066295
0.540116 0.00364144 0.540452 0.00378695
0.541674 0.00623602 0.543046 0.00561538
0.548366 0.00417881 0.546515 0.00409607
0.551361 0.00692314 0.550593 0.00538878
0.554293 0.00747558 0.553849 0.00353231
0.557399 0.00731834 0.555294 0.00440047
0.561838 0.00656978 0.559992 0.00372871
0.56299 0.00527173 0.561703 0.00292906
0.56416 0.00563054 0.563112 0.00163039
0.563875 0.00786725 0.563653 0.0044445
0.562393 0.00653978 0.566061 0.00626753
0.568291 0.0059836 0.563989 0.00510494
0.568487 0.00371697 0.567162 0.0024783
0.57057 0.00416989 0.571376 0.00431908
0.57393 0.00361276 0.573628 0.00404899
0.576627 0.00338391 0.578373 0.00520408
0.578977 0.00509522 0.578171 0.00404228
0.581544 0.00507089 0.581784 0.00482224
0.581452 0.00294543 0.582985 0.00389946
0.584858 0.0046307 0.585698 0.00554145
0.586467 0.0037894 0.586604 0.00430917
0.590263 0.00366754 0.589407 0.00377464
0.592839 0.00560046 0.59016 0.00423928
0.589762 0.00490929 0.589781 0.00415661
0.596015 0.00372268 0.593303 0.00336275
0.590381 0.00338266 0.593301 0.00410315
0.594649 0.00417499 0.595238 0.00376986
0.594175 0.00389683 0.594471 0.00279812
0.59705 0.00243255 0.596578 0.00181165
0.601239 0.00338046 0.600078 0.00385747
0.599158 0.0027988 0.598999 0.0030213
0.603018 0.00421545 0.603086 0.00452245
0.603517 0.00438337 0.603009 0.00161051
0.60448 0.00404619 0.603788 0.0033694
0.607393 0.00337169 0.606963 0.00381868
0.607286 0.00325798 0.606451 0.00363161
0.605589 0.00332573 0.608671 0.00308089
0.611922 0.00316115 0.608065 0.00317706
0.611458 0.00522819 0.610865 0.00360751
0.615522 0.00400127 0.610912 0.0036455
0.613729 0.00362549 0.612956 0.00306729
0.616386 0.00215877 0.61356 0.00191495
0.615479 0.00415185 0.615476 0.00387109
0.616938 0.00384078 0.616442 0.00264737
0.618073 0.00504656 0.61712 0.00339067
0.619838 0.00418923 0.617813 0.00386002
0.619478 0.00406199 0.619565 0.00296703
