0.381715 0.0955745 0.381764 0.0957784
0.374657 0.0903803 0.374632 0.0906695
0.435714 0.0979803 0.436201 0.0983849
0.375923 0.0929978 0.37628 0.0934242
0.383658 0.0848782 0.383779 0.0852799
0.383786 0.112261 0.383738 0.112518
0.414515 0.125643 0.41462 0.126122
0.42369 0.119209 0.423885 0.119227
0.374976 0.0776418 0.375248 0.078109
0.38194 0.106905 0.381975 0.107387
0.352722 0.0326783 0.352723 0.0328583
0.415488 0.0993511 0.415851 0.0995575
0.417636 0.103618 0.418026 0.104156
0.336938 0.0290699 0.336959 0.0292833
0.430586 0.108625 0.431244 0.108814
0.374178 0.0936387 0.374175 0.0939565
0.370672 0.0751138 0.37115 0.0757182
0.394512 0.0925892 0.394914 0.0928553
0.375716 0.0597549 0.376181 0.060174
0.43188 0.0939068 0.43266 0.0943977
0.341518 0.0558463 0.341452 0.0564089
0.367557 0.0831854 0.367732 0.0836632
0.365487 0.0750198 0.365621 0.0756177
0.383215 0.074591 0.383668 0.0755285
0.372596 0.0908449 0.372762 0.0910323
0.397808 0.10461 0.398178 0.10486
0.416873 0.077302 0.417268 0.0778154
0.344292 0.0377701 0.344355 0.0382601
0.409029 0.0894874 0.409351 0.089946
0.373683 0.081 0.374043 0.0816437
0.337185 0.02963 0.3374 0.029896
0.3647 0.0959345 0.364836 0.0963095
0.32184 0.0178228 0.321736 0.0179643
0.367333 0.0636087 0.367935 0.0644344
0.370041 0.0562565 0.370302 0.0566685
0.378321 0.0722793 0.378679 0.0728503
0.341073 0.0707571 0.341093 0.0712267
0.336074 0.031617 0.336215 0.031664
0.340367 0.0278529 0.340302 0.0280246
0.365103 0.0523659 0.365325 0.052882
0.365232 0.0524199 0.365255 0.0527871
0.375141 0.0832075 0.375407 0.0836347
0.378304 0.0777288 0.378799 0.0782851
0.373138 0.0816571 0.373254 0.0821285
0.326659 0.0326442 0.326921 0.0330526
0.353762 0.051535 0.354264 0.0523898
0.350692 0.0419767 0.350704 0.0422111
0.32255 0.018433 0.322883 0.0185875
0.323418 0.0234147 0.323497 0.0235617
0.34367 0.0346979 0.34408 0.0349867
0.354037 0.0413472 0.354227 0.0415848
0.341232 0.0356206 0.34165 0.0357082
0.320179 0.0116886 0.320148 0.0118449
0.395752 0.0784715 0.396666 0.0791559
0.342959 0.0380579 0.343225 0.0381515
0.348168 0.059157 0.348634 0.0600821
0.41595 0.109308 0.416126 0.109618
0.341089 0.0513684 0.341056 0.0515376
0.333393 0.0352303 0.333993 0.0350562
0.346139 0.0327722 0.346228 0.0326591
0.328429 0.0404539 0.328704 0.0406373
0.326141 0.0304005 0.326403 0.0302699
0.345302 0.0430981 0.345747 0.0434722
0.341277 0.0502831 0.341382 0.0504477
0.343347 0.0439989 0.343246 0.044026
0.320316 0.0253234 0.320504 0.0253899
0.32459 0.020525 0.325002 0.0204713
0.32831 0.0314381 0.328504 0.0309287
0.322156 0.0358003 0.322327 0.035897
0.33584 0.0480335 0.33598 0.0480727
0.329761 0.0427357 0.330305 0.0428688
0.318358 0.0296291 0.318873 0.0295957
0.32666 0.0278363 0.327038 0.0276902
0.335902 0.0451909 0.336466 0.0451308
0.330788 0.0371579 0.331187 0.0369084
0.335556 0.0496323 0.335981 0.0498024
0.334473 0.0307458 0.334846 0.0304125
0.337799 0.0456265 0.338254 0.0452517
0.333592 0.0270001 0.333821 0.0266037
0.334123 0.0515245 0.334586 0.0514566
