0.0317657 0.00267186 0.0316205 0.00267781
0.034225 0.00410361 0.0341268 0.00408626
0.03422 0.00583936 0.0341274 0.00584737
0.0331597 0.0036426 0.0330685 0.00362859
0.0331381 0.0035138 0.0329542 0.0035135
0.0317424 0.00207582 0.0316007 0.00204609
0.0326168 0.00252388 0.0324596 0.00250717
0.0318439 0.00431746 0.0317746 0.00430116
0.0314786 0.00300979 0.0313748 0.00300026
0.0314649 0.00356769 0.0313486 0.00357204
0.0348776 0.00946892 0.0348251 0.00952888
0.033056 0.00610157 0.0329696 0.00605748
0.0313645 0.00124358 0.0313281 0.00124668
0.031375 0.0021498 0.0312855 0.0021336
0.0327543 0.00381888 0.0326827 0.00378117
0.0333617 0.00500518 0.0332604 0.00495114
0.0317912 0.00184886 0.0316939 0.0018826
0.0304952 0.00374791 0.0304683 0.00369787
0.0312404 0.00338188 0.0312151 0.00335333
0.0316473 0.00287514 0.0315516 0.00282945
0.0336119 0.00546857 0.033497 0.00545494
0.0322221 0.00480667 0.032186 0.00469234
0.033615 0.00790681 0.0335361 0.0078781
0.0339111 0.00721692 0.033829 0.00721328
0.0316578 0.00329684 0.031609 0.00329419
0.0314963 0.00429315 0.0314572 0.00426668
0.0328448 0.00517319 0.0327747 0.0050977
0.0329448 0.00547317 0.0329294 0.0054083
0.0302208 0.00186047 0.0301787 0.0018782
0.0295025 0.00219745 0.0294569 0.00210971
0.031295 0.00297137 0.0312897 0.00293199
0.0312156 0.00460077 0.0312378 0.00455472
0.0308562 0.00175962 0.030783 0.00179662
0.033261 0.0076148 0.0332928 0.00751257
0.0327749 0.00771716 0.0327633 0.00762662
0.0324493 0.00616364 0.0324243 0.00609048
0.0309415 0.00445956 0.0309542 0.00437991
0.0311239 0.00454388 0.0311531 0.0044891
0.0322526 0.00736646 0.03225 0.00726599
0.0301882 0.00556243 0.0301899 0.00550115
0.0352298 0.00882021 0.0351684 0.00874172
0.0289588 0.00197925 0.0289772 0.00201642
0.030608 0.00419075 0.0306287 0.00415936
0.0287202 0.00162953 0.0287503 0.0016132
0.0296539 0.00348348 0.0296031 0.00346341
0.0294504 0.00326648 0.029545 0.00328387
0.0302675 0.00451463 0.0302346 0.00448964
0.0294106 0.00444665 0.0294191 0.00440309
0.0320422 0.00468017 0.0320619 0.00464247
0.0337946 0.00936403 0.0337309 0.00929617
0.0312176 0.00537431 0.0311701 0.00529428
0.030847 0.00619634 0.0308201 0.00612954
0.0328864 0.0128908 0.0329512 0.0127606
0.0325368 0.00617069 0.0326196 0.006109
0.0294234 0.0043684 0.029419 0.00433513
0.0289407 0.004589 0.0290736 0.00456297
0.0285653 0.00207583 0.0285413 0.00202498
0.0281505 0.00166642 0.0282374 0.00166462
0.0295851 0.00403865 0.0295823 0.00402687
0.033992 0.0132186 0.0340507 0.0131557
0.0307626 0.00563145 0.0307955 0.00554841
0.0308641 0.00541664 0.0309711 0.00535745
0.0278248 0.00139688 0.0278495 0.00149272
0.0281275 0.00299378 0.0281995 0.00297398
0.0315434 0.00576156 0.0315732 0.00578529
0.0307225 0.00695768 0.0306676 0.00692012
0.0331975 0.00853712 0.0332379 0.00848551
0.0300015 0.0050583 0.0300729 0.00497526
0.0270702 0.00192509 0.0271433 0.00192078
0.0306918 0.00657532 0.0307375 0.0066292
0.0277948 0.00220288 0.0278557 0.00225734
0.0309899 0.00468698 0.0310617 0.00460455
0.0292244 0.00573459 0.0293254 0.00571056
0.0275194 0.00196328 0.0275086 0.00199608
0.0276721 0.00317466 0.0277114 0.00308536
0.0284217 0.00340885 0.0284402 0.00332987
0.0266481 0.00159894 0.0266672 0.00165139
0.0282023 0.00361408 0.0282349 0.0037091
0.0271641 0.00202121 0.0272173 0.00196706
0.0278576 0.0077302 0.027951 0.00775688
