0.312706 0.0099784 0.312597 0.00997664
0.307891 0.0046818 0.307851 0.00499639
0.337604 0.0426308 0.338237 0.0435495
0.315859 0.0121689 0.316087 0.0123558
0.315331 0.0177868 0.315236 0.0178273
0.3142 0.012526 0.314364 0.0128404
0.318175 0.0204 0.318194 0.0208726
0.313179 0.0158269 0.312748 0.0160228
0.331719 0.0491243 0.331898 0.0501746
0.323578 0.0352046 0.323921 0.0356908
0.312324 0.0096889 0.312277 0.00984557
0.31516 0.0188408 0.315215 0.0190024
0.307609 0.00550277 0.307359 0.00544437
0.306332 0.00545962 0.306002 0.00569024
0.319389 0.016368 0.319541 0.0167219
0.309262 0.00638551 0.309302 0.00648413
0.323088 0.0211007 0.323073 0.0213274
0.314844 0.0111185 0.314784 0.0113734
0.314891 0.0156955 0.314898 0.0160408
0.308371 0.00582095 0.308499 0.0058506
0.31424 0.0127288 0.314205 0.0128116
0.312766 0.00963917 0.312794 0.00957637
0.324139 0.0278063 0.324214 0.0279376
0.338087 0.0470947 0.338395 0.0481068
0.304064 0.00588837 0.304166 0.00601685
0.309432 0.00858647 0.309027 0.00868512
0.319818 0.0214666 0.31989 0.0220407
0.307217 0.00577067 0.307206 0.00590403
0.317001 0.0237739 0.316919 0.0241364
0.306873 0.00536507 0.306844 0.00517333
0.308628 0.0125486 0.308501 0.012401
0.304251 0.00633639 0.303876 0.00644044
0.312094 0.0124379 0.312075 0.0122657
0.304632 0.0075199 0.304535 0.00763312
0.306022 0.00754364 0.305924 0.00737102
0.310227 0.0161145 0.309956 0.0158774
0.302326 0.00423424 0.302264 0.00410201
0.307801 0.0138213 0.30736 0.0139289
0.306441 0.00558566 0.306703 0.00534555
0.313587 0.0185366 0.31373 0.0181963
0.311841 0.0055515 0.311595 0.00564246
0.309111 0.016378 0.308774 0.0161903
0.310065 0.0178471 0.310037 0.0176999
0.306666 0.00902697 0.306469 0.00888172
0.305585 0.00552023 0.305635 0.00582492
0.303432 0.0112979 0.303371 0.0112987
0.309351 0.00880504 0.309445 0.00883378
0.306991 0.0129678 0.306811 0.01289
0.307065 0.00883746 0.30715 0.00909617
0.307608 0.00770134 0.307584 0.00794885
0.311244 0.0149683 0.310803 0.014838
0.307469 0.014615 0.307794 0.0147191
0.305626 0.009922 0.305632 0.00971678
0.302949 0.014046 0.302555 0.0135481
0.305649 0.01141 0.305802 0.0113412
0.323399 0.0250595 0.323434 0.0250712
0.307799 0.0185668 0.30793 0.0184814
0.309673 0.0159096 0.309665 0.0159381
0.301208 0.0145066 0.301488 0.0148996
0.303492 0.0103223 0.303507 0.0105595
0.296488 0.00603192 0.297053 0.00595174
0.303749 0.0179788 0.304108 0.017667
0.301423 0.00996392 0.30122 0.0107765
0.300006 0.00974804 0.300062 0.0101137
0.302036 0.0085643 0.302133 0.00874784
0.302068 0.0171893 0.302054 0.0166674
0.298737 0.00939068 0.299084 0.00895973
0.29408 0.00896435 0.294427 0.00892119
0.301756 0.00943383 0.302386 0.00964076
0.295716 0.00835335 0.295391 0.00827006
0.310454 0.021117 0.31136 0.0208503
0.293913 0.0080694 0.293904 0.00783178
0.294616 0.00892198 0.294631 0.0083724
0.299417 0.00994876 0.299438 0.00987744
0.298912 0.00790309 0.299795 0.00774071
0.296111 0.00813634 0.295934 0.00813335
0.291692 0.00552402 0.291874 0.00550532
0.292286 0.00917161 0.292524 0.00937123
0.293543 0.00529256 0.293819 0.00531517
0.304914 0.0226593 0.30516 0.0228388
