0.0215844 0.00105227 0.0215434 0.0010479
0.0313414 0.00355056 0.0313423 0.00347483
0.0339464 0.00230041 0.0337866 0.00238898
0.036251 0.0018468 0.036099 0.00188451
0.0383496 0.00237194 0.0382681 0.00236997
0.0406758 0.00147112 0.0405738 0.00158295
0.0439718 0.00101544 0.0437407 0.00124742
0.0471617 0.000848837 0.0470712 0.000928719
0.0507966 0.0036343 0.050826 0.00380868
0.0535797 0.00336442 0.0532968 0.00355951
0.0562612 0.00387819 0.0562622 0.00398149
0.0615261 0.00445181 0.0614485 0.00450821
0.0606589 0.00327844 0.0605425 0.00323345
0.0674959 0.00426251 0.0671269 0.00377352
0.0692668 0.00444678 0.0690112 0.0045438
0.0709562 0.00464235 0.0708127 0.00494303
0.0771952 0.0069994 0.0769792 0.00642683
0.0806403 0.0059179 0.0806045 0.00600065
0.0775101 0.00340068 0.0774154 0.00365293
0.0809782 0.00433006 0.080936 0.00437421
0.0863942 0.00753861 0.085568 0.0074313
0.0873526 0.00779674 0.0872604 0.00706422
0.0974529 0.00870552 0.0971796 0.00895721
0.0922588 0.00463489 0.0924909 0.00446585
0.0968364 0.0059829 0.09633 0.00601102
0.101694 0.00880529 0.100922 0.00904222
0.102004 0.00790116 0.101307 0.00720254
0.105433 0.00530955 0.104844 0.00516833
0.104811 0.00595187 0.104552 0.00535652
0.109218 0.0061 0.10862 0.0055118
0.113391 0.0087062 0.112993 0.00875217
0.111227 0.0048186 0.110518 0.00478571
0.118155 0.00714278 0.117993 0.00670133
0.118252 0.00583348 0.11796 0.00553038
0.121564 0.0073279 0.120917 0.00704818
0.120416 0.00917285 0.120481 0.00872181
0.128791 0.00610871 0.128089 0.00570828
0.126382 0.00282052 0.126531 0.00252376
0.128029 0.00648157 0.127262 0.00639501
0.129396 0.00465641 0.129006 0.00445224
0.12825 0.00611524 0.128165 0.00604996
0.131659 0.00585432 0.131722 0.00527311
0.132648 0.00545322 0.131551 0.00459851
0.13594 0.00576049 0.135664 0.00571441
0.13823 0.00498135 0.137202 0.00487838
0.140996 0.00390062 0.140471 0.00305246
0.139445 0.00403057 0.139228 0.00340682
0.143761 0.00228844 0.14338 0.00248109
0.144408 0.00534317 0.144505 0.00558085
0.142317 0.00388596 0.142423 0.00392989
0.146399 0.00443064 0.145189 0.0047557
0.143322 0.00321339 0.14411 0.00332691
0.152208 0.00431821 0.1524 0.00452084
0.147516 0.00297982 0.148018 0.00305983
0.15096 0.00424402 0.150957 0.00439992
0.154779 0.00461246 0.154005 0.00428452
0.154366 0.00394221 0.154131 0.00336441
0.153939 0.00453236 0.153436 0.00379363
0.154475 0.00385195 0.154972 0.00408754
0.156388 0.00411771 0.156121 0.00338267
0.16185 0.00381517 0.161611 0.00321383
0.160183 0.0044463 0.159558 0.00288521
0.160994 0.00451044 0.160672 0.00440366
0.162845 0.00365969 0.162838 0.00356835
0.164324 0.0045381 0.164277 0.00411911
0.16442 0.00249547 0.163285 0.00409972
0.164554 0.0046725 0.164509 0.00493081
0.166686 0.00362589 0.166652 0.00378093
0.167998 0.00340875 0.167268 0.00287698
0.169462 0.00369743 0.169231 0.0038592
0.170198 0.00192726 0.170095 0.00263455
0.172908 0.00336319 0.171704 0.00338331
0.173501 0.00219838 0.173213 0.00183964
0.174754 0.00387043 0.175553 0.00373753
0.174849 0.00240016 0.174457 0.00287961
0.173991 0.00253707 0.173853 0.00265303
0.175953 0.0029364 0.174846 0.00260302
0.176522 0.00227925 0.175993 0.00303339
0.177596 0.00477898 0.177219 0.00405191
0.17851 0.00351355 0.178364 0.00324005
0.179875 0.00237146 0.179008 0.00280743
0.179874 0.00225761 0.179664 0.00200292
0.180669 0.00338418 0.180007 0.00315876
0.181631 0.00264585 0.180518 0.00298145
0.183556 0.00326355 0.182759 0.00254085
0.183745 0.00285918 0.183219 0.0024583
0.183653 0.00286039 0.183096 0.00261331
0.185211 0.00357718 0.185223 0.00381972
0.188147 0.00313481 0.188321 0.00310524
0.187102 0.00237343 0.187559 0.00269898
0.186965 0.0015214 0.187084 0.00237604
0.18877 0.00213104 0.18907 0.00156778
0.189885 0.00305054 0.190192 0.00344099
0.189864 0.00320406 0.18952 0.00212184
0.190631 0.0035177 0.190523 0.00342884
0.193376 0.00358957 0.192786 0.00352915
0.192001 0.00261718 0.192525 0.00217767
0.192043 0.00160659 0.191214 0.00185554
0.194968 0.00231253 0.194098 0.00242241
0.195692 0.00315434 0.19548 0.00235695
