0.056523 0.00290874 0.0564559 0.00281864
0.0626152 0.0067534 0.0625389 0.00659616
0.0578147 0.00548447 0.0575909 0.00545825
0.0558283 0.00361217 0.0557104 0.00349723
0.061506 0.0116674 0.0615509 0.011891
0.0568816 0.00284801 0.0568348 0.00305888
0.0586928 0.00420468 0.0585162 0.00412676
0.0569342 0.00531982 0.0568552 0.00526833
0.0586705 0.0106731 0.0586882 0.01086
0.0576686 0.00481777 0.0576079 0.00481027
0.0582461 0.0082724 0.0582567 0.00831854
0.0570719 0.00557263 0.0570245 0.00570143
0.0545562 0.00447413 0.0545672 0.00447045
0.054629 0.00439431 0.0545785 0.00445314
0.0557508 0.00475607 0.0558215 0.00467021
0.0529848 0.00359713 0.053071 0.00351052
0.052026 0.00432812 0.0519237 0.00442207
0.0565625 0.00443555 0.0563224 0.00455536
0.0521384 0.00281165 0.0519768 0.00262674
0.0527898 0.00397889 0.0526029 0.00402012
0.0567357 0.00684262 0.0564938 0.00686649
0.0563448 0.00704342 0.0563619 0.00698417
0.0566361 0.00598474 0.0567177 0.00597213
0.0546752 0.009211 0.0545967 0.00941954
0.0522992 0.00509177 0.0522194 0.00507755
0.054707 0.0043429 0.054915 0.00437366
0.0578254 0.00778489 0.0578403 0.00795546
0.0561844 0.0120134 0.0562207 0.0122979
0.053695 0.00453451 0.0538374 0.0045785
0.0601805 0.011115 0.0601569 0.0112353
0.0502258 0.00255839 0.0501759 0.00245941
0.0525988 0.00390223 0.0526827 0.00381724
0.0512889 0.00365291 0.0513403 0.0037445
0.0504675 0.00291482 0.0504196 0.00270289
0.0494997 0.00445395 0.0496225 0.00454114
0.0525791 0.00492609 0.052506 0.00505038
0.0505464 0.0030947 0.0503334 0.00308211
0.0499271 0.00581143 0.0500009 0.00590419
0.0512027 0.00445537 0.0513039 0.00448503
0.0520932 0.00396243 0.0522095 0.00388325
0.0496899 0.0021957 0.0497124 0.00230695
0.0491667 0.00138089 0.0490169 0.00165009
0.0487787 0.00185843 0.0486968 0.00171095
0.0526246 0.0070282 0.0526396 0.00687578
0.0487668 0.00294263 0.0486749 0.0030765
0.0504884 0.00381219 0.0503731 0.00374029
0.0502863 0.00483033 0.0502383 0.00479942
0.0531636 0.00791242 0.0531718 0.00785662
0.0504085 0.00312576 0.0502468 0.00323858
0.0484506 0.00431656 0.0484489 0.00435985
0.0485127 0.00445058 0.0484779 0.00445953
0.0473358 0.00207439 0.047253 0.00208603
0.047682 0.00284582 0.0475962 0.00292419
0.0484725 0.00602145 0.0485949 0.00608761
0.0490167 0.00497091 0.0491131 0.00493592
0.0527256 0.0056134 0.0527649 0.00553751
0.0487069 0.00363103 0.0487051 0.00365187
0.0474427 0.00202568 0.0473459 0.00211147
0.0484013 0.00330184 0.0484248 0.00335415
0.0485132 0.00559423 0.0485037 0.00548078
0.0472177 0.003037 0.0472895 0.00317167
0.0484842 0.00388168 0.048485 0.00375657
0.0489022 0.00438749 0.0489812 0.00440182
0.0498228 0.00481218 0.050046 0.00478133
0.0459665 0.00431792 0.046167 0.00431371
0.0484779 0.00309657 0.0485062 0.00316685
0.0472106 0.0042508 0.047478 0.00429258
0.0494405 0.00837822 0.0495957 0.00840163
0.047799 0.00242963 0.0477542 0.00232688
0.0483945 0.0029648 0.0485076 0.00296385
0.0480233 0.00473988 0.0481736 0.00464933
0.0487059 0.00578056 0.0488243 0.00585708
0.0505512 0.00398527 0.0506734 0.00396847
0.0484207 0.00597428 0.0484477 0.00592696
0.0492147 0.00798132 0.0493282 0.00797146
0.0472386 0.00434253 0.0472665 0.00437445
0.0484146 0.00233477 0.0485581 0.00244673
0.0455564 0.00174594 0.0457221 0.00167847
0.0497918 0.00529289 0.0500722 0.00531953
0.0472596 0.00682302 0.0472664 0.00678148
