0.0214584 0.00122358 0.0214123 0.00121978
0.029633 0.0026697 0.029585 0.00269257
0.0337639 0.00350456 0.0337312 0.00349562
0.0372266 0.00193564 0.037007 0.00200432
0.0397937 0.00208572 0.0395876 0.00210964
0.0412932 0.00152482 0.0412734 0.00155973
0.0454935 0.00152022 0.0452208 0.00146535
0.0476266 0.00268915 0.0474534 0.00240677
0.052369 0.00434216 0.0520126 0.00414603
0.0550515 0.00329623 0.0550136 0.00310319
0.0604904 0.00524089 0.0603338 0.00532151
0.0612026 0.00353713 0.0611671 0.00403414
0.0639191 0.00438496 0.0641918 0.00448252
0.0674108 0.0058465 0.067104 0.0054156
0.0689996 0.00593145 0.0685929 0.00595063
0.0712196 0.00548096 0.0713215 0.00533918
0.0774312 0.00735456 0.0772752 0.00686212
0.0847957 0.0070302 0.0848486 0.00691269
0.0844713 0.00881714 0.084304 0.00862221
0.0885431 0.00551894 0.0884381 0.00543012
0.0858863 0.00454273 0.0861106 0.00506808
0.0938916 0.00569329 0.0932216 0.00538627
0.0966249 0.00718095 0.0962556 0.0075818
0.0964283 0.00497835 0.0965729 0.0051202
0.0982814 0.00695218 0.0984952 0.00700619
0.103548 0.00702332 0.102797 0.00687376
0.1044 0.00628091 0.10432 0.00642844
0.107276 0.00634061 0.106786 0.00595031
0.115506 0.00856252 0.115614 0.00826542
0.113467 0.00666752 0.113164 0.00639273
0.112669 0.0057287 0.111952 0.00581047
0.113648 0.00603088 0.113515 0.00594866
0.118776 0.00788241 0.118584 0.00846258
0.119019 0.00509701 0.118304 0.0047584
0.122055 0.00532197 0.121616 0.00593633
0.125781 0.00510615 0.125215 0.00513955
0.127224 0.00824123 0.127258 0.00736941
0.127806 0.00785144 0.128268 0.00696976
0.128044 0.00420221 0.12776 0.00420195
0.133035 0.00567555 0.132322 0.00485434
0.135167 0.00469027 0.134778 0.00487335
0.136857 0.00550158 0.136371 0.0062056
0.139537 0.00650567 0.13915 0.00590128
0.138027 0.00476188 0.137609 0.00605352
0.14261 0.00680417 0.142362 0.00676217
0.142394 0.00440287 0.142238 0.00486887
0.144448 0.00722724 0.144522 0.00694218
0.145918 0.0042592 0.145795 0.00437838
0.145936 0.00499203 0.14533 0.00455789
0.147126 0.00206386 0.146802 0.00276934
0.149784 0.00396966 0.149984 0.00441821
0.152238 0.00371291 0.151282 0.00449072
0.152731 0.00285522 0.152135 0.00364608
0.155535 0.00267592 0.15539 0.00367565
0.154878 0.00418256 0.154871 0.0049477
0.157318 0.0036741 0.157114 0.00325617
0.159655 0.00387038 0.160454 0.00322443
0.160455 0.00421575 0.160456 0.00512387
0.162664 0.00325217 0.162057 0.00277187
0.159757 0.00426559 0.15966 0.00419542
0.162442 0.00441096 0.162275 0.00436925
0.162325 0.00418831 0.162309 0.00422517
0.16732 0.00266825 0.16652 0.0031556
0.167576 0.00553678 0.166914 0.00500564
0.168189 0.00510529 0.167555 0.00451224
0.170309 0.00377103 0.169354 0.004216
0.171179 0.00302107 0.170446 0.0038478
0.172006 0.00494831 0.172284 0.00493531
0.171425 0.00315719 0.171249 0.00327317
0.173994 0.00363471 0.173176 0.00427708
0.174525 0.00257458 0.174793 0.0033097
0.176509 0.00312079 0.175924 0.00366516
0.177097 0.0034136 0.176957 0.00322814
0.175819 0.00307421 0.175467 0.00370916
0.178497 0.00447386 0.178304 0.00371618
0.17756 0.00259708 0.17736 0.00319323
0.179418 0.00169847 0.179182 0.00154698
0.180721 0.0024953 0.17982 0.00188964
0.184417 0.00425958 0.183658 0.00448956
0.184573 0.00329294 0.184561 0.00331842
0.186083 0.00185622 0.18631 0.00220616
0.185702 0.00337564 0.185409 0.00256496
0.186284 0.00312318 0.186537 0.00319563
0.185963 0.00350045 0.185337 0.00287312
0.190693 0.00249631 0.190578 0.00220688
0.191282 0.00167723 0.190073 0.00223619
0.18887 0.00275596 0.189422 0.00212165
0.191329 0.0028913 0.191059 0.00302924
0.191645 0.00343624 0.191339 0.00278121
0.192691 0.00196974 0.192628 0.00128372
0.193646 0.0027947 0.193656 0.00244187
0.194718 0.00383152 0.193797 0.00345855
0.196258 0.00109442 0.196202 0.00124983
0.195709 0.00150392 0.195663 0.00274163
0.197325 0.00267584 0.196759 0.0024642
0.197932 0.00325325 0.198308 0.00270375
0.198644 0.00279774 0.19859 0.00266585
0.19899 0.00354645 0.199185 0.00197081
0.201176 0.00245294 0.200649 0.00308873
0.199304 0.00354942 0.199857 0.00344221
