0.245231 0.00826183 0.244737 0.00822609
0.287759 0.00873003 0.287112 0.00857691
0.293084 0.00554381 0.292286 0.00599118
0.296388 0.0045906 0.295243 0.00413587
0.299988 0.00429801 0.299292 0.00464573
0.306401 0.00461193 0.306245 0.00438554
0.307422 0.0031882 0.306479 0.00341256
0.310963 0.00442518 0.310971 0.00453164
0.316231 0.00588735 0.316218 0.00618602
0.319981 0.00257075 0.319864 0.00184521
0.325965 0.00453862 0.326176 0.00410905
0.331406 0.0048653 0.329656 0.00342597
0.33707 0.00494543 0.337396 0.00486572
0.340135 0.00246766 0.341111 0.00278838
0.346861 0.00296051 0.34652 0.00221364
0.352567 0.00283238 0.35142 0.00293397
0.358014 0.00351892 0.357553 0.00344961
0.367311 0.00429397 0.367498 0.00346462
0.376026 0.00374086 0.37424 0.00540546
0.378994 0.0023213 0.377273 0.00300228
0.387433 0.00602313 0.386116 0.00644645
0.388285 0.00550569 0.38908 0.00435843
0.39565 0.00433046 0.393467 0.00276409
0.403525 0.00581378 0.40291 0.00506358
0.412952 0.00604307 0.409479 0.00626423
0.415109 0.00521729 0.416537 0.00442682
0.423265 0.00680096 0.422547 0.00811445
0.429403 0.00341417 0.427667 0.00489494
0.436462 0.004827 0.435989 0.00541377
0.438715 0.00350562 0.437536 0.0043302
0.445472 0.0056395 0.444824 0.00506874
0.451457 0.00484101 0.451636 0.00547409
0.460511 0.00781465 0.459968 0.00882334
0.461583 0.0043139 0.46007 0.00498404
0.466991 0.0091323 0.467427 0.00925698
0.474091 0.00700873 0.474614 0.00636214
0.478803 0.0063575 0.4779 0.00611149
0.483761 0.00494155 0.480211 0.0035043
0.48733 0.00567013 0.485776 0.00450897
0.495752 0.00937751 0.492275 0.00837709
0.496434 0.00518627 0.496033 0.00420152
0.49806 0.00526476 0.496748 0.00487633
0.502015 0.00614824 0.502548 0.00597976
0.509044 0.0037103 0.506689 0.00355532
0.514996 0.00577175 0.515159 0.00404719
0.51653 0.00476192 0.515948 0.00499942
0.519385 0.00537731 0.518682 0.00463455
0.527104 0.00743385 0.527676 0.00701277
0.527223 0.00681755 0.525858 0.00561614
0.533401 0.0085563 0.531531 0.00860843
0.534812 0.00409702 0.534871 0.00448591
0.537963 0.00582919 0.536527 0.00372558
0.542166 0.00440395 0.54366 0.00357092
0.545048 0.00630229 0.546414 0.00517829
0.54823 0.0054644 0.548332 0.00499953
0.548844 0.0036876 0.547776 0.0037121
0.550451 0.00473933 0.549703 0.002411
0.555563 0.00620584 0.555189 0.0042696
0.55894 0.00579036 0.558373 0.00600975
0.566201 0.00469551 0.563769 0.0023234
0.562585 0.00435115 0.561698 0.00201677
0.56815 0.00266578 0.56744 0.00379071
0.566979 0.00611254 0.566835 0.00413734
0.569022 0.00371541 0.568692 0.00421348
0.574147 0.0050269 0.573456 0.00451186
0.574759 0.00542365 0.575613 0.00527363
0.577225 0.00595473 0.57718 0.0047834
0.580345 0.00409505 0.580044 0.00297619
0.581395 0.00303655 0.58041 0.00243011
0.586887 0.00420089 0.583515 0.00319239
0.584732 0.00590949 0.585479 0.00499507
0.591132 0.00772744 0.588622 0.00362422
0.593262 0.0059816 0.594718 0.00592025
0.589727 0.0066375 0.590485 0.00490513
0.595559 0.00289238 0.59249 0.0044172
0.595029 0.00661735 0.594528 0.00368636
0.595217 0.00472316 0.596684 0.00282492
0.600517 0.00366992 0.597723 0.00356281
0.59989 0.0037086 0.597984 0.00303952
0.600976 0.00270243 0.599209 0.00256059
0.602505 0.00461998 0.602604 0.00315483
0.604963 0.00185014 0.605918 0.0035598
0.603892 0.00318573 0.603485 0.00321276
0.607143 0.00253361 0.606536 0.0029211
0.606302 0.0032139 0.605347 0.00260228
0.608958 0.00287855 0.60904 0.00452642
0.608725 0.00352092 0.609645 0.00261136
0.611299 0.00531008 0.612301 0.0028924
0.613927 0.00403696 0.613474 0.00329031
0.616513 0.0019154 0.614395 0.00360664
0.61637 0.00313033 0.614552 0.00459536
0.617066 0.00379114 0.616998 0.00420686
0.618283 0.00412767 0.618386 0.00448783
0.620355 0.00489415 0.61795 0.0038948
0.61813 0.00395413 0.618692 0.00363019
0.619607 0.00366325 0.619547 0.00259025
0.621271 0.00252218 0.619732 0.00240243
0.622728 0.00346352 0.622005 0.00211434
0.623129 0.00343496 0.622446 0.00332661
0.627278 0.00318946 0.625583 0.00320749
