0.0899618 0.0115242 0.0895226 0.0118813
0.0895864 0.0119025 0.0891111 0.0121
0.0825877 0.00540867 0.0823266 0.00529509
0.100886 0.0184226 0.100924 0.0186917
0.0855348 0.0111922 0.0855613 0.0114673
0.0870724 0.0105389 0.0870821 0.0105508
0.0842698 0.0130163 0.0841394 0.013083
0.09046 0.0160165 0.0903115 0.0160232
0.0845408 0.00545878 0.0843992 0.00577066
0.0983543 0.0254971 0.0982728 0.0256997
0.0906845 0.0145243 0.0905843 0.0146096
0.0880707 0.0123137 0.0879929 0.0125019
0.089912 0.0179266 0.089524 0.0182319
0.0908757 0.0125186 0.0909234 0.0126112
0.0881377 0.011754 0.0882923 0.0115899
0.0901278 0.0131128 0.0898929 0.0132083
0.0839043 0.0109359 0.0838789 0.010979
0.0776754 0.0070845 0.0775436 0.00717318
0.0861895 0.0160788 0.0860626 0.0164478
0.0858048 0.0210307 0.0856663 0.0210887
0.0813376 0.0177602 0.0812829 0.0177519
0.0870265 0.00819475 0.0870863 0.00828406
0.0835684 0.00956798 0.08347 0.00984008
0.0910854 0.01586 0.0912423 0.0160907
0.0833996 0.0130467 0.0830338 0.0133645
0.0809148 0.0115128 0.080947 0.0120548
0.0769682 0.00540497 0.077377 0.00526152
0.0822816 0.0159056 0.0824681 0.0162022
0.0882267 0.0136787 0.0883847 0.013983
0.0785408 0.00819562 0.0785041 0.00830295
0.0806137 0.0101421 0.0804023 0.0105106
0.0810657 0.0171372 0.0809915 0.0174464
0.0826418 0.0160989 0.0824671 0.0164561
0.0787143 0.00680207 0.0788613 0.0070177
0.0754688 0.0066981 0.0757833 0.00695581
0.0757191 0.0105668 0.0757163 0.0106037
0.0816802 0.0151286 0.0816829 0.0154256
0.0802264 0.0134793 0.0803814 0.013559
0.0780068 0.0132465 0.0781003 0.0135617
0.0755169 0.00781095 0.0756527 0.00783156
0.0797391 0.0118244 0.0799029 0.011896
0.0766103 0.0121439 0.0765376 0.0123238
0.0763575 0.0128364 0.0765841 0.013228
0.074399 0.00491636 0.0743195 0.00507395
0.072275 0.00712375 0.07229 0.00722953
0.0765855 0.0090615 0.0766996 0.00957804
0.0720209 0.00944449 0.0719354 0.00940119
0.0800829 0.0138221 0.0803909 0.0138494
0.074571 0.0070783 0.0747027 0.00704946
0.0715901 0.00970547 0.0714889 0.00971025
0.0732106 0.00577348 0.0735462 0.00606939
0.0817358 0.0124007 0.0819599 0.0126554
0.0755403 0.00817018 0.07552 0.00802265
0.0742999 0.00686667 0.0742688 0.00681949
0.0739313 0.0146815 0.0741288 0.01477
0.0683509 0.00759199 0.0683445 0.0078381
0.0695627 0.00677794 0.0695347 0.007058
0.0685232 0.00520062 0.0686628 0.00523775
0.0724087 0.00781269 0.0725545 0.00793743
0.0826567 0.0183722 0.0824983 0.0185128
0.0727106 0.0111931 0.0727954 0.0114608
0.0746188 0.00778641 0.0746982 0.0078886
0.0691938 0.00584051 0.0691183 0.00582571
0.0690056 0.00633922 0.0688177 0.00647382
0.073357 0.0156458 0.0733548 0.0156954
0.0726157 0.0127277 0.0727795 0.0127307
0.0730017 0.0115746 0.0733428 0.0116816
0.072685 0.0122424 0.0728498 0.0122671
0.0665988 0.0036357 0.066655 0.00347432
0.0667532 0.00513857 0.0667475 0.00528037
0.0644335 0.00378114 0.0647987 0.00392817
0.06871 0.00689507 0.0687028 0.00692494
0.0701348 0.00630253 0.0703209 0.00607709
0.0695588 0.0110197 0.0695817 0.0110294
0.069118 0.0105133 0.0692589 0.0104161
0.070542 0.00853712 0.070331 0.008435
0.0665213 0.0059257 0.0663717 0.0061469
0.0661133 0.00903718 0.0661275 0.0091178
0.0677386 0.00560114 0.0678592 0.00566237
0.0745676 0.0104661 0.0746181 0.0103685
