0.0948707 0.0142669 0.0943409 0.0143567
0.0932292 0.0113278 0.0928174 0.0114976
0.101229 0.0225907 0.100921 0.0227365
0.0867202 0.0108997 0.0865254 0.0108018
0.0927026 0.013943 0.0924439 0.0142207
0.0932453 0.0155025 0.0933 0.0155523
0.0885639 0.0125153 0.0884312 0.012727
0.0973816 0.0176282 0.0970446 0.017634
0.0890391 0.00979181 0.0886288 0.00995579
0.0944895 0.00672728 0.0942435 0.00673985
0.0902975 0.00785997 0.0903067 0.00793286
0.0892375 0.00729771 0.0888959 0.0072808
0.0917639 0.0118857 0.0917116 0.0119982
0.0875173 0.00773261 0.0877221 0.00805274
0.0898483 0.0129096 0.0899158 0.0132236
0.0881512 0.0116856 0.0878183 0.0118757
0.091573 0.0114699 0.0912693 0.0119058
0.0946678 0.019388 0.0945946 0.0194755
0.0909728 0.0102652 0.0912003 0.0105861
0.0822751 0.0107779 0.082303 0.0110339
0.0796601 0.00628792 0.0798072 0.00630846
0.0843766 0.00761636 0.083928 0.00749231
0.0863557 0.0170324 0.086255 0.0171838
0.0883431 0.0127682 0.0884586 0.0128362
0.0899674 0.0123546 0.0899301 0.0128002
0.084003 0.0137849 0.0838843 0.0141573
0.0853508 0.0169731 0.0856364 0.0171671
0.0858425 0.0156737 0.0857602 0.0159266
0.0824864 0.00537495 0.0823831 0.00537694
0.0922593 0.0145803 0.0922176 0.0149213
0.0869267 0.0156498 0.08676 0.0160248
0.0856752 0.0131802 0.0854474 0.0135411
0.0892125 0.0132099 0.0891976 0.0134316
0.0815188 0.00934925 0.0815819 0.00935296
0.0783554 0.0054698 0.0780886 0.00549117
0.0799457 0.0091671 0.0801287 0.00915813
0.0876833 0.0177962 0.0877412 0.018166
0.0789678 0.00682141 0.0788723 0.00663121
0.0807839 0.00906607 0.0807507 0.00921951
0.07556 0.00622583 0.0756232 0.0062658
0.0850779 0.0138309 0.0852371 0.0138093
0.0827139 0.0133042 0.082581 0.0135613
0.0716978 0.00301353 0.0717016 0.00321778
0.0768355 0.00684036 0.0768636 0.00692151
0.0814424 0.011051 0.0814585 0.0112135
0.0851078 0.0119551 0.0854082 0.0122211
0.0817061 0.0164432 0.0817528 0.0166439
0.0763275 0.00734062 0.0761467 0.00748204
0.0804026 0.00842201 0.0801197 0.00858433
0.0743007 0.00510518 0.0743547 0.00483636
0.0744289 0.00507435 0.0747031 0.00501043
0.0758644 0.00487491 0.0760483 0.00492321
0.0737764 0.00642057 0.0736094 0.00671959
0.0764079 0.00792964 0.0763522 0.00810278
0.084341 0.0161293 0.0845553 0.0164559
0.0824191 0.0120399 0.0825343 0.012071
0.0746158 0.00828792 0.07451 0.00846968
0.0770792 0.00908035 0.0768612 0.00914067
0.0750236 0.0107134 0.0752202 0.0107234
0.074254 0.00374001 0.0743482 0.003615
0.0744809 0.0126501 0.0744918 0.0128152
0.0738098 0.00546551 0.0738235 0.0056037
0.0736434 0.00494341 0.0736032 0.00487909
0.0726286 0.00795087 0.0727773 0.00786887
0.0742552 0.0123071 0.0741846 0.0125003
0.0715601 0.00887244 0.0718415 0.00900416
0.0724807 0.00489459 0.0726202 0.00472057
0.0734141 0.00540591 0.0733889 0.00540513
0.0735418 0.00868878 0.0736375 0.00845933
0.0725636 0.00951817 0.0723321 0.00954609
0.0683823 0.0041245 0.0682803 0.00433678
0.0747483 0.0131237 0.0747031 0.0131965
0.071376 0.00573603 0.0713612 0.00587839
0.0686337 0.00570883 0.0688881 0.0057303
0.0671934 0.00357995 0.0673555 0.0036426
0.0662652 0.00323757 0.0662055 0.00318118
0.0680429 0.00615118 0.0678786 0.00638613
0.0669664 0.00536744 0.0669323 0.00548977
0.068195 0.00453862 0.0682215 0.00435276
0.0674502 0.00465359 0.0675197 0.00463702
