0.556515 0.0706951 0.557184 0.0705629
0.521548 0.0756415 0.522406 0.0753885
0.520749 0.066397 0.521566 0.0661214
0.520732 0.08953 0.520907 0.0893582
0.558243 0.0721336 0.558891 0.0716133
0.533878 0.0778391 0.534518 0.0775407
0.518392 0.0777278 0.519117 0.0776032
0.562566 0.0835619 0.562925 0.0828761
0.535646 0.0883554 0.536178 0.0879099
0.525106 0.0815167 0.525588 0.0812244
0.612087 0.0309331 0.61259 0.0302186
0.509991 0.066607 0.511118 0.0667036
0.571242 0.0621542 0.572226 0.0619204
0.507519 0.0630691 0.508299 0.063701
0.512542 0.0769358 0.513439 0.0770329
0.522816 0.0679172 0.523855 0.0680613
0.514002 0.0768239 0.515099 0.0766243
0.515881 0.0752214 0.516485 0.075436
0.494583 0.0728707 0.495771 0.0733981
0.50309 0.0821931 0.503643 0.0822426
0.495611 0.0736617 0.496683 0.0739586
0.488949 0.0730967 0.489772 0.073136
0.522937 0.0875541 0.523635 0.0874059
0.558338 0.0436401 0.559701 0.0430927
0.539315 0.0555791 0.540771 0.0556302
0.521127 0.0582654 0.522325 0.0585211
0.55104 0.0761477 0.55193 0.0758898
0.537359 0.0723103 0.538304 0.0720046
0.560144 0.0647714 0.561473 0.0640797
0.49518 0.0756642 0.496243 0.0760323
0.52463 0.0661408 0.52607 0.0663906
0.470987 0.0451035 0.472284 0.0454175
0.494762 0.0826156 0.495501 0.0827716
0.498007 0.0769209 0.498854 0.0770003
0.522468 0.0678488 0.523986 0.06794
0.538874 0.0742844 0.540368 0.0746802
0.476619 0.0559855 0.478106 0.0563876
0.478479 0.0724129 0.479487 0.0730351
0.484813 0.0835251 0.486261 0.0837071
0.509095 0.0678685 0.510643 0.0681761
0.480933 0.0723107 0.48258 0.0724889
0.539389 0.0763819 0.540471 0.076332
0.493754 0.0660679 0.495119 0.0664877
0.496314 0.0554066 0.497689 0.0555877
0.507026 0.0733908 0.508864 0.0732636
0.497555 0.0790028 0.498977 0.0789806
0.52635 0.0740364 0.528074 0.0742594
0.49789 0.0814049 0.499328 0.0814157
0.476139 0.056002 0.477412 0.0565405
0.527813 0.0515017 0.529733 0.0515343
0.510672 0.069005 0.512508 0.0692618
0.497214 0.0601233 0.499206 0.060477
0.487534 0.0661963 0.489303 0.0671637
0.427922 0.0309547 0.429274 0.031359
0.534614 0.0762667 0.535884 0.0761575
0.493065 0.0544764 0.495079 0.0546363
0.460151 0.0630053 0.461457 0.0633327
0.475184 0.0641491 0.476654 0.0640339
0.459815 0.0802379 0.460701 0.080918
0.458458 0.0531608 0.460309 0.0537351
0.464196 0.0618135 0.46575 0.0625223
0.467978 0.0518403 0.470027 0.0521334
0.486176 0.0861828 0.487551 0.0863022
0.480189 0.0601331 0.48213 0.0604116
0.495864 0.0825685 0.497704 0.0824405
0.479187 0.0694289 0.481204 0.0701397
0.468212 0.0627581 0.469566 0.0631242
0.472333 0.0403499 0.474226 0.0413171
0.460137 0.0575113 0.461784 0.0582171
0.459863 0.0603058 0.461283 0.0609306
0.49123 0.0727114 0.492902 0.0730831
0.445223 0.0657531 0.446155 0.0670135
0.439968 0.0412497 0.441085 0.0418985
0.451103 0.0616017 0.453183 0.0616502
0.419663 0.035458 0.420831 0.0360339
0.457596 0.0534158 0.458896 0.054162
0.44739 0.0542378 0.44823 0.0548347
0.447649 0.0579576 0.448908 0.0584581
0.443583 0.0406707 0.444949 0.0407921
0.446658 0.0561972 0.44781 0.0565458
