0.0210122 0.000804806 0.0209678 0.000801873
0.031094 0.00302561 0.0309725 0.00302673
0.034758 0.00246012 0.0347563 0.0023374
0.0351511 0.0013286 0.0350013 0.00136476
0.0375621 0.00165931 0.0375314 0.00147221
0.0409059 0.00196973 0.040722 0.00200062
0.0434176 0.00118661 0.0431114 0.00114219
0.0461727 0.00166887 0.0460535 0.00185792
0.0508838 0.00471526 0.0509661 0.00494553
0.0504443 0.00185174 0.0501851 0.00175448
0.0539616 0.00325158 0.0537512 0.0028643
0.0573303 0.00294043 0.0571943 0.0030412
0.0596435 0.00310467 0.059815 0.00344587
0.0646066 0.00378951 0.0640477 0.00388463
0.0684194 0.00604019 0.0683529 0.00630435
0.0682971 0.00450374 0.0682412 0.00474257
0.0725677 0.00452549 0.0720709 0.0045865
0.0751137 0.00513809 0.0750004 0.00542709
0.0760238 0.00556759 0.0759227 0.0055351
0.0832485 0.00675433 0.0828377 0.00683259
0.0863978 0.00681397 0.0860253 0.00651014
0.0865156 0.00374512 0.0864021 0.00347683
0.0873316 0.00411048 0.0872678 0.00383555
0.0913642 0.00806288 0.0912138 0.00795771
0.096015 0.00826661 0.0958722 0.00826562
0.0991014 0.00848813 0.0979148 0.00818083
0.101071 0.00754257 0.100811 0.00727131
0.100946 0.00790321 0.10097 0.00790661
0.100872 0.00693838 0.100498 0.00729584
0.104799 0.00539954 0.104513 0.00530303
0.10789 0.00772406 0.107553 0.00751836
0.110931 0.00826538 0.110153 0.00809325
0.111242 0.0060912 0.11169 0.00562022
0.114651 0.0055486 0.113918 0.00556596
0.119391 0.00915371 0.119299 0.00935014
0.118327 0.00608127 0.118337 0.00619921
0.117509 0.00452615 0.117368 0.00470701
0.12115 0.00542312 0.121264 0.00576693
0.122406 0.00340651 0.121518 0.00373876
0.124319 0.0049765 0.124341 0.00567089
0.130573 0.00448925 0.129996 0.0047436
0.130968 0.00578983 0.130797 0.0059842
0.128597 0.00446452 0.128615 0.0039574
0.131652 0.00553231 0.13184 0.00482587
0.13826 0.00561045 0.137018 0.00533621
0.136968 0.00388731 0.136593 0.00363739
0.140596 0.00457176 0.140643 0.00374451
0.138398 0.00391532 0.138427 0.0046917
0.140839 0.00364282 0.139681 0.00417251
0.142286 0.00492689 0.142381 0.00431584
0.140875 0.00433156 0.141329 0.0047255
0.143788 0.00487745 0.143426 0.00434297
0.144558 0.00433494 0.144152 0.00434719
0.149573 0.00414312 0.148667 0.0045251
0.147655 0.00395474 0.146608 0.00355671
0.150199 0.00300992 0.150143 0.00265766
0.151186 0.00221947 0.150913 0.00229718
0.151272 0.00297046 0.150623 0.00336653
0.151096 0.00240629 0.150815 0.00324171
0.151289 0.00300472 0.151107 0.00293692
0.153863 0.00411808 0.153258 0.00447905
0.155008 0.00468186 0.155798 0.00316179
0.158162 0.00316403 0.157076 0.00266518
0.15698 0.0037613 0.156657 0.0033691
0.159192 0.00392065 0.158783 0.00420027
0.160836 0.0046712 0.160578 0.00380126
0.161846 0.00367127 0.161547 0.00274227
0.164352 0.00338203 0.162509 0.00229297
0.165894 0.00345715 0.165147 0.00287519
0.165438 0.00275526 0.164822 0.00209939
0.165824 0.00396159 0.165788 0.00349407
0.167139 0.00476444 0.166209 0.00559648
0.168981 0.00298197 0.167827 0.00317229
0.167106 0.00299719 0.166416 0.00315623
0.169784 0.00299064 0.169366 0.00281414
0.171446 0.00293392 0.17058 0.0023835
0.172957 0.00386771 0.17311 0.0033955
0.175133 0.00189412 0.174725 0.0014853
0.174141 0.00215885 0.173639 0.00269488
0.173355 0.00281041 0.173756 0.00360146
0.175205 0.00239721 0.174968 0.00229599
0.174863 0.00239866 0.174469 0.00234852
0.17547 0.00316621 0.176606 0.00306464
0.178439 0.00262834 0.178163 0.00231777
0.177786 0.00360504 0.177424 0.00368271
0.180075 0.00372636 0.179687 0.00332207
0.18154 0.00248454 0.179961 0.00243455
0.182938 0.00241594 0.182522 0.00182172
0.182972 0.00202855 0.182448 0.00217412
0.181837 0.00239105 0.181832 0.00159959
0.183435 0.00189071 0.183755 0.00229016
0.185226 0.00255597 0.184944 0.002531
0.185591 0.00180425 0.18526 0.00160151
0.187496 0.00252599 0.185948 0.00301075
0.187836 0.00240366 0.187697 0.00243362
0.18798 0.00258185 0.187755 0.00260518
0.189173 0.00278297 0.189038 0.00282062
0.188119 0.0020769 0.188056 0.00227528
0.189307 0.00204695 0.189372 0.00238245
0.191288 0.00229895 0.190967 0.00193743
