0.41154 0.0542446 0.412777 0.0550785
0.458008 0.080047 0.459448 0.080861
0.380568 0.0357994 0.381137 0.0365455
0.382859 0.0409909 0.383524 0.0413374
0.381879 0.0389004 0.382808 0.0395718
0.404186 0.0626646 0.404625 0.063352
0.385388 0.0391879 0.385504 0.0401192
0.369904 0.0244017 0.37026 0.0249415
0.382657 0.0274109 0.383507 0.027736
0.419475 0.0576061 0.420642 0.0583367
0.413596 0.0669099 0.414859 0.067671
0.405736 0.0509219 0.407265 0.0516266
0.395186 0.0626059 0.396238 0.0633754
0.403687 0.0594438 0.40484 0.0601958
0.407307 0.0661163 0.408588 0.0672406
0.367407 0.0246444 0.367874 0.0253887
0.395503 0.0338861 0.396533 0.0344501
0.377443 0.0413151 0.378276 0.0421802
0.384621 0.0315431 0.38531 0.0320392
0.393135 0.0695082 0.393872 0.0706342
0.35554 0.022314 0.35593 0.0228923
0.385312 0.0271785 0.386516 0.0275814
0.414931 0.067334 0.416441 0.0682077
0.377189 0.0579264 0.378203 0.0585076
0.394404 0.0463004 0.395513 0.0469585
0.372451 0.050099 0.373258 0.0507326
0.399789 0.0595733 0.400942 0.0608917
0.368698 0.0536027 0.369651 0.0544636
0.389785 0.0441815 0.390678 0.0450407
0.362607 0.0286892 0.36338 0.0293535
0.386592 0.0453697 0.38754 0.0462122
0.34714 0.00335369 0.34741 0.0035947
0.39478 0.0640764 0.395748 0.064884
0.389096 0.0507031 0.390209 0.0513867
0.358595 0.0412743 0.359145 0.0419958
0.389049 0.036807 0.389998 0.0372542
0.392905 0.0608957 0.393695 0.0616906
0.375432 0.0357242 0.3762 0.0360136
0.38613 0.0470646 0.386737 0.048306
0.351938 0.0301559 0.352352 0.0307594
0.368591 0.050083 0.36886 0.0510911
0.362175 0.0315446 0.362422 0.0322277
0.36617 0.0272701 0.366493 0.0279397
0.389473 0.0408698 0.390647 0.0413351
0.384629 0.0767564 0.385536 0.0773548
0.36421 0.0306907 0.364613 0.0311333
0.372539 0.0477638 0.37287 0.048382
0.37973 0.0739385 0.380381 0.0748127
0.36347 0.0407641 0.363676 0.0412127
0.364019 0.0291897 0.364572 0.0296415
0.352932 0.0191294 0.353286 0.0192076
0.365417 0.0450306 0.36605 0.045415
0.361557 0.0389289 0.362147 0.0397198
0.372291 0.0242483 0.373017 0.0244731
0.349888 0.0253694 0.349965 0.0260834
0.357543 0.0291661 0.357748 0.0291128
0.364263 0.0311615 0.364811 0.0313405
0.368506 0.0392152 0.369462 0.0396736
0.364127 0.0390855 0.364879 0.0389464
0.346216 0.0216885 0.346659 0.021917
0.348032 0.0199773 0.348488 0.0199764
0.364379 0.0510231 0.365168 0.0513098
0.355695 0.0294132 0.356182 0.0296097
0.354311 0.0263432 0.354515 0.0265345
0.352745 0.0400707 0.353056 0.0405999
0.348827 0.0277451 0.349346 0.0278378
0.381089 0.0618932 0.382216 0.0625223
0.355517 0.029364 0.356271 0.0294092
0.341949 0.0175213 0.342618 0.0173831
0.340244 0.0158825 0.340313 0.0159413
0.348065 0.0249528 0.348595 0.0249688
0.337854 0.014534 0.338375 0.0144477
0.34788 0.0270878 0.348259 0.0269214
0.33784 0.0130283 0.338207 0.0126183
0.344901 0.0228146 0.345742 0.0230682
0.350701 0.0225037 0.35119 0.0224823
0.345109 0.0187791 0.345539 0.0189721
0.359428 0.0408308 0.359643 0.0408916
0.355144 0.0429146 0.355616 0.0427152
0.341283 0.0160402 0.342232 0.0160559
