0.0386447 0.00306595 0.0386471 0.00296162
0.0389628 0.00312641 0.0389591 0.00306941
0.0397073 0.00468703 0.0395015 0.00464955
0.0388034 0.00325403 0.038694 0.00319951
0.0394635 0.00253861 0.0394564 0.00249137
0.0402147 0.00683226 0.0402307 0.00695527
0.0388789 0.00209453 0.0386358 0.00200923
0.0381302 0.00349427 0.0381125 0.003417
0.0384605 0.00126963 0.0384111 0.00127554
0.0383491 0.00259125 0.0382241 0.0025417
0.0367429 0.00181175 0.036623 0.0018349
0.0370117 0.00119928 0.0370375 0.00125639
0.0382775 0.00484854 0.0382104 0.00487307
0.0382849 0.00271299 0.0381823 0.00277368
0.0390132 0.00393085 0.0389293 0.00389763
0.0370549 0.00214069 0.0370619 0.00224998
0.0379189 0.00175843 0.0378766 0.0017786
0.0380574 0.00344309 0.0380798 0.00342059
0.0381159 0.00319747 0.0380968 0.00314284
0.0386952 0.0024261 0.0385138 0.00241307
0.0373404 0.00154962 0.0372299 0.0014783
0.0371034 0.00217934 0.0371253 0.0021565
0.0377014 0.00187251 0.0376435 0.00190458
0.0378771 0.002948 0.0377191 0.00296488
0.0372726 0.00249369 0.0372871 0.00262552
0.0359948 0.00134779 0.0359874 0.0013557
0.0385286 0.0074366 0.0384623 0.00740949
0.0360381 0.00218996 0.0360287 0.00217372
0.0359037 0.00162376 0.035818 0.00156443
0.0368768 0.00428687 0.0368827 0.00427231
0.0364521 0.00187859 0.0364334 0.00190348
0.0375987 0.00428919 0.0375465 0.00423419
0.0368716 0.00213237 0.0368371 0.002076
0.0369786 0.00264419 0.0369338 0.00262232
0.0368181 0.00417026 0.0367292 0.00411449
0.0364009 0.0032769 0.0363319 0.00329034
0.0358897 0.00163038 0.0359587 0.00166369
0.0339464 0.00108395 0.0339002 0.00106138
0.0383194 0.0049461 0.0383359 0.00488642
0.0371823 0.00603706 0.0371258 0.00594219
0.0357771 0.00124473 0.0358032 0.00126123
0.0351901 0.00302998 0.0350876 0.00303794
0.0378979 0.00465299 0.0379125 0.00459669
0.0381769 0.00511501 0.0381395 0.00504848
0.0366569 0.00581524 0.0366479 0.00580154
0.0390555 0.00733177 0.0391614 0.00728965
0.0364609 0.00270234 0.036431 0.0026623
0.0361293 0.00192199 0.0361348 0.00190716
0.0351594 0.00234321 0.0352483 0.00234867
0.0371426 0.00580637 0.0372504 0.00576778
0.0378841 0.00614381 0.037918 0.00608992
0.0369433 0.00542544 0.0369599 0.00538569
0.0344903 0.00140217 0.0345073 0.00141777
0.0352768 0.00283702 0.0352744 0.00281262
0.0391623 0.00681674 0.0390669 0.00679504
0.0362855 0.00391735 0.0363754 0.00393078
0.0349012 0.00311607 0.0349893 0.00309673
0.0350607 0.00296798 0.0351277 0.00299886
0.0360707 0.00299833 0.0361488 0.00291307
0.0374721 0.00642237 0.0375009 0.00645355
0.0355522 0.00580354 0.035675 0.00569943
0.0378246 0.0048897 0.0378731 0.0049472
0.0354006 0.00130552 0.0355092 0.00125664
0.0362518 0.00695175 0.0363098 0.00700291
0.0360242 0.00530394 0.0361402 0.00529951
0.0383254 0.00677595 0.0384413 0.00679424
0.0349764 0.00242444 0.0350197 0.0025592
0.0353539 0.00215126 0.0354509 0.0021203
0.035764 0.00395602 0.0359049 0.00404426
0.0341172 0.00237603 0.0342556 0.00242468
0.0394188 0.0082848 0.039572 0.00829438
0.0345589 0.00214989 0.0347896 0.00209545
0.0328722 0.001522 0.0330337 0.00147849
0.0338054 0.00268537 0.0339458 0.00272749
0.034228 0.00227405 0.0344393 0.00221058
0.0355629 0.00236402 0.0357116 0.00245902
0.0337544 0.00267528 0.0339255 0.00274458
0.0357018 0.0067937 0.035739 0.00684402
0.0338732 0.00295183 0.0340059 0.0030576
0.0329451 0.00129403 0.0330646 0.00127451
