0.287184 0.0108738 0.286917 0.0109049
0.298721 0.00796792 0.298556 0.00824934
0.301973 0.0136617 0.301248 0.0129822
0.307785 0.0105963 0.307118 0.0111401
0.310652 0.0137454 0.309655 0.0138029
0.322979 0.0195334 0.321832 0.0189143
0.319178 0.00846678 0.31793 0.00911295
0.330836 0.010382 0.328952 0.0110872
0.332602 0.011911 0.332296 0.0111652
0.352368 0.0247062 0.350529 0.0251489
0.377097 0.0403638 0.376853 0.0402595
0.369232 0.0272367 0.368243 0.025387
0.37044 0.0106867 0.367787 0.0105311
0.378435 0.0220292 0.378456 0.0213809
0.388207 0.0223869 0.388712 0.0223555
0.38781 0.0215426 0.390952 0.0207255
0.405191 0.0179199 0.406463 0.0176422
0.420301 0.0356444 0.417468 0.0345594
0.428446 0.0399895 0.428287 0.0400433
0.438337 0.0207241 0.436809 0.0207371
0.446163 0.0371507 0.446007 0.038291
0.45874 0.0339689 0.457798 0.0328598
0.451553 0.0153006 0.453831 0.0159966
0.461561 0.0156851 0.461539 0.0156792
0.46188 0.0128073 0.462361 0.0118198
0.472221 0.00734174 0.471105 0.00905995
0.476647 0.00906357 0.479245 0.00866337
0.506938 0.0279317 0.507196 0.0281223
0.49495 0.0106059 0.495688 0.0113136
0.498545 0.0100986 0.49784 0.00839764
0.507196 0.0167838 0.508399 0.0134937
0.515504 0.0144199 0.51532 0.0136275
0.52216 0.0157766 0.525165 0.0157201
0.522076 0.00456151 0.522862 0.00451182
0.533573 0.0125866 0.53478 0.0121299
0.537295 0.0127045 0.539043 0.0102943
0.544109 0.0182866 0.545177 0.0147841
0.548872 0.00598786 0.546305 0.00702793
0.548972 0.00773436 0.548052 0.00802881
0.562171 0.0172074 0.559556 0.0176803
0.567678 0.0123796 0.566708 0.013781
0.574412 0.0170924 0.574602 0.0176236
0.572335 0.0119835 0.571929 0.010985
0.578361 0.0104703 0.57768 0.00890024
0.576036 0.00629502 0.576742 0.0066294
0.585318 0.0102544 0.583762 0.00971969
0.586747 0.010552 0.58607 0.00803267
0.587198 0.00376336 0.585461 0.00460937
0.592837 0.00589033 0.588887 0.00474371
0.599875 0.0104635 0.599491 0.00815076
0.600216 0.0119243 0.60387 0.0123096
0.603184 0.0065282 0.603265 0.00598707
0.604941 0.00898298 0.603694 0.00852752
0.6098 0.0122321 0.611747 0.00958781
0.61392 0.00922907 0.612784 0.0101539
0.620793 0.0124862 0.621867 0.0125593
0.621887 0.00761633 0.622912 0.00538256
0.622002 0.0104151 0.620905 0.00918864
0.633741 0.012928 0.632361 0.0158668
0.634888 0.0157573 0.635355 0.015317
0.626199 0.00319059 0.624581 0.00353181
0.629225 0.00363657 0.628493 0.00375022
0.637015 0.0121356 0.636888 0.0115442
0.634528 0.00510053 0.635319 0.00589095
0.643507 0.0091414 0.642915 0.00928857
0.639068 0.0124155 0.641028 0.0111206
0.637481 0.00424281 0.639495 0.006186
0.645543 0.0127421 0.645255 0.0134272
0.645271 0.0122777 0.64504 0.00772611
0.645194 0.00285693 0.646054 0.00269683
0.652894 0.0102666 0.653054 0.00894449
0.650233 0.00305648 0.648867 0.00384148
0.652355 0.00660586 0.651423 0.00792936
0.652499 0.00869269 0.654549 0.0061461
0.659075 0.00950493 0.657182 0.0118246
0.653388 0.00468924 0.652977 0.00337899
0.65921 0.00816709 0.658328 0.00698992
0.658022 0.00407082 0.658968 0.00360055
0.659104 0.00373634 0.659209 0.00354446
0.664009 0.00948054 0.661863 0.0106192
0.668073 0.00745261 0.668238 0.00677591
0.668906 0.00797988 0.670088 0.00867043
0.668589 0.0108773 0.666786 0.0084152
0.668554 0.00561798 0.671187 0.00591202
0.67275 0.0120156 0.675559 0.0110384
0.670662 0.00789301 0.670846 0.0059772
0.672312 0.00556827 0.673204 0.00400904
0.675093 0.010568 0.675418 0.00970606
0.671157 0.00646319 0.672073 0.00396248
0.679697 0.0127273 0.679735 0.0129399
0.673681 0.00494817 0.674469 0.00539542
0.679129 0.0111057 0.680204 0.0110833
0.681286 0.00741819 0.680543 0.00843619
0.680789 0.00583833 0.680082 0.00633522
0.679457 0.00288479 0.679228 0.00450891
0.677937 0.0052583 0.677667 0.003425
0.68004 0.00809327 0.681571 0.00626094
0.68367 0.00345363 0.68297 0.00216533
0.685854 0.00967675 0.686718 0.00961289
0.688036 0.0116303 0.688078 0.0112866
