0.34929 0.0552126 0.350116 0.0559416
0.337549 0.0337255 0.338202 0.034446
0.333217 0.0306262 0.333695 0.0312228
0.331772 0.0285373 0.332124 0.0290487
0.324489 0.0142135 0.324843 0.0142381
0.321522 0.00735719 0.321563 0.00783206
0.329359 0.0182735 0.32961 0.0189192
0.347423 0.0621807 0.34808 0.0629782
0.330777 0.0184565 0.331195 0.0187184
0.315478 0.00572261 0.315759 0.00598535
0.331863 0.0225832 0.33235 0.0231578
0.328781 0.0264808 0.329126 0.0271735
0.330071 0.0239947 0.330487 0.0246424
0.345889 0.0462354 0.346635 0.0471454
0.320375 0.00974512 0.320563 0.00978461
0.322594 0.0100746 0.322803 0.0101968
0.330922 0.023309 0.331155 0.0236131
0.339597 0.0254854 0.339868 0.0258015
0.318519 0.0115518 0.318569 0.0116322
0.324271 0.0148872 0.324596 0.0152926
0.320736 0.0134205 0.320957 0.0134115
0.329443 0.0347622 0.329768 0.0349793
0.326689 0.0183146 0.326928 0.0187537
0.327555 0.0168198 0.327596 0.017171
0.319634 0.0129386 0.319741 0.0130448
0.331155 0.0232157 0.331467 0.0233233
0.321666 0.00888299 0.321563 0.00897374
0.32305 0.0286275 0.323143 0.0292735
0.316817 0.0127938 0.316783 0.0128411
0.316559 0.00665595 0.316731 0.00680007
0.336848 0.0413603 0.336808 0.0417056
0.324283 0.0242721 0.324532 0.024505
0.326283 0.0335874 0.326666 0.0336993
0.332862 0.0223523 0.332855 0.0226341
0.325623 0.028303 0.325903 0.028929
0.324558 0.0195073 0.324208 0.0194148
0.316594 0.0103962 0.316609 0.0104187
0.324503 0.0264471 0.324503 0.0266509
0.328482 0.0213786 0.32866 0.0216116
0.315655 0.0107599 0.315534 0.0110118
0.325618 0.0198744 0.325861 0.0203092
0.315116 0.011162 0.315064 0.0112643
0.31732 0.0117859 0.317649 0.0118303
0.321737 0.0136844 0.321958 0.0135508
0.328734 0.0432735 0.328931 0.0440566
0.319462 0.0129309 0.318956 0.0126974
0.319857 0.0169073 0.319759 0.0170262
0.317933 0.0162228 0.318022 0.015696
0.317359 0.0235036 0.317324 0.0234409
0.314926 0.00677979 0.314738 0.00710512
0.327785 0.0156918 0.327768 0.0153887
0.317699 0.0115156 0.317382 0.0116008
0.314416 0.0132139 0.314642 0.012999
0.326606 0.0532057 0.326653 0.0533492
0.310979 0.006499 0.311029 0.00651242
0.317957 0.0141587 0.318204 0.0140484
0.321727 0.0188675 0.321381 0.0188727
0.317283 0.0104018 0.317718 0.0106654
0.321317 0.0162643 0.321726 0.015749
0.316713 0.0142633 0.317091 0.0140367
0.311445 0.0107498 0.312171 0.010875
0.314709 0.0109262 0.314694 0.0114138
0.314788 0.0137365 0.314933 0.0138299
0.31219 0.0102542 0.31206 0.010364
0.308794 0.0137548 0.308543 0.0138926
0.311857 0.01006 0.312407 0.00991117
0.313394 0.0142905 0.313335 0.0144954
0.311011 0.00679553 0.311306 0.00696246
0.310014 0.0123563 0.310496 0.0119406
0.311549 0.00971022 0.312234 0.00957471
0.318215 0.0196957 0.318523 0.019075
0.305585 0.00866406 0.306084 0.00812759
0.306536 0.0100261 0.307363 0.00975037
0.307369 0.0146032 0.307974 0.0150469
0.311424 0.017447 0.311225 0.0170759
0.304836 0.0114128 0.305391 0.0110008
0.312459 0.0206653 0.313399 0.0208798
0.31603 0.0250905 0.316954 0.0249076
0.316213 0.0228005 0.316539 0.0225962
0.307609 0.0128988 0.308178 0.0133238
