0.429254 0.071669 0.429655 0.0718048
0.426407 0.0868434 0.426763 0.0870475
0.44167 0.107691 0.441917 0.1076
0.447276 0.0808376 0.448086 0.0813662
0.450826 0.102116 0.451394 0.102367
0.448017 0.103118 0.448598 0.10338
0.395337 0.043005 0.395776 0.0434495
0.428399 0.0946165 0.429252 0.0952632
0.481434 0.0975468 0.481971 0.0973046
0.440671 0.107567 0.440828 0.108025
0.467627 0.112243 0.468048 0.112466
0.410852 0.0611663 0.411334 0.061635
0.467163 0.112212 0.467506 0.112164
0.443955 0.089747 0.44467 0.0900004
0.463486 0.115379 0.464233 0.115786
0.47292 0.111964 0.473727 0.112321
0.386821 0.0454106 0.387139 0.0459708
0.408143 0.0891134 0.408385 0.0892214
0.450404 0.102255 0.451167 0.102672
0.382673 0.0484224 0.383123 0.0489324
0.399481 0.0551242 0.400193 0.0557603
0.409798 0.0873521 0.410232 0.0873499
0.407119 0.0590387 0.407809 0.059821
0.403543 0.0847038 0.403953 0.0846669
0.392012 0.0571633 0.392301 0.0575211
0.40029 0.0695279 0.400857 0.0701304
0.432372 0.105104 0.433009 0.106129
0.429413 0.0506542 0.430108 0.0511614
0.446455 0.108179 0.446973 0.108471
0.410302 0.0769457 0.411294 0.0773955
0.410202 0.0732421 0.411019 0.0734503
0.419939 0.0578892 0.420789 0.0586436
0.419342 0.0920189 0.41976 0.0921877
0.40219 0.0914494 0.403061 0.0915606
0.416949 0.0871461 0.417544 0.0875893
0.430388 0.0807114 0.431294 0.0806228
0.411182 0.0815859 0.411869 0.0822686
0.438515 0.109459 0.439126 0.109414
0.419221 0.0540127 0.419847 0.0547057
0.404587 0.0529333 0.405489 0.0536021
0.420212 0.0774384 0.421274 0.0784142
0.41359 0.068571 0.414182 0.0692592
0.410277 0.0605581 0.411182 0.0612637
0.343791 0.0132442 0.344201 0.0136182
0.390903 0.0559057 0.391657 0.0565267
0.377392 0.0686385 0.377506 0.0688376
0.399834 0.0490525 0.400933 0.0499013
0.366025 0.0291757 0.366542 0.0296945
0.355585 0.0222396 0.355804 0.0225209
0.421458 0.0708618 0.422551 0.0715411
0.400011 0.0647785 0.400864 0.0654914
0.378933 0.0417512 0.379605 0.042173
0.430687 0.0975502 0.431498 0.0980037
0.407828 0.0788034 0.408468 0.0797242
0.401402 0.0836357 0.402345 0.0840062
0.41088 0.0687592 0.411402 0.0694871
0.391313 0.0411785 0.392001 0.0415613
0.387241 0.0517962 0.387806 0.0523459
0.424512 0.105171 0.425 0.10528
0.379841 0.0716106 0.380543 0.0721926
0.401122 0.0862006 0.40186 0.0865576
0.347411 0.020926 0.347794 0.0208798
0.387419 0.0499516 0.388119 0.0506073
0.36606 0.0349907 0.366177 0.0350852
0.37493 0.0576725 0.375963 0.0583913
0.358114 0.0319312 0.35893 0.0320665
0.369967 0.0370651 0.3704 0.0374019
0.357202 0.0418523 0.357682 0.0420198
0.387798 0.0487001 0.388803 0.0488862
0.392259 0.0781233 0.392954 0.0786201
0.357488 0.0335441 0.358073 0.0336182
0.36431 0.0466289 0.365015 0.0469174
0.371047 0.0342393 0.371695 0.0345343
0.389164 0.0632885 0.389569 0.0636301
0.387238 0.0535797 0.388334 0.0542288
0.360813 0.0489966 0.361293 0.0493928
0.34769 0.0319718 0.348309 0.0316713
0.359985 0.0437001 0.360561 0.0438047
0.393107 0.0756175 0.393911 0.0761371
0.366297 0.0420656 0.367058 0.0418106
