0.299991 0.010581 0.299762 0.0106227
0.34715 0.12646 0.346856 0.127433
0.344213 0.0813519 0.344432 0.08136
0.313162 0.019859 0.312619 0.0195245
0.348275 0.0933403 0.34713 0.0938456
0.327621 0.015595 0.327024 0.0148405
0.343124 0.0258722 0.343191 0.0254355
0.355193 0.0353316 0.355362 0.0353934
0.359047 0.0167481 0.358894 0.0161819
0.378939 0.0310721 0.379093 0.0302212
0.382785 0.0223901 0.382 0.0211022
0.390076 0.00975357 0.391265 0.0105753
0.395737 0.0142475 0.396024 0.0136641
0.419279 0.0440978 0.419634 0.0451624
0.428954 0.0332264 0.430074 0.0312393
0.438969 0.0217511 0.437289 0.0213421
0.448946 0.034582 0.44665 0.0349881
0.460264 0.0379787 0.462452 0.0367242
0.468573 0.0221205 0.468626 0.0240391
0.476369 0.00784154 0.475013 0.00997853
0.480151 0.0110182 0.479262 0.012002
0.498024 0.0216427 0.498671 0.0205215
0.503999 0.0214172 0.50253 0.0218959
0.527353 0.0487885 0.52671 0.0505034
0.519847 0.00983596 0.519193 0.0077992
0.528173 0.00800398 0.527261 0.00761532
0.541702 0.0213477 0.543044 0.0216792
0.535562 0.0179151 0.538211 0.0165081
0.54548 0.0160176 0.544251 0.0158661
0.571722 0.0270233 0.572996 0.0241214
0.566092 0.011154 0.56652 0.0125747
0.57143 0.0131508 0.5729 0.0140864
0.572594 0.00802985 0.572814 0.00900843
0.583942 0.0466643 0.582631 0.0471904
0.600497 0.0434586 0.600012 0.0432406
0.599617 0.0316458 0.600246 0.0313325
0.596533 0.0156974 0.598201 0.0150715
0.594883 0.0138997 0.593688 0.0145305
0.621724 0.0309199 0.622926 0.0318031
0.601061 0.0134761 0.601182 0.0116879
0.620123 0.0191418 0.621186 0.018978
0.616481 0.00818157 0.613715 0.0089504
0.643805 0.0365511 0.644531 0.0367735
0.637769 0.0272157 0.640117 0.0263863
0.619307 0.0179651 0.619426 0.0153492
0.639343 0.0119519 0.639147 0.0111595
0.62909 0.00748588 0.630668 0.00848667
0.652758 0.0367087 0.653687 0.0364097
0.643056 0.0107554 0.64213 0.0109175
0.648709 0.0256113 0.64814 0.0250412
0.649377 0.0121848 0.650093 0.0118949
0.639255 0.0101213 0.64155 0.00903474
0.646957 0.00886165 0.648484 0.00862638
0.651929 0.00724271 0.651414 0.00616979
0.658087 0.0100148 0.658829 0.00869126
0.657006 0.00482552 0.656603 0.00430372
0.659076 0.00868139 0.660495 0.00587656
0.655768 0.00741297 0.656968 0.00775607
0.664424 0.0142517 0.665198 0.0135773
0.65811 0.0111052 0.658654 0.0095705
0.671929 0.0219906 0.672569 0.0227848
0.668843 0.00453225 0.669748 0.00314891
0.670082 0.0137172 0.673297 0.0125636
0.672768 0.00679757 0.673587 0.00769796
0.675581 0.00849303 0.675505 0.00814969
0.674686 0.00707183 0.67238 0.00606506
0.685092 0.0219135 0.68581 0.0225441
0.676656 0.00431387 0.675868 0.00372126
0.683448 0.0108649 0.683247 0.0105717
0.677537 0.00565927 0.678982 0.00554681
0.67804 0.00606177 0.678549 0.00486752
0.682714 0.00609067 0.682644 0.00601423
0.684748 0.00670941 0.684662 0.00479128
0.687492 0.00354579 0.685653 0.00339489
0.688191 0.0123284 0.690942 0.0105609
0.688532 0.00740241 0.687128 0.00765744
0.689083 0.00615867 0.688853 0.00656571
0.706887 0.0252526 0.706302 0.0248602
0.696624 0.0144361 0.696098 0.0150537
0.700004 0.0129599 0.699156 0.0104439
0.698202 0.00842953 0.697751 0.00748206
0.696793 0.0082676 0.696624 0.00746001
0.703645 0.0180759 0.705162 0.0182368
0.694542 0.00387396 0.694317 0.00384414
0.697615 0.00411504 0.697169 0.00379524
0.702478 0.00794784 0.703809 0.00650368
0.699196 0.00520211 0.697745 0.00350629
0.702594 0.00444391 0.702075 0.00274519
0.701272 0.00421657 0.700107 0.00503
0.705136 0.00747245 0.70605 0.00799749
0.708517 0.00751088 0.707981 0.00809224
0.71614 0.0173519 0.715854 0.0189978
0.711012 0.00710369 0.710735 0.00595287
0.708921 0.00350469 0.708615 0.00341387
0.707963 0.00508121 0.708264 0.004028
0.709835 0.00294547 0.709922 0.00360411
0.711216 0.00964202 0.712746 0.0087169
0.710969 0.0146871 0.712537 0.0141479
0.709938 0.00446107 0.708998 0.0033815
0.712946 0.00712242 0.713638 0.00611789
