1.25829;1.01773
1.27593;1.07434
1.29025;1.24899
1.29817;1.3276
1.29592;1.13622
1.28;1.17967
1.24925;1.17168
1.20579;1.3326
1.15378;1.16716
1.0974;1.13584
1.0398;1.26649
0.98297;1.16026
0.927917;1.19352
0.874955;1.06555
0.823995;0.866976
0.774802;0.996894
0.727204;0.972701
0.681203;0.889317
0.637001;0.892516
0.594969;0.855952
0.555631;0.773992
0.519702;0.775858
0.488212;0.761988
0.462681;0.657667
0.445327;0.636013
0.439203;0.653267
0.447976;0.589441
0.474884;0.62076
0.520804;0.58557
0.582643;0.571595
0.653806;0.593086
0.726637;0.617423
0.794787;0.632483
0.854186;0.635479
0.902856;0.751301
0.940314;0.772535
0.967002;0.801234
0.98389;0.9325
0.992233;0.869488
0.993464;0.94172
0.989185;1.0102
0.981233;0.885515
0.971785;0.914108
0.963466;0.820397
0.959328;0.983001
0.962525;0.985023
0.975597;0.936428
0.999498;0.890823
1.03261;0.873119
1.07013;0.930002
1.10493;0.962665
1.13053;0.924158
1.14407;1.07149
1.14664;1.00981
1.14145;1.02685
1.13221;1.07097
1.12213;1.08317
1.11367;1.25029
1.10837;1.10791
1.10685;1.06726
1.10873;1.13072
1.11267;0.966072
1.11645;1.04158
1.11704;1.04335
1.11079;1.09312
1.09416;1.11492
1.06542;1.00789
1.02619;1.02686
0.980788;1.06267
0.933979;1.1089
0.889498;0.977378
0.849718;1.06825
0.815823;0.903968
0.788015;0.91355
0.765689;0.806605
0.747646;0.889224
0.732391;0.89765
0.718493;0.861016
0.704936;0.759002
0.691389;0.756038
0.678379;0.769314
0.667415;0.767265
0.661114;0.757049
0.663166;0.744684
0.677617;0.779722
0.707044;0.633334
0.750493;0.686847
0.803336;0.697839
0.859567;0.74701
0.914307;0.766971
0.964739;0.786451
1.00976;0.837893
1.04928;0.813774
1.08361;0.891517
1.11317;0.925436
1.13829;0.996563
1.15926;1.05409
1.17635;1.08039
1.19002;0.968252
1.20103;1.07533
1.21061;1.10213
1.22055;1.20113
1.23276;1.12939
1.2484;1.0692
1.26632;1.18427
1.28214;1.19558
1.28936;1.08734
1.28255;1.12989
1.26001;1.33402
1.22356;1.16374
1.17677;1.30686
1.12336;1.26151
1.06648;1.11379
1.00856;1.02236
0.951343;1.15707
0.896036;1.17875
0.843376;1.08177
0.793693;1.03515
0.746925;1.03431
0.702663;0.978698
0.660324;0.854958
0.619475;0.780377
0.580193;0.77337
0.543189;0.739216
0.509668;0.776673
0.481178;0.770207
0.459678;0.66412
0.44775;0.665763
0.44874;0.66344
0.46633;0.647193
0.503047;0.63392
0.558029;0.584945
0.62598;0.614566
0.698947;0.611446
0.769503;0.635847
0.832653;0.640476
0.885887;0.680531
0.928397;0.77286
0.960316;0.767915
0.982276;0.826372
0.995231;0.913379
1.0004;0.853564
0.99924;0.893998
0.993454;0.957815
0.98503;0.933431
0.976345;1.03328
0.970235;0.964809
0.969871;1.05535
0.978246;0.924922
0.997224;1.0078
1.02642;0.885144
1.06231;0.912792
1.09841;1.02744
1.12751;0.913884
1.14503;1.06394
1.1505;0.975021
1.1464;1.13493
1.13638;1.13704
1.12398;1.07035
1.11208;1.06994
1.10271;1.10562
1.097;1.16485
1.09507;1.0651
1.09609;0.963572
1.09825;1.05344
1.0988;1.02018
1.09425;1.11276
1.08089;1.07456
1.05614;1.04644
1.02036;0.955476
0.977018;1.04413
0.930838;0.984993
0.885965;1.0447
0.845289;0.976113
0.810507;1.06609
0.782302;0.789807
0.760474;0.865647
0.74409;0.841328
0.731718;0.816282
0.721766;0.860589
0.71286;0.811463
0.704203;0.729182
0.695843;0.809895
0.688859;0.81326
0.685514;0.691058
0.689234;0.725498
0.70401;0.750914
0.73269;0.72373
0.774813;0.70505
0.826139;0.722275
0.88076;0.784825
0.933751;0.726184
0.982286;0.7505
1.02536;0.862484
1.06304;0.852381
1.09586;0.969518
1.12439;0.957746
1.14914;0.990559
1.17045;1.02302
1.18862;0.987573
1.20398;1.15411
1.21713;1.03975
1.22902;1.20252
1.24104;1.16478
1.25471;1.19426
1.27061;1.11722
1.28699;1.19533
1.29894;1.23806
1.30014;1.17979
1.28633;1.2645
1.2572;1.20549
1.21545;1.1821
1.1648;1.24716
1.10876;1.3216
1.0501;1.20792
0.990905;1.13407
0.932646;1.2441
0.876329;1.07478
0.822579;1.16304
0.771685;0.87846
0.723637;1.01731
0.678167;0.903142
0.634899;0.839531
0.593619;0.792592
0.554549;0.778327
0.518437;0.739138
0.486455;0.735143
0.460146;0.688329
0.441561;0.669946
0.433495;0.615051
0.439531;0.636862
0.46335;0.601525
0.506861;0.635635
0.567877;0.593965
0.63973;0.59827
0.713885;0.616534
0.783214;0.615547
0.84342;0.661123
0.892673;0.681331
0.930693;0.761131
0.958004;0.810906
0.975536;0.842011
0.98446;0.860407
0.986149;0.964119
0.982164;0.943763
0.974289;0.915596
0.964611;0.883174
0.955636;0.989591
0.950341;0.988803
0.951965;0.829585
0.963353;0.917216
0.985886;0.856541
1.01837;0.927337
1.05635;0.85301
1.09287;0.986031
1.12131;0.924237
1.13834;0.889937
1.14449;1.10946
1.14261;0.905872
1.13623;1.11809
1.12859;1.14496
1.12218;1.09004
1.11863;1.05751
1.11865;1.1811
1.122;1.07833
1.12751;1.07887
1.13315;1.04148
1.13611;1.10964
1.1328;1.08862
1.11943;1.07641
1.09362;1.15233
1.05626;0.975568
1.01133;1.17243
0.963747;1.0884
0.917492;1.00136
0.875161;1.01828
0.838096;1.00156
0.806618;0.971433
0.780239;0.871355
0.757885;0.869633
0.738186;0.86279
0.719816;0.835737
0.701813;0.795339
0.683823;0.780944
0.666238;0.748091
0.65031;0.762279
0.638279;0.757469
0.633478;0.728797
0.639995;0.754948
0.661363;0.732071
0.698436;0.71335
0.748158;0.700932
0.804803;0.673657
0.862625;0.707778
0.917601;0.702877
0.967637;0.753125
1.01198;0.796564
1.05059;0.846599
1.08367;0.953869
1.11147;1.02328
1.13424;0.962499
1.15225;1.04986
1.16593;1.11894
1.17601;1.03651
1.18368;1.07778
1.19074;1.09831
1.19943;1.06672
1.21187;1.12519
1.22889;1.08589
1.24863;1.03124
1.26596;1.13858
1.27407;1.15236
1.26775;1.30582
1.24566;1.15649
1.2099;1.25724
1.16415;1.23485
1.1122;1.15626
1.05723;1.10976
1.00166;1.02076
0.94725;1.26362
0.895137;1.0867
0.845965;0.986539
0.799881;0.965244
0.756552;0.958887
0.715244;0.87018
0.675107;0.859876
0.635639;0.804747
0.597072;0.792772
0.56039;0.725379
0.527071;0.743532
0.49889;0.685023
0.477985;0.669091
0.467065;0.665133
0.469459;0.6446
0.488547;0.637802
0.526225;0.618471
0.58099;0.603751
0.647458;0.600846
0.718287;0.618384
0.786875;0.627871
0.84879;0.703688
0.901696;0.733211
0.944669;0.752734
0.977587;0.833575
1.00082;0.860446
1.01513;0.923883
1.02163;0.932332
1.02175;0.939598
1.01722;1.00652
1.01009;0.99514
1.00281;1.01818
0.998255;1.01704
0.999518;1.01841
1.00937;0.956111
1.02932;0.993689
1.05853;0.962177
1.09299;1.02525
1.12588;1.01846
1.15001;0.936106
1.16122;1.07963
1.15958;1.10106
1.14805;1.09719
1.13057;1.24365
1.11083;1.10125
1.09177;1.11491
1.07547;1.00923
1.06304;1.1849
1.05465;1.03375
1.04941;1.0402
1.04536;1.13679
1.0396;0.99513
1.02863;1.01055
1.00917;1.0834
0.979656;1.03484
0.941406;0.910388
0.898159;0.972881
0.854279;1.06041
0.813442;0.953345
0.778288;0.918487
0.7505;0.780358
0.730871;0.88774
0.719302;0.79447
0.714843;0.867702
0.715911;0.748738
0.720656;0.79927
0.727432;0.722209
0.735229;0.799897
0.744047;0.78369
0.755132;0.742061
0.770968;0.744235
0.794695;0.828676
0.828519;0.740373
0.87173;0.811303
0.920341;0.758202
0.969179;0.817954
1.0143;0.81777
1.05387;0.897666
1.08777;0.859651
1.11683;0.992582
1.14222;0.966349
1.16502;1.01527
1.18601;1.06858
1.2057;1.06842
1.22432;1.12703
1.242;1.1227
1.25889;1.17454
1.27518;1.08672
1.29091;1.20798
1.3054;1.22239
1.31615;1.16521
1.31845;1.15614
1.30733;1.05671
1.28077;1.22427
1.24059;1.20164
1.19059;1.23117
1.13459;1.14808
1.07556;1.08935
1.01554;1.05223
0.955882;1.15459
0.897465;1.10346
0.84088;1.05017
0.786524;1.19488
0.734647;0.964884
0.685387;0.897632
0.638796;0.809762
0.594906;0.817389
0.553854;0.83589
0.516038;0.745067
0.482234;0.750837
0.453648;0.705388
0.432013;0.592487
0.41978;0.641195
0.42025;0.622423
0.437239;0.583564
0.473697;0.62027
0.529357;0.595074
0.599175;0.565448
0.674725;0.598797
0.747671;0.590534
0.812252;0.639944
0.865632;0.657938
0.907086;0.708446
0.937076;0.773695
0.95664;0.810427
0.967069;0.889213
0.969789;0.90976
0.96635;1.00709
0.958466;0.875802
0.948095;1.02798
0.937568;1.02723
0.929683;0.948373
0.927638;0.837912
0.934578;0.805457
0.952674;0.955777
0.981992;0.936894
1.01955;0.979006
1.05934;0.962598
1.09428;0.952365
1.11951;0.884345
1.13405;0.859547
1.13987;1.05534
1.14021;1.04442
1.1383;1.04008
1.13678;1.06957
1.13745;1.04673
1.14122;1.05349
1.14808;1.12514
1.15717;0.905677
1.1669;1.23762
1.17502;1.01425
1.17855;1.10012
1.17372;1.1555
1.15686;1.12904
1.12656;1.2205
1.0852;1.03994
1.03758;1.13695
0.988432;1.17556
0.941128;1.0124
0.897562;0.974669
0.858437;1.02358
0.823568;0.901783
0.79216;0.791969
0.763117;0.888934
0.735353;0.876344
0.708071;0.835005
0.680945;0.763174
0.654184;0.867594
0.628556;0.81337
0.605467;0.794574
0.587134;0.775996
0.576747;0.717696
0.57823;0.778711
0.595172;0.676507
0.628963;0.712868
0.677389;0.644648
0.735254;0.651505
0.796629;0.65396
0.856761;0.711124
0.912633;0.728985
0.962635;0.773566
1.00602;0.805066
1.0425;0.816648
1.07204;0.88537
1.0948;0.846224
1.11117;0.983494
1.12182;1.00667
1.12778;1.14692
1.13055;1.16252
1.13221;1.13373
1.13538;0.93351
1.1428;1.05207
1.15653;1.04905
1.17679;1.12177
1.20092;1.03007
1.22318;1.09543
1.2364;1.07083
1.23518;1.15116
1.2182;1.12653
1.18771;1.28796
1.14766;1.22262
1.10204;1.18947
1.05422;1.23601
1.00672;1.03664
0.961266;1.094
0.918908;0.956389
0.879997;1.06628
0.844155;1.08064
0.810272;0.938173
0.776746;0.888992
0.742055;0.996439
0.705502;0.802575
0.667662;0.781262
0.630193;0.808216
0.595283;0.736674
0.56526;0.764878
0.542569;0.735842
0.529906;0.702352
0.530138;0.679748
0.545713;0.644995
0.577541;0.611546
0.62399;0.674801
0.680984;0.6799
0.743338;0.651632
0.806315;0.669107
0.866408;0.71222
0.92129;0.773153
0.969393;0.770381
1.00957;0.845098
1.0411;0.831605
1.06379;0.92039
1.07817;0.978866
1.08536;1.01217
1.08702;1.04334
1.08523;1.1351
1.08243;1.04101
1.08139;0.968331
1.08487;1.16744
1.09517;1.01464
1.11338;1.07984
1.1385;1.05267
1.16674;1.09287
1.19163;1.08933
1.20601;1.06632
1.20528;1.06998
1.18921;1.13504
1.16103;1.16308
1.12527;1.11679
1.08617;1.14338
1.04704;1.08619
1.01018;1.07997
0.976924;1.03586
0.947712;1.0038
0.922023;0.975657
0.89841;1.05116
0.874692;1.01735
0.848463;0.920582
0.817926;0.878234
0.782731;0.792387
0.744278;0.856355
0.705189;0.808405
0.668463;0.846558
0.636984;0.787099
0.613451;0.769437
0.600378;0.766608
0.599844;0.731832
0.61291;0.722674
0.639053;0.699898
0.676108;0.715646
0.720918;0.631225
0.770277;0.694311
0.821623;0.714383
0.873218;0.708599
0.923875;0.744888
0.972429;0.713745
1.01729;0.844484
1.05652;0.895678
1.08848;0.897473
1.11248;0.945164
1.12895;1.06123
1.13924;1.07731
1.14536;0.98869
1.14969;1.06853
1.15475;1.10786
1.16279;1.0333
1.17535;1.17667
1.19282;1.17218
1.21397;1.01446
1.23571;1.1866
1.25321;1.06939
1.26085;1.01365
1.25411;1.12272
1.23146;1.15834
1.19487;1.12596
1.14855;1.15897
1.09706;1.09922
1.04413;1.04871
0.992365;1.12038
0.943297;0.995144
0.897542;1.04351
0.85495;1.0289
0.814759;0.977275
0.775862;0.922212
0.737193;0.882911
0.698127;0.817726
0.658748;0.839065
0.61985;0.786593
0.582753;0.789819
0.549112;0.725594
0.520887;0.737828
0.500492;0.727711
0.490922;0.693555
0.495546;0.683196
0.51717;0.689188
0.556444;0.566863
0.610713;0.650193
0.674607;0.632089
0.742002;0.626055
0.807737;0.677804
0.868199;0.668262
0.921113;0.735984
0.965153;0.774716
0.999701;0.914318
1.02475;0.894236
1.04083;0.857992
1.04898;0.920194
1.05061;0.928459
1.04751;1.04081
1.04187;1.01022
1.03628;1.10555
1.03371;1.05557
1.03713;1.01886
1.04892;1.05712
1.06995;0.933717
1.09873;1.07966
1.13075;1.09814
1.15892;1.01384
1.17623;1.05972
1.17902;0.977177
1.16807;1.11794
1.14696;1.18187
1.12003;1.11113
1.09112;1.0858
1.06319;1.07798
1.03829;1.10777
1.01749;1.03553
1.0009;0.957035
0.987528;1.05054
0.975327;1.05199
0.9614;1.03873
0.942596;0.978871
0.916529;0.996728
0.882767;0.9723
0.843294;0.929381
0.801663;0.95913
0.761651;0.831234
0.726483;0.952387
0.698703;0.816915
0.680195;0.840165
0.672064;0.796486
0.674411;0.716711
0.686229;0.6619
0.705623;0.785561
0.730327;0.739929
0.758321;0.728205
0.78833;0.731168
0.820106;0.756069
0.854386;0.73132
0.892335;0.775752
0.93436;0.781092
0.978936;0.842193
1.02276;0.879711
1.06239;0.897357
1.09575;0.939618
1.12251;0.984393
1.14363;1.01432
1.16082;1.01892
1.17596;1.06032
1.19075;1.183
1.2064;1.0469
1.22342;1.11408
1.24161;1.1625
1.26013;1.21612
1.27763;1.1229
1.29221;1.35965
1.30118;1.14787
1.30094;1.06881
1.28773;1.27989
1.25969;1.15853
1.21829;1.13371
1.16745;1.38808
1.11141;0.990297
1.05352;1.22767
0.995954;1.30855
0.939852;1.24236
0.885665;1.05722
0.833419;1.04288
0.782985;0.970332
0.734268;0.940262
0.687306;0.919106
0.642292;0.894735
0.599546;0.798333
0.559507;0.806846
0.522784;0.690614
0.490278;0.687571
0.463349;0.688248
0.444019;0.66398
0.435136;0.657697
0.440284;0.670282
0.462988;0.584014
0.50493;0.603937
0.564031;0.594355
0.63427;0.609902
0.707822;0.596426
0.777737;0.62031
0.839344;0.647447
0.890263;0.70941
0.92981;0.775228
0.958351;0.738152
0.976829;0.827756
0.98649;0.948888
0.988754;0.955588
0.985186;0.861067
0.977559;0.970517
0.967958;0.918596
0.958891;0.98897
0.953326;0.960317
0.954454;0.92587
0.965065;0.902846
0.986601;1.06036
1.01814;0.87223
1.05564;0.931845
1.09231;0.97601
1.12126;0.858213
1.13869;0.925714
1.14487;1.01727
1.14265;0.996121
1.13565;1.12023
1.12719;1.08201
1.11986;0.998557
1.11538;1.1073
1.11453;1.06068
1.11713;1.00959
1.12205;1.12
1.12731;1.01478
1.13011;1.11733
1.12693;1.18669
1.11405;1.01367
1.08895;1.12567
1.05227;0.968753
1.00782;1.04061
0.960518;1.0626
0.914461;1.09672
0.872355;1.05967
0.835628;0.851745
0.804671;0.934775
0.779034;0.957125
0.757652;0.881265
0.739121;0.847971
0.722052;0.84097
0.705401;0.79601
0.688738;0.834096
0.672402;0.797557
0.657607;0.786382
0.64657;0.756864
0.642604;0.730924
0.649792;0.654
0.67165;0.723822
0.708982;0.670874
0.758652;0.715478
0.814911;0.72113
0.872073;0.706542
0.926233;0.751101
0.975419;0.78489
1.01898;0.828192
1.05696;0.863517
1.0896;0.978676
1.11721;0.954571
1.14003;1.0411
1.15832;1.05974
1.17248;1.05303
1.18322;1.05167
1.19167;1.09895
1.19954;1.19281
1.20901;1.21572
1.22205;1.19843
1.23924;1.20153
1.25836;1.08639
1.274;1.14906
1.27943;1.2968
1.26998;1.2031
1.24491;1.12441
1.20667;1.16597
1.15903;1.11837
1.10566;1.35028
1.04961;1.29713
0.993185;1.04147
0.938017;1.04013
0.885185;1.18456
0.835281;1.13039
0.788436;0.88068
0.744337;0.883562
0.702315;0.858143
0.661625;0.919673
0.621882;0.863679
0.583396;0.71479
0.547163;0.748764
0.514626;0.723509
0.487542;0.69688
0.468079;0.695886
0.459045;0.654614
0.463885;0.630477
0.485995;0.612496
0.527002;0.598666
0.584806;0.61148
0.65338;0.60149
0.72506;0.608905
0.793315;0.652737
0.853986;0.675623
0.90504;0.757861
0.945812;0.76506
0.976392;0.795389
0.997325;0.878408
1.00951;0.896892
1.01415;0.928015
1.01274;0.950064
1.00706;0.96118
0.999201;1.0313
0.991668;0.997524
0.987401;1.0122
0.989537;1.03951
1.00078;1.0293
1.02241;1.05135
1.05319;0.883313
1.08865;1.03127
1.12172;0.987581
1.14552;0.927104
1.15656;0.967572
1.15538;1.02383
1.14514;1.08847
1.1297;1.0913
1.11259;1.16844
1.09656;1.08376
1.08351;1.08688
1.07437;1.11636
1.06912;1.1582
1.06667;1.00132
1.06491;0.979473
1.06083;1.01392
1.05081;0.962781
1.03156;1.19123
1.00162;0.780934
0.962613;1.01073
0.918562;1.0294
0.873935;0.939295
0.832363;0.928863
0.796348;1.01399
0.767373;0.922201
0.745999;0.911928
0.731911;0.843205
0.724026;0.854285
0.720735;0.759067
0.720284;0.765774
0.721207;0.766508
0.722726;0.786687
0.725077;0.793445
0.729726;0.75993
0.73941;0.739844
0.757663;0.779753
0.787342;0.799329
0.828475;0.710869
0.877421;0.755215
0.928684;0.778814
0.977591;0.7999
1.02157;0.847726
1.05993;0.847462
1.09311;0.934925
1.12201;0.921232
1.14756;0.977461
1.17049;1.08052
1.19127;1.01119
1.21022;1.03262
1.22758;1.23725
1.24367;1.1447
1.25896;1.05674
1.27409;1.23455
1.28944;1.17507
1.30407;1.154
1.31456;1.12917
1.31536;1.18685
1.30176;1.29383
1.27277;1.16123
1.23083;1.11778
1.17975;1.2226
1.1231;1.11259
1.06365;1.09733
1.00338;1.29536
0.943647;1.12028
0.885393;1.11294
0.829244;1.09182
0.775591;1.0239
0.724632;0.88471
0.676401;0.85402
0.630826;0.764788
0.587848;0.777611
0.547605;0.678228
0.510599;0.695863
0.477743;0.706304
0.450367;0.674971
0.430328;0.672123
0.420228;0.670406
0.42353;0.608283
0.444076;0.583771
0.484449;0.583499
0.5435;0.577866
0.615217;0.573695
0.69082;0.600989
0.762354;0.630823
0.824736;0.650906
0.875699;0.690962
0.914848;0.737841
0.942792;0.779866
0.9606;0.856693
0.969563;0.883793
0.97111;0.864626
0.966808;0.934264
0.958406;0.888331
0.947919;0.95505
0.937758;0.964107
0.930814;0.921551
0.930338;0.945116
0.939383;1.01393
0.959801;0.95527
0.991087;0.890544
1.02956;0.846159
1.06874;0.935031
1.10175;0.97831
1.12447;0.952392
1.13665;1.00861
1.14066;0.944931
1.13982;1.09155
1.13729;1.09742
1.13556;1.04336
1.13629;1.17405
1.14022;1.11458
1.14719;1.12278
1.15618;1.10321
1.16546;1.08373
1.17262;1.07997
1.17445;1.11261
1.16709;1.04475
1.14717;0.948986
1.11408;1.13754
1.07094;1.13834
1.02271;1.11407
0.973894;1.0529
0.927517;1.13752
0.885208;0.990965
0.847469;0.934303
0.813967;0.9564
0.783813;0.957564
0.755866;0.93624
0.729045;0.904963
0.702605;0.852741
0.676294;0.761274
0.650423;0.879138
0.625894;0.769466
0.604302;0.775916
0.588124;0.709969
0.580809;0.735069
0.58636;0.722869
0.607987;0.707786
0.646169;0.654874
0.697692;0.650269
0.756886;0.695885
0.818008;0.672133
0.876815;0.753514
0.930789;0.71905
0.978672;0.778415
1.01993;0.806335
1.05439;0.905717
1.08209;0.943887
1.10324;0.923071
1.11828;0.967975
1.12791;1.00632
1.13327;1.01135
1.13597;1.02325
1.13822;1.08076
1.1427;1.11053
1.15204;1.12663
1.16785;1.13001
1.18953;1.03377
1.21337;1.01976
1.23288;1.1493
1.24113;1.0259
1.23401;1.13059
1.21155;1.16662
1.17678;1.13332
1.13375;1.17524
1.08631;1.02274
1.03752;0.994709
0.989608;1.12734
0.944096;1.12622
0.901813;0.947391
0.862913;1.14264
0.82683;0.971847
0.792331;0.952678
0.757843;0.949109
0.722095;0.963547
0.684799;0.798225
0.646894;0.819975
0.610206;0.786372
0.576925;0.748797
0.549359;0.731582
0.530012;0.69501
0.521695;0.665387
0.527309;0.640083
0.549025;0.685355
0.587031;0.621237
0.638726;0.614677
0.699287;0.622856
0.76331;0.646838
0.826266;0.648479
0.885003;0.726289
0.937499;0.740492
0.982418;0.78463
1.01886;0.826331
1.04638;0.876051
1.06516;0.903591
1.076;0.924411
1.08027;0.969713
1.07977;1.12667
1.07672;1.08583
1.0737;1.02217
1.07354;1.09993
1.07896;1.08335
1.09199;0.93073
1.11312;1.09093
1.14044;1.09413
1.16907;0.972212
1.19188;1.10658
1.20222;1.08488
1.19702;1.11305
1.17754;1.01119
1.14769;1.20498
1.11199;1.14479
1.07433;1.17306
1.03763;1.24932
1.00384;1.11102
0.973979;1.11884
0.948114;1.12716
0.92535;1.04497
0.903864;1.02118
0.881195;0.945803
0.854897;0.867515
0.823466;0.938312
0.787141;0.914135
0.747934;0.916475
0.70884;0.890315
0.672973;0.766492
0.643196;0.835569
0.622114;0.81901
0.612015;0.723879
0.614539;0.818331
0.630124;0.704903
0.657651;0.711443
0.694666;0.686298
0.738134;0.624503
0.785279;0.690471
0.834076;0.749767
0.883284;0.738955
0.932076;0.734079
0.979418;0.855496
1.0236;0.803727
1.06248;0.896389
1.09427;0.860505
1.11829;0.89161
1.13507;0.970248
1.14604;1.0742
1.1533;0.913981
1.15921;0.934605
1.16617;1.081
1.17616;0.969701
1.19034;1.16545
1.20867;1.18681
1.22958;1.1751
1.24982;1.13504
1.26474;1.19648
1.26921;1.06867
1.2592;1.21596
1.23357;1.20117
1.19446;1.19681
1.1461;1.22527
1.09297;1.15543
1.03865;1.07091
0.985607;1.23532
0.935202;1.14308
0.887936;1.0712
0.843588;0.976924
0.801431;1.01076
0.760515;0.89659
0.720028;0.844665
0.679613;0.908014
0.639523;0.779898
0.600565;0.738794
0.563949;0.793469
0.531184;0.737578
0.504133;0.685323
0.485199;0.717235
0.47745;0.721036
0.484372;0.644581
0.508806;0.664014
0.55122;0.660928
0.608539;0.630053
0.674905;0.59066
0.743845;0.630756
0.810042;0.648083
0.869887;0.690293
0.921232;0.726333
0.962984;0.829825
0.994826;0.829794
1.01705;0.84701
1.03045;0.901735
1.03619;0.944234
1.0358;1.02971
1.0311;0.990875
1.0243;0.900576
1.01805;1.03133
1.01537;0.922283
1.01928;0.943506
1.03211;0.980278
1.05459;1.08615
1.08498;1.0245
1.11839;0.916023
1.14758;1.07782
1.16578;1.00587
1.1699;1.01141
1.16112;0.978641
1.1431;1.09204
1.12003;1.22298
1.09555;1.09375
1.07247;1.1631
1.05264;1.14659
1.037;1.12285
1.02545;1.16531
1.01679;1.1025
1.00878;0.917788
0.998324;1.01975
0.982042;1.03369
0.95737;1.07486
0.923868;0.970381
0.883769;1.03455
0.84098;0.986398
0.799521;0.934487
0.762672;0.965221
0.732844;0.883041
0.711634;0.904821
0.69978;0.889207
0.697058;0.796436
0.7023;0.772919
0.713662;0.739632
0.729093;0.767668
0.746873;0.741027
0.766078;0.714185
0.786901;0.770855
0.810733;0.799847
0.839761;0.813224
0.875774;0.799506
0.918444;0.783407
0.96464;0.883859
1.00992;0.800859
1.05075;0.86753
1.08556;0.903877
1.11447;0.909614
1.13861;0.948603
1.15951;0.987553
1.17862;0.943457
1.19703;1.13894
1.21535;0.968229
1.23373;1.10703
1.25196;1.24085
1.26968;1.07987
1.2863;1.12377
1.30081;1.12855
1.31121;1.1515
1.31387;1.11313
1.30432;1.21948
1.27977;1.12717
1.24112;1.32658
1.192;1.39282
1.13658;1.26064
1.07821;1.27967
1.01913;1.21258
0.960658;0.991317
0.903496;0.999741
0.84802;1.05614
0.794452;0.999058
0.742975;0.981397
0.69376;0.811803
0.646978;0.899948
0.602807;0.851242
0.561486;0.813393
0.523412;0.731285
0.489288;0.673342
0.460248;0.685138
0.438002;0.60968
0.425007;0.615955
0.424552;0.613268
0.440385;0.62173
0.475374;0.573892
0.529335;0.593555
0.597623;0.619237
0.672309;0.598545
0.745272;0.608547
0.810607;0.621575
0.865169;0.665923
0.907953;0.746839
0.939249;0.832767
0.960015;0.909871
0.971518;0.855052
0.975173;0.952897
0.972515;0.981934
0.965238;0.792207
0.955289;0.959511
0.944983;0.993163
0.937101;1.06931
0.934809;0.906606
0.94122;0.921155
0.95853;0.920949
0.986948;0.936666
1.02373;0.906064
1.06304;0.905416
1.0977;1.03735
1.12256;0.957383
1.13636;0.981947
1.14105;1.02891
1.1399;0.924822
1.13626;0.995134
1.13286;1.05322
1.13163;1.07805
1.1336;1.23087
1.13883;0.963823
1.14654;0.956774
1.15514;1.10415
1.16233;1.08371
1.16507;1.02016
1.15961;1.05168
1.14236;1.08167
1.11197;1.0086
1.07075;1.17454
1.02347;1.16674
0.974874;1.01242
0.928365;0.997206
0.885891;1.05437
0.848208;0.86115
0.815162;1.06887
0.785951;0.911071
0.759414;0.894724
0.734355;0.743452
0.709838;0.842687
0.685417;0.727978
0.661229;0.853937
0.638045;0.787809
0.61735;0.779685
0.601511;0.730793
0.5939;0.735588
0.598551;0.693339
0.618876;0.676955
0.655677;0.714446
0.705993;0.699702
0.764217;0.696123
0.824546;0.692949
0.88268;0.712197
0.936111;0.80655
0.983647;0.743734
1.02484;0.826481
1.05958;0.884129
1.08793;0.971047
1.11007;0.940855
1.12636;0.899639
1.13742;0.935981
1.14422;1.12175
1.14826;1.09062
1.15163;0.954524
1.15688;1.09941
1.1666;1.17144
1.18235;1.05348
1.20346;1.08364
1.22611;1.01465
1.24375;1.04656
1.24964;1.16401
1.23998;1.07419
1.21508;1.25431
1.17806;1.24839
1.13295;1.24342
1.08348;1.25859
1.03264;1.19473
0.982608;1.17827
0.934861;1.15343
0.890226;0.966498
0.848905;0.973366
0.81044;0.91329
0.773766;1.00459
0.737512;0.910734
0.700579;0.841073
0.662764;0.889195
0.624963;0.786865
0.588862;0.767406
0.556494;0.746815
0.530067;0.789632
0.512076;0.758819
0.505424;0.688634
0.513184;0.675435
0.537679;0.678163
0.579038;0.648541
0.634272;0.646454
0.697964;0.616315
0.764191;0.635261
0.828143;0.65343
0.88662;0.654267
0.937726;0.721663
0.980365;0.841331
1.01396;0.812658
1.03841;0.878328
1.05419;0.915498
1.06229;0.998358
1.06419;0.949786
1.06175;0.965106
1.05721;1.0562
1.05319;0.955718
1.0526;1.01016
1.05824;0.981429
1.07215;1.01207
1.09474;0.907454
1.12378;1.02296
1.154;1.04759
1.17802;0.947199
1.18945;1.1484
1.18578;1.08472
1.16869;1.11329
1.14217;1.13806
1.11056;0.978187
1.07756;1.17304
1.04594;1.11293
1.01751;1.12721
0.993156;1.08093
0.972795;1.03411
0.955307;0.980935
0.93859;0.948461
0.919859;0.900804
0.896341;0.874467
0.866338;1.00821
0.83018;0.945456
0.79024;0.938958
0.749934;0.96537
0.712656;0.936281
0.68134;0.83186
0.658439;0.79863
0.645891;0.79499
0.644865;0.768224
0.655405;0.781873
0.676284;0.682529
0.705304;0.689564
0.739935;0.698905
0.777993;0.737782
0.818078;0.720415
0.859686;0.727468
0.902898;0.731927
0.94762;0.795587
0.992658;0.838736
1.03551;0.845259
1.07338;0.937734
1.10443;0.895786
1.12832;0.961475
1.14599;0.974874
1.15917;1.01583
1.17001;0.983141
1.18063;1.05693
1.19278;1.05097
1.20752;1.22529
1.22497;1.13964
1.24417;1.0846
1.26313;1.13621
1.27889;1.26045
1.28769;1.06353
1.28547;1.10108
1.26901;1.02325
1.23767;1.22921
1.1939;1.27839
1.14196;1.17958
1.08607;1.13437
1.02943;1.18135
0.974056;1.03998
0.920965;0.961654
0.870409;1.07801
0.822132;1.07246
0.775641;1.02029
0.730476;0.98847
0.686418;0.821332
0.643589;0.744359
0.602426;0.782972
0.563622;0.837489
0.528101;0.748916
0.49709;0.730556
0.472292;0.666352
0.456107;0.688517
0.451742;0.644011
0.462856;0.627143
0.49232;0.596413
0.540253;0.589423
0.60284;0.595835
0.673356;0.631105
0.744658;0.607282
0.811111;0.654147
0.869141;0.684205
0.916951;0.694317
0.954008;0.799939
0.980618;0.839326
0.997617;0.90274
1.00618;0.890257
1.0077;0.907077
1.00381;0.926578
0.996395;0.99318
0.98771;0.927617
0.980474;0.929289
0.977783;0.991804
0.98271;1.04033
0.997523;0.995331
1.02272;1.03073
1.05611;0.917084
1.09231;1.00873
1.12398;0.963214
1.14498;0.88508
1.15315;1.03077
1.15016;1.03806
1.1396;1.16487
1.1253;1.07718
1.11052;1.06508
1.09768;1.08511
1.0883;1.00696
1.08295;1.19768
1.08116;1.07732
1.08144;1.06181
1.08133;0.946444
1.07758;1.07057
1.0665;0.971387
1.04508;1.02108
1.01261;1.14295
0.97156;0.98537
0.926399;1.04917
0.881567;0.934405
0.840422;0.817995
0.805115;1.05084
0.776746;0.914472
0.75548;0.858821
0.740645;0.895701
0.730914;0.83202
0.724608;0.777616
0.720098;0.812961
0.716214;0.804757
0.712587;0.707816
0.709895;0.818782
0.710025;0.738558
0.716077;0.755678
0.731857;0.747196
0.760326;0.776728
0.801405;0.710773
0.851226;0.734401
0.904067;0.78529
0.955067;0.776539
1.00147;0.766059
1.0424;0.895397
1.0781;0.88725
1.10927;0.961625
1.13664;0.93772
1.16082;1.06968
1.18222;1.01813
1.20112;1.14728
1.21782;1.17999
1.23275;0.978386
1.24662;1.07337
1.26044;1.14241
1.27518;1.10433
1.29077;1.21779
1.30464;1.15693
1.3115;1.37782
1.30559;1.16074
1.28415;1.24936
1.2483;1.20908
1.20142;1.15857
1.14724;1.33976
1.08893;1.2097
1.0289;1.23441
0.968884;1.08612
0.910082;1.19697
0.853317;1.11335
0.799097;0.93767
0.747671;0.977138
0.699058;0.913979
0.653102;0.89839
0.609599;0.817807
0.56852;0.815785
0.530216;0.722672
0.495487;0.722558
0.46553;0.736596
0.441979;0.696773
0.427098;0.655694
0.423998;0.619128
0.4365;0.600326
0.468032;0.603078
0.519324;0.599562
0.586358;0.592925
0.661102;0.604821
0.734919;0.591594
0.801492;0.646654
0.857502;0.679891
0.901884;0.756398
0.934865;0.803479
0.957304;0.83036
0.970354;0.904401
0.975345;0.873093
0.973758;0.868061
0.967245;0.920822
0.957687;1.09338
0.947304;0.861437
0.93878;0.883152
0.935251;0.88432
0.93996;0.995385
0.955409;0.974285
0.98221;0.92114
1.01805;0.956943
1.05743;0.967096
1.0932;0.95676
1.11975;0.937406
1.13524;1.01008
1.14117;1.04136
1.14067;1.05332
1.13712;1.12881
1.13337;1.06628
1.13151;1.18756
1.13271;1.05671
1.13724;1.26245
1.14447;0.990146
1.15293;1.11404
1.16045;1.04111
1.16409;1.08037
1.16015;0.991257
1.14487;1.20093
1.11641;1.10615
1.07657;1.08648
1.0299;1.15835
0.981257;1.15945
0.934264;1.05463
0.891089;1.11656
0.85267;0.891678
0.818997;0.981456
0.789363;0.986432
0.76265;0.863
0.73764;0.831832
0.713325;0.839953
0.689149;0.819776
0.665135;0.723043
0.641942;0.777418
0.620937;0.80765
0.604354;0.76461
0.595438;0.745934
0.598189;0.745958
0.616226;0.685983
0.650833;0.722522
0.699568;0.721861
0.757045;0.685568
0.81734;0.648798
0.875894;0.692748
0.929974;0.700343
0.978259;0.847686
1.02024;0.872198
1.05581;0.850784
1.085;0.92155
1.108;0.936815
1.12513;1.03002
1.13694;1.05343
1.14436;1.00672
1.14878;1.03385
1.15221;1.04675
1.15714;1.16957
1.16619;1.13938
1.18113;1.12747
1.20165;1.15451
1.22434;1.19037
1.24289;1.16218
1.2504;1.0249
1.24261;0.97144
1.21936;1.17454
1.18351;1.2276
1.13908;1.24007
1.08985;1.30922
1.03891;1.21128
0.988525;1.26812
0.940256;1.04815
0.895012;0.892969
0.853082;1.1194
0.814103;0.937445
0.777096;0.893823
0.740715;0.907831
0.703804;0.863826
0.666025;0.833227
0.628139;0.839081
0.591747;0.67116
0.558842;0.768461
0.5316;0.806477
0.512463;0.75288
0.504288;0.709194
0.510172;0.674715
0.532624;0.6447
0.572133;0.625266
0.62609;0.605539
0.689257;0.631729
0.755622;0.641027
0.820154;0.656822
0.879449;0.673711
0.931479;0.723506
0.975086;0.771617
1.00965;0.833936
1.03505;0.822049
1.05168;0.90848
1.06051;0.920375
1.06294;0.980185
1.0608;1.1098
1.05628;0.967147
1.05196;1.02511
1.05073;1.20523
1.05543;0.979954
1.06827;1.04469
1.08989;1.05951
1.11846;1.0698
1.14905;0.936133
1.17441;1.02147
1.18781;1.01155
1.18623;1.03821
1.1709;1.12446
1.14564;1.04854
1.1148;1.09028
1.08218;1.09846
1.05067;1.05482
1.02219;1.17363
0.997732;1.05802
0.97733;1.11014
0.959986;1.01105
0.943696;0.92347
0.925712;1.01411
0.903178;0.925078
0.874176;0.976929
0.838745;0.944311
0.799057;0.848857
0.758496;0.88028
0.720521;0.919585
0.688136;0.899929
0.663844;0.807669
0.649633;0.827782
0.646759;0.763033
0.655397;0.795401
0.674471;0.763917
0.701892;0.684164
0.735167;0.698866
0.772072;0.709737
0.811138;0.718173
0.851803;0.762635
0.894183;0.735704
0.938356;0.763777
0.983387;0.8396
1.02692;0.894164
1.06604;0.893962
1.09862;0.920484
1.12405;0.988314
1.14305;1.0521
1.15725;0.941135
1.16873;1.16249
1.17962;1.07157
1.19172;1.12724
1.20619;1.13154
1.22329;1.00272
1.24225;1.13308
1.26132;1.24043
1.27778;1.19527
1.2881;1.2406
1.28829;1.21176
1.27481;1.15763
1.24635;1.2153
1.20474;1.27081
1.15404;1.27745
1.09856;1.25114
1.04174;1.23707
0.985827;1.12053
0.932;1.14979
0.880652;0.855365
0.83162;0.97194
0.784465;0.892948
0.738737;0.912242
0.694192;0.854977
0.650899;0.805549
0.609238;0.834538
0.569835;0.724053
0.533541;0.792853
0.501481;0.731598
0.475226;0.705584
0.456998;0.69132
0.449833;0.635255
0.457368;0.596317
0.482815;0.614938
0.527068;0.587518
0.587166;0.613571
0.656793;0.589914
0.72864;0.597724
0.796602;0.619699
0.856644;0.653154
0.906634;0.737262
0.945832;0.79904
0.974427;0.834616
0.99319;0.89769
1.00325;0.923654
1.00598;0.957834
1.00295;0.917609
0.995982;1.01066
0.987245;0.954504
0.979354;0.980254
0.975344;1.0535
0.978352;0.913766
0.990908;0.96844
1.01399;0.974869
1.04606;0.962718
1.08242;0.927395
1.11594;0.99388
1.13992;1.08008
1.15126;0.921959
1.15093;1.0482
1.14226;1.09868
1.12909;1.05428
1.11482;1.1738
1.10205;1.10163
1.09248;1.01645
1.08688;1.05092
1.08499;1.20767
1.08554;1.0683
1.08628;1.06231
1.0841;1.10225
1.07536;1.09816
1.05673;1.17208
1.0268;1.0768
0.987335;1.09863
0.94257;0.939564
0.897111;1.06081
0.854607;1.00546
0.81746;0.945502
0.786972;0.918725
0.763483;0.889993
0.74648;0.848772
0.734754;0.922628
0.72669;0.776218
0.72064;0.751479
0.715335;0.788357
0.710234;0.817271
0.705781;0.744898
0.703579;0.788225
0.706459;0.752547
0.718185;0.79127
0.74224;0.738271
0.779656;0.761707
0.827583;0.748759
0.880505;0.774912
0.933023;0.783796
0.981662;0.780292
1.02498;0.887738
1.06291;0.866303
1.09599;0.878358
1.12495;0.961547
1.15038;0.93327
1.17275;0.992695
1.19235;1.12836
1.20948;1.066
1.22453;1.11052
1.23816;1.03699
1.2514;1.16433
1.26544;1.19924
1.28087;1.08678
1.29629;1.03476
1.30733;1.22435
1.30788;1.37355
1.29356;1.29568
1.26393;1.32366
1.22163;1.34487
1.1704;1.31097
1.11372;1.31394
1.05435;1.2393
0.994312;1.3066
0.935059;1.16882
0.87758;1.07882
0.822513;1.11177
0.770207;1.01083
0.720749;0.983769
0.674011;0.801464
0.629744;0.830437
0.587788;0.818741
0.548316;0.75275
0.511963;0.786967
0.479787;0.657743
0.453237;0.667487
0.43429;0.711966
0.425681;0.636161
0.43099;0.63382
0.45402;0.608837
0.496956;0.595524
0.557913;0.591901
0.630275;0.585938
0.705256;0.621337
0.775386;0.622671
0.836135;0.664481
0.885598;0.721637
0.923534;0.734603
0.950558;0.799995
0.967692;0.786133
0.976176;0.983505
0.977415;0.993743
0.972977;0.909655
0.964633;0.937506
0.954444;0.971423
0.944885;0.962777
0.938915;0.938796
0.939803;1.02674
0.950487;0.84908
0.972517;0.887674
1.00491;0.828298
1.04345;0.90915
1.08133;0.920048
1.11188;0.911184
1.13156;0.993049
1.14062;1.03938
1.14177;1.08576
1.1384;1.0156
1.13368;1.11633
1.13007;0.992482
1.12916;1.15199
1.13163;0.999093
1.13724;1.06111
1.14486;0.962913
1.1526;1.15266
1.15781;1.27488
1.15706;1.10864
1.14646;1.10419
1.12314;1.01912
1.08739;1.04555
1.04293;1.15339
0.994733;1.02346
0.947008;1.14451
0.902503;1.13363
0.862636;0.979598
0.827769;0.967891
0.797457;0.942177
0.770703;0.846011
0.746259;0.95912
0.72295;0.888869
0.699957;0.821314
0.677017;0.825151
0.654505;0.767922
0.633503;0.736767
0.615922;0.787596
0.604672;0.721585
0.603592;0.677354
0.616642;0.666243
0.646097;0.648333
0.690737;0.662814
0.745861;0.711533
0.805436;0.676867
0.86438;0.707273
0.919468;0.759935
0.969081;0.794559
1.01259;0.858092
1.04987;0.909622
1.08095;0.950474
1.106;0.926447
1.12526;1.00007
1.13918;1.06101
1.14849;0.95493
1.15438;1.07862
1.15859;1.08857
1.16343;1.09842
1.1715;1.13416
1.18489;1.13733
1.20391;1.09899
1.22598;1.08711
1.24536;1.28945
1.25505;1.17123
1.25001;1.33941
1.22922;1.11499
1.19503;1.12738
1.1513;1.01763
1.10192;1.0888
1.05012;1.20731
0.998316;1.07979
0.948228;1.15828
0.900916;1.07828
0.856847;1.04839
0.815879;1.0281
0.777262;0.894133
0.739814;0.95182
0.702367;0.884446
0.664384;0.81317
0.62634;0.848766
0.5896;0.800259
0.556006;0.760665
0.527619;0.714285
0.506771;0.711789
0.496237;0.678968
0.499179;0.62788
0.518475;0.660616
0.555303;0.596215
0.607738;0.651913
0.670776;0.632638
0.73809;0.638056
0.804095;0.671111
0.864921;0.671624
0.918298;0.739355
0.963017;0.745752
0.998505;0.870389
1.02468;0.876017
1.04196;0.826373
1.05126;0.99309
1.05394;0.923965
1.05175;0.940835
1.04681;1.00496
1.0416;1.04736
1.03898;1.09154
1.04191;1.12895
1.05286;0.978246
1.07294;0.893316
1.10094;0.968303
1.13256;1.08112
1.16082;1.03722
1.17858;0.928118
1.18193;1.08384
1.17131;1.08775
1.15014;1.1459
1.12269;1.22655
1.09287;1.02391
1.06372;1.04934
1.03733;1.18986
1.01488;0.954629
0.996572;1.02573
0.981574;1.04072
0.968006;1.03707
0.95312;0.965989
0.933832;0.993516
0.907712;0.839611
0.874181;0.916075
0.835036;0.972425
0.793689;0.930438
0.75384;0.90005
0.718698;0.786664
0.690841;0.754366
0.672244;0.825387
0.664157;0.795816
0.666852;0.726945
0.679472;0.746151
0.700198;0.747927
0.726754;0.733679
0.75703;0.745679
0.789594;0.727731
0.823982;0.737325
0.86066;0.800342
0.900484;0.773376
0.943587;0.83115
0.988328;0.898008
1.03151;0.872068
1.06995;0.847958
1.10184;0.988915
1.12702;0.949969
1.14657;1.00111
1.16226;1.05202
1.17607;1.05658
1.18977;0.990615
1.20466;1.19317
1.2213;1.02826
1.23946;1.0941
1.25818;1.22069
1.27583;1.11018
1.29015;1.15567
1.29808;1.35221
1.29581;1.17832
1.27987;1.23748
1.2491;1.22742
1.20563;1.25135
1.15361;1.21203
1.09723;1.04478
1.03964;1.18559
0.982825;1.12564
0.927792;1.08753
0.874855;1.08372
0.823922;1.01914
0.774756;1.02894
0.727182;0.72589
0.681201;0.952805
0.637013;0.917467
0.594992;0.844844
0.555662;0.811658
0.519742;0.798473
0.488262;0.733973
0.462745;0.68545
0.445411;0.624932
0.439317;0.644305
0.44813;0.61196
0.475083;0.588724
0.521042;0.623309
0.582904;0.604526
0.654068;0.617397
0.726882;0.61455
0.795009;0.643067
0.854384;0.659855
0.903034;0.67886
0.940475;0.768331
0.967152;0.847492
0.984031;0.879036
0.992367;0.879635
0.993593;0.909808
0.989312;0.840496
0.981362;0.987732
0.971921;0.860356
0.963615;1.07583
0.959496;1.05056
0.962719;0.95955
0.975819;0.973749
0.999743;0.936107
1.03287;0.880447
1.07038;0.857117
1.10515;0.887083
1.13069;0.904472
1.14417;0.904409
1.14668;1.07443
1.14144;0.966598
1.13214;1.13545
1.12202;1.0883
1.11352;1.05631
1.10819;0.925975
1.10664;1.12001
1.10849;1.10883
1.1124;0.902737
1.11614;1.11103
1.11669;1.08228
1.11039;1.08929
1.09369;1.04183
1.0649;1.03872
1.02565;0.912295
0.980236;1.14868
0.933442;1.11363
0.888995;1.06539
0.84926;0.820346
0.815421;0.939549
0.787678;0.960134
0.765424;0.989279
0.747459;0.904482
0.732285;0.868329
0.71847;0.819447
0.704996;0.797612
0.691533;0.760537
0.678611;0.722556
0.667743;0.744521
0.661554;0.75547
0.663737;0.724376
0.678335;0.66699
0.707903;0.731871
0.751453;0.759583
0.804333;0.686027
0.860541;0.725268
0.915215;0.747407
0.96556;0.767803
1.01049;0.843655
1.04992;0.903387
1.08418;0.847808
1.11368;1.00872
1.13875;0.980003
1.15969;0.989825
1.17677;1.12061
1.19044;1.05034
1.20147;1.18593
1.21109;1.11618
1.22108;1.28067
1.23336;1.18366
1.24903;1.07834
1.26693;1.18188
1.28264;1.1936
1.28962;1.14488
1.28252;1.14333
1.2597;1.37732
1.22302;1.20229
1.17606;1.19491
1.12254;1.40503
1.0656;0.978808
1.00764;1.20228
0.950411;1.20496
0.8951;1.02105
0.842441;1.04589
0.792758;0.81057
0.745986;0.862494
0.701718;0.893435
0.659372;0.857365
0.618524;0.836532
0.579262;0.829858
0.542302;0.739152
0.508851;0.75627
0.480463;0.700652
0.459099;0.61429
0.447355;0.64208
0.448589;0.640978
0.46648;0.621032
0.503526;0.61347
0.558798;0.598724
0.62693;0.621483
0.699944;0.59893
0.770433;0.631234
0.833441;0.661535
0.886494;0.71068
0.928807;0.717694
0.960528;0.797551
0.9823;0.912625
0.995085;0.897264
1.00011;1.01041
0.998832;1.0257
0.992962;0.970096
0.984492;0.913307
0.975806;0.987995
0.969747;1.04198
0.96949;0.965136
0.978019;0.917412
0.997174;0.938385
1.02653;0.943872
1.06251;0.927527
1.09858;0.962129
1.12757;0.944623
1.14497;0.977607
1.15035;1.01089
1.14622;1.00931
1.13624;1.06746
1.12394;0.973677
1.11218;1.19303
1.10298;1.0829
1.09743;1.19467
1.09566;0.97388
1.09681;1.06795
1.09905;1.03113
1.09963;0.966511
1.09506;1.05507
1.08161;0.992376
1.05673;0.971766
1.02083;1.06198
0.9774;1.21602
0.931184;1.00982
0.886307;0.959756
0.845644;1.03808
0.810872;0.988589
0.782658;0.909557
0.760787;0.810638
0.744314;0.931071
0.731806;0.838125
0.721673;0.803226
0.712556;0.71697
0.703673;0.844796
0.69509;0.774583
0.687903;0.759595
0.684386;0.782589
0.687977;0.720837
0.702674;0.783176
0.731322;0.741214
0.773457;0.696576
0.824829;0.725408
0.879527;0.750086
0.932616;0.775597
0.981264;0.831499
1.02445;0.814718
1.06224;0.804715
1.09515;0.964403
1.12375;0.975677
1.14854;0.985965
1.16985;1.02112
1.18799;1.05717
1.20329;1.03112
1.21635;1.20546
1.22814;1.09426
1.24007;1.05795
1.25367;1.13641
1.26956;0.984283
1.28603;1.15383
1.29822;1.31131
1.29977;1.28104
1.28636;1.40352
1.25759;1.1556
1.21612;1.11224
1.16568;1.34811
1.10976;1.18421
1.05118;1.19072
0.992034;1.29332
0.933806;1.3118
0.877514;1.08036
0.823789;1.12545
0.772926;0.895693
0.72491;0.908746
0.679471;0.876261
0.636223;0.898019
0.594942;0.774164
0.555841;0.731841
0.519665;0.747117
0.487584;0.737043
0.461139;0.724741
0.442371;0.653112
0.43406;0.641314
0.439774;0.602372
0.463203;0.620391
0.506304;0.630777
0.566983;0.578797
0.638649;0.596629
0.712785;0.618976
0.782232;0.628856
0.84264;0.684546
0.892139;0.69317
0.930419;0.77474
0.957987;0.849209
0.975759;0.847529
0.984897;0.866906
0.986767;0.931902
0.982924;0.912417
0.975148;0.916259
0.965519;0.909725
0.956535;0.97949
0.951163;0.949073
0.952642;0.974956
0.963827;0.948116
0.986139;0.998489
1.01843;0.907789
1.05632;0.895462
1.09286;0.977048
1.1214;1.04888
1.13852;0.91761
1.1447;1.04351
1.14276;1.04779
1.13624;1.17448
1.1284;1.05288
1.12175;1.2136
1.11795;1.20927
1.11772;1.18371
1.12085;1.05849
1.12618;1.20095
1.1317;1.12291
1.1346;1.09768
1.13131;0.9621
1.11802;1.0563
1.09234;1.0857
1.05511;1.02223
1.01028;1.1072
0.962754;0.950748
0.916539;0.982494
0.874248;1.12724
0.837246;0.950319
0.805874;0.910935
0.779657;0.892496
0.757529;0.810598
0.738113;0.902397
0.720071;0.901302
0.702418;0.788448
0.684777;0.801058
0.667527;0.816353
0.651907;0.766187
0.640155;0.737554
0.635607;0.703416
0.642352;0.696245
0.663914;0.687499
0.70112;0.68207
0.750885;0.717972
0.807468;0.708537
0.865139;0.741009
0.919906;0.774327
0.96971;0.778633
1.01383;0.783391
1.05224;0.850946
1.08518;0.934841
1.11289;0.997889
1.13564;0.978464
1.15369;1.04326
1.16746;0.95047
1.17768;1.04645
1.18553;1.12146
1.19279;1.12267
1.20168;1.05845
1.21429;0.89192
1.23139;1.14493
1.25101;1.17099
1.26793;1.09561
1.27536;1.06882
1.26823;1.172
1.24536;1.2261
1.20896;1.11949
1.16273;1.34067
1.11043;1.203
1.05521;1.28721
0.999455;1.21975
0.944881;1.17106
0.892617;0.994068
0.84329;0.91856
0.797041;0.93982
0.753538;0.853671
0.712063;0.89777
0.67179;0.898219
0.632251;0.786879
0.5937;0.824564
0.557128;0.818642
0.524008;0.743838
0.496111;0.627901
0.475582;0.642953
0.465154;0.669144
0.468185;0.678442
0.488056;0.639465
0.526591;0.606205
0.582135;0.578036
0.649142;0.597517
0.720191;0.605507
0.7887;0.640261
0.850306;0.678262
0.902748;0.736922
0.945168;0.771602
0.977497;0.819544
1.00015;0.844112
1.01392;0.951022
1.01994;0.929502
1.01968;1.00057
1.01485;0.956636
1.00754;1.0068
1.0002;0.93817
0.995727;1.06318
0.997221;1.0078
1.00744;1.03663
1.02782;1.04261
1.05743;1.00576
1.09214;1.0299
1.12505;0.970262
1.14905;1.01912
1.16014;1.03079
1.15854;1.13614
1.14725;1.03751
1.13021;1.0864
1.11107;1.06716
1.09272;1.01603
1.07719;1.24236
1.06555;1.17385
1.05791;1.16115
1.05334;1.0035
1.04983;1.06451
1.04446;1.16366
1.03368;1.0054
1.01423;0.92665
0.984574;1.10122
0.946117;0.963806
0.902669;1.09776
0.858624;0.970104
0.817645;1.02677
0.782333;0.996105
0.754323;0.884632
0.734348;0.896375
0.722251;0.947747
0.717046;0.900312
0.717136;0.76045
0.720696;0.862263
0.726117;0.76405
0.732451;0.789783
0.739759;0.749759
0.74935;0.761812
0.763784;0.751657
0.786303;0.811119
0.819264;0.802831
0.862103;0.798524
0.910878;0.732818
0.960322;0.812024
1.00633;0.840379
1.0469;0.816188
1.08181;0.833788
1.1118;0.903272
1.13797;0.977814
1.16138;0.983058
1.1828;1.06452
1.20272;0.990867
1.2214;1.08781
1.23901;1.15893
1.25575;1.12919
1.27187;1.10977
1.28758;1.25329
1.30247;1.26578
1.31438;1.26624
1.3188;1.21749
1.31048;1.33083
1.28674;1.18864
1.24885;1.36108
1.2004;1.12665
1.14527;1.23427
1.08658;1.26894
1.02654;1.18383
0.966627;1.01077
0.907828;1.21847
0.850801;1.11331
0.795988;0.938668
0.743668;0.943677
0.693983;0.947754
0.646977;0.883618
0.602656;0.86539
0.561108;0.765482
0.522675;0.788878
0.488068;0.697143
0.458418;0.718602
0.43535;0.636475
0.42116;0.651019
0.418998;0.635622
0.432659;0.615598
0.465434;0.587085
0.517841;0.593887
0.585692;0.595751
0.660908;0.622108
0.734862;0.59534
0.801243;0.634452
0.856745;0.677193
0.900344;0.747626
0.932351;0.760102
0.953727;0.836331
0.965726;0.831424
0.969749;0.941126
0.96732;0.919724
0.960115;0.98234
0.95004;1.03604
0.939345;0.92598
0.930738;0.928715
0.927367;0.913506
0.932448;1.01781
0.948421;0.885172
0.975819;0.903013
1.01226;0.885117
1.05218;0.915179
1.08848;0.8202
1.11569;0.934181
1.13211;0.999561
1.13931;1.01914
1.14043;1.0429
1.13873;1.217
1.13698;1.08319
1.13717;1.07388
1.14036;1.11916
1.1467;1.23613
1.15548;1.04286
1.16525;1.13263
1.17388;1.07974
1.17853;1.03965
1.17553;1.24657
1.16109;1.20554
1.13319;0.994477
1.09353;1.25493
1.04667;1.07598
0.997496;1.11372
0.949661;1.06315
0.905313;1.12246
0.865349;1.07042
0.829725;0.980403
0.797739;0.927926
0.768326;0.775062
0.740377;0.808369
0.713026;0.854206
0.685853;0.803729
0.658966;0.850329
0.633028;0.7578
0.609316;0.794625
0.589882;0.705142
0.577736;0.698538
0.576718;0.699772
0.590603;0.707813
0.621333;0.651539
0.667385;0.685996
0.72397;0.683598
0.785116;0.680785
0.845767;0.735779
0.902595;0.751957
0.953768;0.761252
0.998414;0.811267
1.03618;0.821804
1.06699;0.928506
1.09098;0.906103
1.10849;0.919732
1.12012;1.07643
1.12683;1.10029
1.13003;1.02554
1.13171;1.04854
1.13437;1.03855
1.14081;1.12016
1.15327;1.0943
1.17242;1.08804
1.1962;1.21519
1.21937;1.10184
1.23479;0.928233
1.23652;1.1305
1.22241;1.12218
1.19419;1.06262
1.15563;1.30382
1.1108;1.23326
1.0632;1.19053
1.01551;1.14955
0.969611;1.1212
0.926662;1.1002
0.88715;1.05404
0.850835;0.89518
0.816731;1.02214
0.783294;1.04835
0.748927;0.858849
0.712729;0.902276
0.67503;0.862173
0.637331;0.761378
0.601761;0.761326
0.570636;0.756072
0.546371;0.750091
0.531609;0.793333
0.529209;0.703009
0.541767;0.68094
0.570573;0.663588
0.614504;0.647409
0.669872;0.633792
0.731577;0.661773
0.794715;0.659358
0.855538;0.683651
0.91153;0.717061
0.96101;0.757875
1.00277;0.819665
1.03597;0.89552
1.06033;0.950031
1.07622;0.940033
1.08468;1.02603
1.08726;1.06811
1.08595;1.00378
1.08316;1.11538
1.08159;1.12742
1.08404;1.08027
1.09294;0.913462
1.10967;1.10525
1.13368;0.97001
1.16174;0.962045
1.1878;1.20793
1.20459;1.20013
1.2068;0.933162
1.19339;1.01664
1.1671;1.11856
1.13236;1.02142
1.09355;1.06051
1.05416;1.05165
1.01668;1.13841
0.982633;1.00313
0.952609;1.18503
0.926278;0.97779
0.902361;1.01699
0.878789;0.832848
0.853148;0.898304
0.823462;0.924086
0.789065;0.888415
0.751047;0.867356
0.711861;0.826134
0.674486;0.92542
0.641837;0.850107
0.616643;0.774087
0.601467;0.724426
0.598508;0.743948
0.609074;0.693169
0.632967;0.685794
0.668297;0.679047
0.712012;0.653502
0.760841;0.725219
0.812064;0.699861
0.863789;0.722449
0.914755;0.720516
0.963825;0.771818
1.0095;0.832708
1.04987;0.966614
1.08321;0.997595
1.10861;0.849305
1.12633;1.10597
1.13756;0.967564
1.14421;1.00625
1.14863;1.04608
1.15333;1.10686
1.16064;1.08946
1.17228;1.06706
1.18888;1.04501
1.20955;1.10948
1.23153;1.09095
1.25026;1.11131
1.26013;1.1067
1.25626;1.25908
1.23647;1.1417
1.20217;1.23318
1.1573;1.20565
1.10648;1.27475
1.05363;1.33323
1.00157;1.13823
0.952004;1.20251
0.905707;1.09757
0.862657;1.04436
0.822183;0.884424
0.783213;0.830194
0.744632;0.903606
0.705704;0.904218
0.666371;0.796647
0.627312;0.832036
0.589773;0.711914
0.555361;0.7875
0.525981;0.701984
0.503954;0.682539
0.49217;0.707656
0.493973;0.669715
0.512369;0.631824
0.548511;0.678941
0.600356;0.602646
0.662907;0.623597
0.730035;0.628333
0.79634;0.674067
0.857941;0.655662
0.912352;0.679469
0.958095;0.785816
0.994429;0.793422
1.02123;0.893482
1.03893;0.890847
1.04847;0.990006
1.05121;0.961428
1.04887;1.05779
1.04354;1.06273
1.03776;1.0033
1.03444;1.07409
1.0366;1.06719
1.04676;0.91434
1.06614;0.999853
1.09374;1.01853
1.12559;0.996887
1.15497;0.978387
1.17456;0.973323
1.17994;1.05023
1.17114;1.03021
1.15142;1.00934
1.12508;1.18824
1.09613;1.08503
1.0677;1.32794
1.04198;1.18864
1.02024;1.15203
1.00277;1.02194
0.988782;1.19647
0.976413;0.993938
0.962896;0.965729
0.945068;1.03165
0.920327;0.946316
0.887829;0.966597
0.849149;0.960668
0.807653;0.900663
0.767147;0.987229
0.730973;0.950166
0.701793;0.955301
0.681623;0.813347
0.671732;0.836965
0.672427;0.743261
0.682898;0.716286
0.701375;0.699921
0.725605;0.743622
0.753473;0.764932
0.78353;0.719481
0.815322;0.738662
0.849412;0.784079
0.886921;0.755696
0.928449;0.821667
0.97282;0.818189
1.01695;0.846946
1.05732;0.882998
1.09161;0.974821
1.11922;0.802684
1.14098;0.935618
1.15849;1.04502
1.17367;1.0685
1.18828;0.987436
1.20364;1.18761
1.22037;1.04197
1.2384;1.06932
1.25697;1.16954
1.27477;1.01917
1.28995;1.14102
1.29993;1.25846
1.30122;1.18169
1.29;1.32829
1.264;1.30626
1.22427;1.18374
1.17448;1.28405
1.11895;1.3241
1.0612;1.11427
1.00354;1.25302
0.947272;1.1988
0.892905;1.01209
0.840504;1.03623
0.789938;0.890235
0.741084;0.877278
0.69395;0.868931
0.648706;0.810956
0.605657;0.798675
0.565232;0.763111
0.528019;0.79397
0.494873;0.682887
0.467085;0.716662
0.446579;0.654977
0.43609;0.680174
0.439131;0.639545
0.459315;0.57756
0.498688;0.615346
0.555731;0.585746
0.624869;0.582772
0.698366;0.640629
0.769059;0.616695
0.831957;0.63349
0.884403;0.683325
0.925515;0.743498
0.95554;0.807245
0.975357;0.852216
0.986176;0.811504
0.989394;0.92457
0.986554;0.884486
0.979397;1.01523
0.969958;0.898294
0.960684;1.00888
0.954489;0.928576
0.954561;0.892554
0.963789;0.969988
0.983851;0.993787
1.01419;1.00007
1.0512;0.949714
1.08836;0.918989
1.11855;0.938531
1.13746;0.99731
1.14486;1.00036
1.14338;1.01811
1.13663;1.14769
1.128;1.17121
1.12021;1.14693
1.11509;1.01981
1.11357;1.08706
1.11559;1.14078
1.12015;1.02882
1.12537;1.22688
1.12856;1.06225
1.12627;1.19447
1.11474;0.974047
1.0912;1.14992
1.05584;1.06133
1.01214;1.11367
0.964992;0.995607
0.918666;0.991537
0.876046;1.11192
0.838718;1.06585
0.8072;1.08459
0.781145;0.867353
0.759552;0.971465
0.741038;0.885074
0.72418;0.844217
0.707861;0.773581
0.691547;0.789812
0.675466;0.819367
0.660713;0.787669
0.649379;0.776953
0.644656;0.7857
0.65058;0.757032
0.670832;0.727256
0.706602;0.764088
0.755165;0.736664
0.81092;0.733428
0.868071;0.742213
0.922507;0.738733
0.972089;0.787146
1.01609;0.79453
1.0545;0.846327
1.08759;0.897253
1.11567;0.958982
1.13899;0.984359
1.15781;1.08555
1.17251;1.01902
1.18372;1.05942
1.19253;1.08243
1.20056;0.954367
1.20993;1.13772
1.22265;1.08104
1.23948;1.02776
1.25847;1.16848
1.27444;1.19673
1.28068;1.12073
1.27225;1.23454
1.24813;1.19311
1.21061;1.10001
1.16339;1.18833
1.11019;1.23881
1.05409;1.28639
0.997437;1.15413
0.941921;1.15213
0.888654;1.22051
0.838268;1.06489
0.790941;0.981525
0.74641;0.858609
0.704049;0.892994
0.663125;0.826702
0.623218;0.861686
0.584574;0.787006
0.548127;0.750778
0.515278;0.729444
0.487743;0.712938
0.467643;0.671787
0.457729;0.662666
0.461418;0.708673
0.482179;0.626841
0.521878;0.632013
0.578745;0.608192
0.646965;0.612645
0.718834;0.597722
0.787623;0.660749
0.84897;0.665518
0.900714;0.711044
0.942131;0.771704
0.973296;0.818083
0.994745;0.879841
1.00737;0.807771
1.01237;0.915179
1.01121;0.99213
1.00566;0.885573
0.997765;0.998464
0.990012;1.02183
0.985307;1.11462
0.986795;0.922521
0.997259;0.96711
1.01813;0.947633
1.04842;0.945608
1.0839;0.962035
1.11763;0.992607
1.14263;0.969821
1.15504;0.923435
1.15516;1.04174
1.14599;0.935711
1.13137;1.03546
1.11484;1.07437
1.09924;1.17127
1.08649;1.19736
1.07761;1.03494
1.07262;1.1143
1.07053;0.996039
1.0693;0.994226
1.06598;1.09586
1.05698;1.10941
1.03889;1.03853
1.00999;1.05669
0.971634;1.10612
0.927734;1.08422
0.882812;1.01466
0.84061;1.02346
0.803717;0.90462
0.773677;0.751367
0.751104;0.897339
0.735729;0.888108
0.726517;0.878759
0.721896;0.819391
0.720129;0.754908
0.719738;0.879737
0.719902;0.790954
0.720783;0.80462
0.723747;0.750902
0.73144;0.745802
0.74742;0.797449
0.774836;0.765428
0.814268;0.775389
0.862542;0.81148
0.9142;0.767835
0.964248;0.816315
1.00972;0.749811
1.04961;0.901489
1.0842;0.945562
1.11429;0.963033
1.14078;1.0158
1.16441;0.996334
1.18567;1.13958
1.2049;1.04146
1.22236;1.0193
1.23836;1.19194
1.25342;1.18984
1.26824;1.21508
1.28345;1.08175
1.29863;1.24296
1.31101;1.23694
1.31531;1.17438
1.30617;1.17712
1.28148;1.19229
1.24292;1.17116
1.19413;1.23819
1.1388;1.29315
1.07994;1.26619
1.01976;1.25453
0.9598;1.08804
0.901115;1.00668
0.844428;1.04492
0.790195;1.03053
0.738653;0.943954
0.689861;0.965811
0.643738;0.871995
0.600176;0.837273
0.559231;0.825658
0.5213;0.768504
0.487203;0.65372
0.458163;0.715899
0.435878;0.703214
0.422726;0.694531
0.421944;0.571585
0.437383;0.60183
0.472207;0.615903
0.526507;0.590852
0.595526;0.589581
0.670882;0.595515
0.744105;0.633798
0.809284;0.625762
0.863475;0.666011
0.905872;0.749023
0.936865;0.73858
0.957421;0.825614
0.968768;0.876879
0.972292;0.820898
0.969514;0.96544
0.962125;0.915848
0.952055;0.886735
0.941594;0.936477
0.9335;0.945509
0.93096;0.873787
0.937165;0.844462
0.954408;1.01188
0.982928;0.910523
1.01994;0.952803
1.05956;0.879874
1.09467;0.96041
1.12018;1.01547
1.13484;0.946908
1.14048;1.0121
1.14033;1.10954
1.13765;1.10376
1.13518;0.993486
1.13481;1.14017
1.13755;1.10606
1.14348;1.0301
1.15182;1.01099
1.16102;1.17699
1.16884;1.04567
1.17228;1.16942
1.16759;1.03252
1.15107;1.13231
1.12123;1.16606
1.08027;1.11082
1.03295;1.03154
0.984021;1.13969
0.936932;1.11423
0.893658;1.10338
0.854977;0.946665
0.820754;0.926329
0.790219;0.975304
0.762253;0.998341
0.735714;0.954035
0.70972;0.90765
0.683859;0.839381
0.658277;0.69094
0.633717;0.815027
0.61159;0.741768
0.594151;0.689916
0.584643;0.745411
0.587035;0.698873
0.604897;0.727565
0.639486;0.695593
0.688386;0.721373
0.746262;0.680915
0.807198;0.678391
0.866568;0.67577
0.921528;0.726523
0.970623;0.726552
1.01323;0.825794
1.04914;0.887962
1.07837;0.948084
1.10107;0.949759
1.11762;0.954588
1.12864;0.891532
1.13512;1.04918
1.13854;0.984682
1.14096;1.04643
1.14496;1.09664
1.15324;1.08325
1.16768;0.97942
1.18824;1.08991
1.21184;1.06424
1.23241;1.07108
1.24288;1.235
1.23842;1.14435
1.21832;1.04967
1.18517;1.12338
1.14298;1.21276
1.09565;1.23786
1.04641;1.3229
0.997636;1.0598
0.950977;1.10926
0.9074;0.94028
0.867209;1.08543
0.830013;0.986943
0.794741;0.870252
0.759896;0.87825
0.724131;0.842022
0.686942;0.826104
0.649026;0.813592
0.612042;0.790477
0.578095;0.72192
0.549439;0.787659
0.528519;0.774114
0.518099;0.660284
0.521149;0.647698
0.540128;0.615915
0.575733;0.692744
0.625866;0.613082
0.685904;0.626985
0.75028;0.626653
0.814122;0.653882
0.873967;0.738503
0.927614;0.765632
0.973665;0.819264
1.01121;0.871547
1.0398;0.861188
1.05954;0.960369
1.07119;0.89487
1.07603;0.928502
1.07581;1.04592
1.07267;1.10454
1.06912;0.969149
1.06798;1.0297
1.07206;1.10312
1.0836;1.07555
1.10347;0.887132
1.13025;0.898742
1.15956;1.05669
1.18449;1.09497
1.19803;1.0603
1.19634;1.1005
1.18001;1.14858
1.15265;1.15745
1.11875;1.06188
1.08232;1.1816
1.04646;1.21129
1.01327;1.03273
0.983917;0.955227
0.958643;1.07189
0.936697;1.03813
0.916361;0.916659
0.895186;0.960927
0.870564;0.856558
0.840662;0.930221
0.805336;0.899783
0.76636;0.937922
0.726718;0.847506
0.68963;0.898517
0.65805;0.855365
0.634611;0.863847
0.621609;0.747616
0.62074;0.718196
0.632616;0.748037
0.656392;0.690693
0.689887;0.747514
0.730241;0.715441
0.774733;0.714841
0.821329;0.685903
0.868827;0.726267
0.916563;0.742068
0.963794;0.785348
1.00906;0.824413
1.05016;0.917101
1.08492;0.884195
1.11216;0.895527
1.13197;1.06624
1.14553;1.008
1.15474;1.01061
1.16189;1.14865
1.16933;1.10882
1.17912;1.09157
1.19256;0.980434
1.2099;1.03337
1.23003;1.09632
1.25029;1.04046
1.26668;1.09711
1.27436;1.1315
1.26891;1.11598
1.24805;1.22516
1.2127;1.22007
1.16648;1.29439
1.11392;1.24333
1.05897;1.17159
1.00447;1.08842
0.95213;1.1841
0.902708;1.1308
0.856219;1.0796
0.812127;0.9632
0.769616;0.819437
0.727916;0.896575
0.686608;0.814145
0.645795;0.779339
0.60609;0.835349
0.5685;0.795317
0.534326;0.67765
0.505197;0.693811
0.483237;0.713968
0.471257;0.624382
0.472699;0.641001
0.490908;0.622222
0.527521;0.605886
0.580809;0.60291
0.645605;0.591081
0.715191;0.636297
0.783495;0.657618
0.846159;0.669577
0.900524;0.707789
0.945217;0.772392
0.979787;0.813852
1.00446;0.870798
1.01996;0.910092
1.02742;0.890977
1.02827;0.975632
1.0242;0.952963
1.0173;1.01469
1.01004;1.0119
1.00532;1.03222
1.00626;0.978901
1.01558;0.996796
1.03476;0.957699
1.06308;0.914828
1.09685;1.12676
1.12946;1.01942
1.15355;0.947414
1.1645;0.952365
1.16205;1.0991
1.14917;1.0793
1.12994;1.07462
1.1082;1.04812
1.08701;1.2764
1.06855;1.01924
1.05404;1.13186
1.04373;0.973032
1.03679;1.04824
1.0313;1.10907
1.0244;0.890313
1.01263;0.969777
0.992817;1.10843
0.963386;0.908794
0.925528;0.999344
0.882807;0.984562
0.839516;0.907268
0.799364;0.960713
0.765084;1.02016
0.738486;0.816148
0.720505;0.828304
0.711154;0.739021
0.709537;0.806606
0.714035;0.710934
0.722702;0.836447
0.733754;0.754533
0.746044;0.725939
0.759448;0.737567
0.775083;0.764883
0.795247;0.715456
0.822726;0.777809
0.859185;0.798039
0.903381;0.759658
0.951186;0.799144
0.997784;0.793602
1.03983;0.874301
1.07603;0.88715
1.10668;0.879788
1.13285;0.922745
1.15588;0.95391
1.17693;1.01341
1.19681;1.06257
1.21593;1.02432
1.23445;1.12691
1.25233;1.0837
1.26952;1.19692
1.28589;1.12863
1.30093;1.08396
1.31302;1.20725
1.31863;1.22587
1.31285;1.11741
1.29215;1.32983
1.25673;1.16303
1.20987;1.28823
1.15565;1.24079
1.09749;1.39951
1.03784;1.07922
0.97821;0.894801
0.919572;1.09195
0.862519;0.925528
0.80745;1.02195
0.754648;0.910865
0.704309;0.921516
0.656563;0.933655
0.611506;0.847844
0.569267;0.763674
0.530141;0.803217
0.494722;0.66875
0.464017;0.682142
0.439537;0.665101
0.423456;0.6878
0.41878;0.61895
0.429225;0.610966
0.458256;0.573987
0.507022;0.592503
0.572278;0.604383
0.646591;0.574793
0.721279;0.598932
0.789486;0.618608
0.847308;0.657203
0.893299;0.707806
0.927541;0.773911
0.950906;0.781014
0.964621;0.795984
0.970076;0.899893
0.968776;0.996146
0.962363;0.937715
0.952693;0.853346
0.941947;1.00731
0.932749;0.922312
0.928176;0.890287
0.931464;0.95662
0.945259;0.837296
0.970534;0.956698
1.00553;0.899395
1.04528;0.987505
1.08271;0.90734
1.11181;0.972425
1.13009;0.948647
1.13866;1.06003
1.14049;1.04967
1.13891;1.05151
1.13682;1.04749
1.13636;1.14105
1.13878;1.24155
1.14442;1.32659
1.15271;1.11604
1.16233;1.09007
1.17126;1.04104
1.1768;0.978999
1.17543;1.16486
1.16328;1.13467
1.13783;0.957815
1.10006;1.17549
1.05417;1.23294
1.00515;1.1268
0.956946;1.0997
0.911968;0.971215
0.871324;0.990006
0.835123;1.12098
0.802759;0.951538
0.773205;0.892513
0.745326;0.929064
0.718181;0.916038
0.691245;0.858775
0.664522;0.811534
0.63857;0.754811
0.614549;0.778137
0.594366;0.7435
0.580865;0.756074
0.577788;0.729373
0.589033;0.683614
0.616989;0.718675
0.660752;0.679354
0.715949;0.674457
0.776632;0.659923
0.83751;0.694766
0.894986;0.708116
0.947039;0.759975
0.992695;0.800457
1.03155;0.826014
1.06351;0.884269
1.08865;0.956479
1.10729;0.996165
1.11996;0.994105
1.12756;1.03228
1.13139;1.05636
1.13332;1.19757
1.13579;1.10225
1.14155;1.09088
1.15302;1.03976
1.17117;0.978799
1.1944;1.12916
1.21791;1.05774
1.23469;0.996468
1.23843;1.14966
1.22636;1.04069
1.19975;1.12647
1.16217;1.226
1.11774;1.08664
1.07006;1.14829
1.02193;1.10856
0.975319;1.17702
0.931512;1.06349
0.891099;1.05547
0.853963;0.934336
0.81925;0.983548
0.785504;0.866661
0.751118;0.921798
0.715061;0.863892
0.677472;0.884609
0.639685;0.816456
0.603747;0.776399
0.571936;0.823931
0.546635;0.731324
0.530447;0.672813
0.526234;0.708099
0.536718;0.704572
0.563485;0.673163
0.60581;0.675279
0.660285;0.682709
0.721832;0.632239
0.78536;0.70932
0.846882;0.710059
0.903703;0.741276
0.954059;0.753197
0.996715;0.784451
1.03083;0.917277
1.05606;0.911801
1.07274;0.968534
1.08182;1.03678
1.08482;1.01465
1.08367;1.0892
1.08071;1.10451
1.07862;0.887884
1.08022;1.06121
1.08805;1.04884
1.10371;0.988231
1.12697;1.05214
1.155;1.00711
1.18205;0.994416
1.20083;1.18464
1.20558;1.08902
1.19465;1.11571
1.17038;1.17266
1.13711;1.14429
1.09925;1.18055
1.06043;1.1759
1.02326;1.04122
0.989385;1.14237
0.959534;1.12965
0.933487;0.938549
0.91007;0.9888
0.887267;0.817658
0.862624;0.961822
0.833991;1.00349
0.800442;1.00689
0.762832;0.868513
0.723522;0.863268
0.685518;0.957499
0.651801;0.800228
0.62513;0.725214
0.60807;0.69869
0.602844;0.69732
0.610865;0.704643
0.632136;0.687052
0.665007;0.698522
0.706609;0.692172
0.753745;0.644373
0.803683;0.69495
0.854511;0.688759
0.905001;0.729694
0.954132;0.80979
1.00053;0.767105
1.04231;0.89868
1.07753;0.81103
1.10501;0.889142
1.12471;0.923592
1.13766;1.00611
1.14563;1.09514
1.15088;0.906097
1.1559;1.15458
1.16304;1.11613
1.17411;1.09759
1.18992;1.16008
1.20985;1.24477
1.23155;1.00112
1.25088;0.993985
1.2625;1.21846
1.26132;1.19246
1.24448;1.1812
1.2126;1.14138
1.16916;1.10385
1.11876;1.02861
1.06554;1.24205
1.01255;1.1201
0.96172;1.13335
0.913993;1.11147
0.86951;0.963415
0.827741;0.996303
0.787722;0.942233
0.748388;0.962806
0.708971;0.890586
0.669309;0.793497
0.629934;0.850592
0.591946;0.843004
0.556817;0.794521
0.526322;0.742688
0.502634;0.709164
0.488501;0.736702
0.487232;0.649208
0.502084;0.654315
0.534831;0.621807
0.584198;0.650911
0.645639;0.639185
0.712945;0.602559
0.780306;0.663781
0.843404;0.677697
0.89945;0.698812
0.946804;0.746355
0.984653;0.81308
1.01283;0.853156
1.03176;0.876981
1.04232;0.92285
1.04581;0.984508
1.0439;1.08878
1.03858;1.05961
1.0323;0.956306
1.02789;0.976043
1.02841;1.06255
1.03659;0.94761
1.05406;0.911844
1.08037;0.957037
1.11226;0.901757
1.14348;1.04644
1.16654;0.917834
1.17616;1.05147
1.17147;1.05079
1.15516;1.06593
1.13146;1.05059
1.10442;1.0102
1.07736;1.12685
1.05267;1.15663
1.03178;1.1754
1.01519;1.1301
1.00231;1.06735
0.991483;0.971925
0.980045;0.977697
0.964782;1.02057
0.942748;1.06101
0.912499;1.02647
0.875047;0.96961
0.833549;0.929533
0.791939;0.865867
0.753779;0.976075
0.721891;0.853608
0.698372;0.808994
0.684573;0.832748
0.680926;0.800084
0.686813;0.784116
0.700661;0.744566
0.720348;0.657132
0.743776;0.741789
0.769416;0.713527
0.796703;0.783084
0.826183;0.728427
0.859262;0.74188
0.897293;0.865328
0.94012;0.818655
0.985229;0.744762
1.02874;0.890627
1.06741;0.921165
1.0997;0.905418
1.12578;0.972632
1.14689;0.919811
1.16477;1.0132
1.18114;1.0092
1.19739;1.00947
1.21435;1.15331
1.2322;1.03497
1.25058;1.1269
1.26867;1.09257
1.2853;1.27417
1.29872;1.27794
1.30627;1.03062
1.30415;1.20451
1.28856;1.38815
1.25808;1.24679
1.21475;1.5039
1.16269;1.48174
1.10598;1.13643
1.0477;1.11357
0.989765;1.18927
0.933174;1.08366
0.878334;1.06202
0.82533;1.12736
0.774155;0.952885
0.724842;0.946153
0.677518;0.917465
0.632398;0.77633
0.589775;0.771106
0.550043;0.827898
0.513786;0.719951
0.481917;0.699666
0.455845;0.633847
0.437662;0.624386
0.43029;0.682181
0.437356;0.624688
0.462322;0.625191
0.506623;0.629839
0.567773;0.577888
0.639343;0.600132
0.713289;0.612946
0.782696;0.606788
0.843107;0.656693
0.892421;0.698174
0.930201;0.773449
0.956991;0.792456
0.973845;0.86929
0.982071;0.904062
0.98312;0.881421
0.978585;0.941697
0.970271;1.0061
0.960297;0.968703
0.95122;0.984032
0.946046;0.969952
0.947971;0.993431
0.959717;0.949995
0.982555;0.975409
1.01528;0.925968
1.0535;0.903688
1.0903;0.975155
1.11903;0.903538
1.13637;1.08286
1.14294;0.962472
1.14168;1.11066
1.13615;1.07465
1.12952;1.23851
1.12424;1.07117
1.12188;1.20613
1.12307;1.18864
1.12748;1.12126
1.1339;1.04332
1.14028;1.11282
1.14383;1.16736
1.14103;0.967109
1.12809;1.12016
1.10259;1.18708
1.06534;1.05142
1.02032;1.19349
0.972504;1.08142
0.925905;1.0976
0.883115;0.91807
0.845434;0.946091
0.813135;0.883204
0.785688;0.939105
0.762006;0.918515
0.740743;0.917853
0.720634;0.866176
0.7008;0.859214
0.680966;0.826875
0.661573;0.830807
0.643858;0.781636
0.62999;0.777241
0.623196;0.774508
0.627517;0.756961
0.646631;0.731054
0.68179;0.692599
0.730389;0.666016
0.786905;0.687643
0.845465;0.723075
0.901751;0.730221
0.953367;0.817394
0.999328;0.797384
1.03942;0.860179
1.07374;0.851182
1.10247;0.986632
1.12582;0.979607
1.14406;1.00333
1.15762;0.956186
1.16725;1.08053
1.17418;1.0171
1.18021;1.08394
1.18764;1.10292
1.1988;1.04824
1.21498;1.21572
1.23501;1.10706
1.25449;1.10542
1.26669;1.05244
1.26557;1.09681
1.24863;1.09287
1.21714;1.14833
1.17456;1.22543
1.12479;1.14595
1.07127;1.22194
1.01667;1.15608
0.962947;1.07824
0.911404;1.07332
0.862792;1.14623
0.817339;0.948189
0.774739;0.961607
0.734219;0.959394
0.694798;0.796024
0.655764;0.817783
0.617148;0.790023
0.579828;0.754686
0.545279;0.752385
0.515285;0.711832
0.49193;0.725588
0.477772;0.617023
0.475967;0.69541
0.489895;0.620342
0.521907;0.63086
0.571484;0.603786
0.634309;0.612276
0.703578;0.655629
0.772562;0.636486
0.836356;0.660035
0.892121;0.665509
0.938527;0.717856
0.975135;0.805122
1.00205;0.886166
1.0198;0.837344
1.02934;0.974041
1.03197;0.933034
1.02933;0.990866
1.02339;0.979526
1.01648;1.04784
1.01136;0.988497
1.01108;0.97591
1.01853;1.03037
1.0356;0.880518
1.06212;0.943886
1.09497;0.966538
1.12794;0.93737
1.15354;0.926666
1.16651;1.1072
1.1658;0.948913
1.15388;1.11127
1.13468;1.16153
1.11213;1.1918
1.08947;1.11088
1.06906;1.20759
1.05232;1.11556
1.03974;1.0313
1.03075;1.15363
1.02374;1.15164
1.01605;1.00414
1.00436;1.04862
0.98538;0.858784
0.957191;0.977647
0.920488;0.955725
0.878476;0.968999
0.835344;0.948147
0.794867;0.964938
0.759917;0.849595
0.73249;0.89563
0.713752;0.876995
0.703981;0.823835
0.702523;0.769391
0.70792;0.80114
0.718264;0.805836
0.731677;0.757554
0.746806;0.782862
0.763232;0.707132
0.781733;0.759427
0.804265;0.794644
0.833344;0.773757
0.870536;0.818421
0.914707;0.79884
0.961952;0.772953
1.00764;0.853484
1.04855;0.838703
1.08344;0.8797
1.11266;0.979849
1.13739;0.988211
1.15906;0.929992
1.17897;1.06051
1.198;1.05264
1.21665;1.0404
1.23502;1.10575
1.25303;1.10587
1.27045;1.17312
1.28692;1.15223
1.30164;1.10596
1.31261;1.18748
1.31607;1.12393
1.30727;1.27903
1.28334;1.33947
1.2452;1.25849
1.19648;1.17557
1.14129;1.39391
1.08293;1.06566
1.02363;1.23707
0.964732;1.17497
0.907036;1.12943
0.850998;0.948953
0.796919;1.03793
0.745023;1.01406
0.695488;0.962317
0.648458;0.914102
0.60407;0.809606
0.562516;0.731615
0.524169;0.792598
0.489714;0.713621
0.460268;0.693018
0.437494;0.650621
0.423769;0.651566
0.422305;0.602034
0.436848;0.631426
0.470448;0.590002
0.52328;0.590981
0.59102;0.583281
0.665786;0.592791
0.739258;0.609775
0.805289;0.627424
0.860577;0.68972
0.90404;0.720991
0.935943;0.755044
0.957231;0.786166
0.969165;0.873252
0.973155;0.861129
0.970732;0.858241
0.96358;0.918031
0.953624;0.943507
0.943148;0.865708
0.934892;0.99387
0.932004;1.00691
0.937638;0.873835
0.954116;0.923994
0.981842;1.02451
1.01832;0.826642
1.05788;0.796452
1.09339;0.959551
1.11946;0.911529
1.13454;0.961702
1.14039;1.0206
1.1402;1.15568
1.1373;0.932799
1.13448;1.12579
1.13371;1.10571
1.13603;1.09526
1.14161;1.17623
1.14967;0.96802
1.15871;1.12414
1.16652;1.02174
1.17016;1.00626
1.16592;1.1574
1.15009;1.03446
1.12098;1.12418
1.08058;1.15486
1.03355;1.0307
0.984708;1.16733
0.937602;1.13403
0.894291;1.00108
0.855614;1.11736
0.821477;1.03561
0.791129;0.821242
0.763451;0.866012
0.737272;0.758832
0.711675;0.844354
0.686205;0.813062
0.660973;0.793677
0.63669;0.748478
0.614737;0.791496
0.597332;0.754848
0.587687;0.724745
0.589767;0.685317
0.607191;0.750812
0.641311;0.620568
0.689805;0.686928
0.74738;0.693024
0.808108;0.682558
0.867343;0.703801
0.922225;0.76512
0.971304;0.804439
1.01396;0.778164
1.05001;0.873014
1.07944;0.98074
1.10243;0.890544
1.11932;0.955546
1.1307;0.961553
1.13755;1.1194
1.1413;1.18933
1.14398;1.08365
1.14815;1.14977
1.15647;1.13463
1.17086;1.16208
1.19126;1.25835
1.21462;1.05611
1.23487;1.05651
1.24495;1.10985
1.24007;1.2084
1.21955;1.19387
1.18598;1.11385
1.14336;1.22123
1.09558;1.2836
1.04586;1.14596
0.99658;1.13809
0.949377;1.19581
0.905222;0.952723
0.864437;0.986112
0.826657;0.967233
0.790854;0.933238
0.755578;0.834654
0.719519;0.865785
0.68219;0.748502
0.64427;0.850729
0.607382;0.762116
0.573591;0.824808
0.545124;0.729109
0.524414;0.730139
0.514243;0.715227
0.517615;0.640436
0.537044;0.693715
0.573252;0.681175
0.624093;0.615553
0.684833;0.628191
0.749773;0.637317
0.813949;0.633889
0.873861;0.70614
0.927317;0.737541
0.972965;0.824613
1.00996;0.818347
1.03792;0.885894
1.05704;0.956331
1.06811;0.995162
1.07243;0.961725
1.07177;1.08811
1.06826;0.914881
1.06444;0.908757
1.06313;1.1157
1.06716;1.07804
1.07879;1.00871
1.09889;1.01388
1.12601;0.99381
1.15571;1.02309
1.18102;1.05823
1.19493;0.970787
1.1937;1.15524
1.17799;1.10561
1.15143;1.21647
1.11846;1.15689
1.08309;1.11401
1.04836;1.17701
1.01635;1.10746
0.988231;1.02678
0.964196;1.20313
0.943463;0.989027
0.924262;0.984348
0.904071;0.979582
0.880204;0.957333
0.850759;0.944079
0.815579;1.02631
0.776495;0.835208
0.736586;0.85965
0.699148;0.778452
0.667166;0.89877
0.643255;0.817901
0.629641;0.815869
0.627922;0.710953
0.638622;0.761628
0.660866;0.730192
0.692526;0.683384
0.730858;0.66684
0.773275;0.722433
0.817884;0.748916
0.863637;0.713863
0.910069;0.75911
0.956652;0.822891
1.00206;0.812534
1.04404;0.852648
1.08021;0.918583
1.1091;1.0009
1.13059;1.03294
1.14572;1.04399
1.15633;1.00628
1.16464;1.15892
1.17295;1.03066
1.18325;1.14996
1.19683;1.23719
1.21398;1.12768
1.23369;1.12618
1.25359;1.18246
1.27007;1.03746
1.27862;1.18551
1.27486;1.15307
1.25606;1.11277
1.22247;1.13724
1.1773;1.2399
1.125;1.16067
1.06967;1.28291
1.01431;1.15206
0.960789;1.17127
0.909987;0.949037
0.862027;0.937593
0.81648;0.979686
0.77264;0.918863
0.729822;0.956282
0.687649;0.952484
0.646197;0.893949
0.605999;0.801684
0.567938;0.821367
0.533178;0.75846
0.5032;0.709787
0.479967;0.673263
0.466137;0.658546
0.46508;0.632454
0.480318;0.674927
0.514029;0.616526
0.565217;0.643275
0.629181;0.60101
0.699142;0.642963
0.768604;0.606595
0.832746;0.628222
0.888586;0.689384
0.934597;0.783268
0.970284;0.817708
0.995884;0.924095
1.01215;0.970316
1.02019;0.943048
1.02143;0.934917
1.01753;0.951571
1.01047;0.896695
1.00266;1.05653
0.996914;1.03549
0.996372;0.96482
1.00392;0.96804
1.02137;1.03217
1.04851;0.916333
1.08226;1.04289
1.11644;0.929761
1.14362;0.929129
1.15848;0.962389
1.16001;0.938418
1.15068;1.03478
1.13444;1.11841
1.11516;1.1581
1.09601;1.19489
1.07929;1.27388
1.06635;1.01723
1.05758;1.13536
1.05233;0.923143
1.04884;1.01476
1.04439;0.978167
1.03556;1.00224
1.0189;0.980592
0.992249;1.05693
0.956111;1.04165
0.913739;0.88807
0.869548;1.01037
0.82752;0.972193
0.7906;0.982722
0.760713;0.963057
0.738858;0.758986
0.725121;0.872878
0.718711;0.840707
0.71813;0.775871
0.721523;0.786791
0.727137;0.760549
0.733773;0.782464
0.741181;0.767116
0.750312;0.796053
0.7634;0.748846
0.783584;0.762154
0.813644;0.890986
0.853961;0.819589
0.901419;0.728407
0.950864;0.818454
0.997741;0.83786
1.03952;0.868831
1.07561;0.953648
1.10658;0.967723
1.13351;0.949609
1.15749;0.980028
1.17939;1.09513
1.19973;1.03789
1.21883;1.10021
1.23682;1.10008
1.25388;1.16522
1.2702;1.04492
1.28601;1.1332
1.30104;1.11636
1.31362;1.37736
1.31974;1.23155
1.31412;1.09759
1.29333;1.08773
1.25787;1.31185
1.21104;1.369
1.15681;1.25357
1.09847;1.34315
1.03841;1.19173
0.978233;1.13025
0.919005;1.04251
0.861439;1.0235
0.806016;1.00231
0.753047;0.892348
0.702709;0.907599
0.655071;0.875713
0.610147;0.882074
0.568005;0.804133
0.528914;0.787037
0.493495;0.736227
0.462779;0.755748
0.438272;0.699578
0.422123;0.62637
0.417313;0.656919
0.427579;0.627343
0.456484;0.558846
0.505305;0.604791
0.57081;0.612562
0.645424;0.593837
0.720302;0.587918
0.78854;0.6508
0.846277;0.68869
0.892137;0.72522
0.926249;0.797911
0.949503;0.755084
0.963122;0.821491
0.96849;0.854212
0.967108;0.948604
0.960617;0.90513
0.950867;0.917212
0.94003;0.946833
0.930718;0.937182
0.926012;0.95057
0.929173;0.979839
0.942888;0.982882
0.968159;0.930739
1.00323;0.902834
1.04312;0.911104
1.0808;0.902319
1.11025;0.924807
1.12899;1.04012
1.13808;1.00531
1.14046;1.00855
1.13942;1.10384
1.13786;1.03053
1.1379;0.972211
1.14078;1.12377
1.14683;1.06149
1.15548;1.05324
1.16544;1.0171
1.17471;1.07777
1.18063;1.12164
1.1797;1.13678
1.16801;1.05708
1.14297;1.1757
1.10545;0.993484
1.05962;1.10855
1.01049;1.20737
0.962018;1.1327
0.916641;1.00035
0.875483;1.02841
0.838665;0.96121
0.805597;1.02507
0.775276;0.951033
0.746593;0.810543
0.71864;0.922702
0.690916;0.700275
0.663435;0.802272
0.636747;0.759564
0.611979;0.715626
0.59098;0.734191
0.576515;0.747437
0.572258;0.756822
0.582121;0.693047
0.608668;0.688402
0.651311;0.627408
0.70594;0.687619
0.766659;0.651194
0.828046;0.686797
0.886306;0.678379
0.939244;0.764974
0.985757;0.770908
1.02536;0.820677
1.05791;0.908985
1.08348;0.932842
1.10237;0.918076
1.11513;1.10862
1.12266;0.991925
1.12626;1.0172
1.12778;1.17041
1.12964;1.07511
1.13464;1.10859
1.14526;1.15958
1.16273;1.09154
1.18583;1.002
1.21018;1.01839
1.2289;1.05909
1.23535;1.07167
1.22615;1.0319
1.20206;1.14629
1.16648;1.11172
1.12355;1.241
1.077;1.24913
1.02973;1.06219
0.983847;1.0364
0.940704;1.17752
0.900968;1.20483
0.86458;1.08807
0.830714;0.929104
0.797888;0.884674
0.764394;0.855537
0.729025;0.853845
0.691742;0.813824
0.653788;0.732972
0.617228;0.757461
0.584396;0.814939
0.557695;0.779082
0.539696;0.717857
0.533189;0.716745
0.540871;0.719425
0.564465;0.656276
0.603593;0.676057
0.655302;0.631411
0.714869;0.646545
0.777346;0.649401
0.838719;0.663189
0.896195;0.718177
0.947897;0.771633
0.992453;0.800214
1.02883;0.891188
1.05647;0.874821
1.07546;0.974163
1.08661;0.960636
1.09131;1.00037
1.09143;1.04747
1.08925;0.944101
1.08738;0.989128
1.08862;1.05716
1.09553;1.04182
1.10985;1.09483
1.13168;1.0646
1.15865;0.996414
1.18554;1.14082
1.20523;1.0465
1.21148;1.17433
1.20185;1.16675
1.17809;1.13411
1.14438;1.18986
1.10524;1.23289
1.06451;1.06749
1.02499;1.17087
0.988491;1.0748
0.955895;1.11792
0.927171;0.934154
0.901353;1.00608
0.876643;0.964409
0.850754;0.945534
0.821589;0.964151
0.788091;0.857398
0.750831;0.852599
0.711859;0.951514
0.673972;0.835089
0.640055;0.785253
0.612862;0.758681
0.595046;0.775276
0.589046;0.723608
0.596621;0.660284
0.618149;0.732535
0.652196;0.696043
0.695832;0.671852
0.745565;0.684264
0.798268;0.691055
0.851631;0.707816
0.904076;0.721293
0.954325;0.755552
1.00092;0.839285
1.04208;0.925677
1.07615;0.87411
1.1022;0.948464
1.12034;0.973957
1.13167;1.07615
1.13799;1.09612
1.14158;1.15943
1.14498;0.964944
1.15068;1.10127
1.16069;1.08103
1.17603;1.11245
1.19622;1.01798
1.21889;1.13125
1.23961;1.16966
1.2526;1.04436
1.25243;1.04692
1.23631;1.19879
1.20516;1.2177
1.16271;1.11442
1.11364;1.2824
1.06203;0.996636
1.01089;1.15194
0.962122;1.11392
0.916671;1.0978
0.874641;0.9727
0.835424;0.889665
0.797897;0.900013
0.76078;1.01741
0.723085;0.865188
0.68452;0.808508
0.645639;0.869843
0.607696;0.743538
0.57238;0.788755
0.541666;0.724615
0.517868;0.684964
0.503788;0.687005
0.502663;0.727436
0.517511;0.618832
0.54977;0.673701
0.597952;0.660655
0.657629;0.603277
0.723005;0.62386
0.78875;0.650214
0.850897;0.671494
0.906814;0.728342
0.954824;0.762829
0.993925;0.767794
1.0237;0.913623
1.04432;0.881384
1.05652;0.90087
1.06152;0.868356
1.06097;1.05474
1.0569;1.03273
1.05177;1.02658
1.04841;1.01328
1.04983;1.08259
1.05861;0.96457
1.0762;1.045
1.10198;1.05734
1.13256;0.906272
1.16161;1.07296
1.18172;1.119
1.18771;1.17969
1.17884;1.02862
1.15799;1.1226
1.12951;1.16767
1.09758;1.16105
1.06556;1.00089
1.03585;1.19588
1.0099;1.09342
0.988226;1.12075
0.970288;1.01295
0.954489;0.961351
0.938312;0.916802
0.918792;1.03286
0.89339;1.01003
0.861104;0.873572
0.823141;0.875029
0.78248;0.921442
0.742698;0.905949
0.707089;0.807565
0.67842;0.808103
0.658945;0.842988
0.650293;0.771489
0.65316;0.744991
0.667028;0.807985
0.6902;0.632697
0.72027;0.744954
0.754816;0.739224
0.792001;0.702322
0.830893;0.793469
0.871444;0.829033
0.914001;0.823404
0.95837;0.818024
1.00294;0.868673
1.04487;0.84715
1.08138;0.900406
1.11097;0.908079
1.13365;0.962925
1.15062;0.96547
1.16377;1.01762
1.17522;1.03662
1.18696;1.06577
1.20048;1.16468
1.21646;1.10904
1.23465;1.11516
1.25381;1.16054
1.27179;1.08273
1.2856;1.15136
1.29157;1.12043
1.2858;1.07529
1.26552;1.1278
1.23073;1.20967
1.18442;1.10185
1.13094;1.28744
1.07431;1.09051
1.01742;1.0972
0.962018;0.976523
0.908896;1.01438
0.858178;1.15901
0.809569;1.13266
0.762634;0.872505
0.717043;0.906085
0.672723;0.878363
0.629902;0.831215
0.589066;0.835552
0.55091;0.72544
0.516357;0.686294
0.48667;0.733385
0.463655;0.694887
0.449869;0.680734
0.448677;0.636278
0.463742;0.608252
0.497569;0.625021
0.54951;0.606858
0.614927;0.612865
0.686674;0.613568
0.757675;0.624143
0.82264;0.677733
0.878403;0.683684
0.923527;0.721298
0.957776;0.800532
0.981671;0.841038
0.996196;0.86935
1.00262;0.895807
1.00239;0.89974
0.997205;0.893178
0.989002;0.948431
0.980134;0.996415
0.973411;0.916482
0.971982;1.068
0.97884;1.05208
0.995985;0.944612
1.02343;1.01462
1.05832;0.98662
1.09468;0.930187
1.12515;0.878109
1.14432;0.970071
1.15099;0.993093
1.14738;1.00492
1.13718;1.01728
1.12409;1.06067
1.11114;1.22759
1.10054;1.05105
1.09356;1.04191
1.09052;1.16205
1.09071;0.981474
1.09242;1.09544
1.09304;1.02072
1.08917;1.00001
1.07712;1.03081
1.05409;1.14294
1.01991;1.17582
0.977575;1.11312
0.931768;1.09
0.886817;1.07505
0.845845;0.96981
0.810751;1.00273
0.782383;0.869343
0.760675;0.847499
0.744778;0.890836
0.733279;0.856155
0.724533;0.826463
0.717054;0.80596
0.709894;0.784051
0.702942;0.709302
0.697119;0.730623
0.694525;0.703657
0.698436;0.749225
0.712791;0.78699
0.740592;0.724734
0.781703;0.797919
0.83215;0.767684
0.886098;0.744384
0.938559;0.774883
0.986638;0.734196
1.0293;0.858002
1.06664;0.834386
1.09923;0.950442
1.12768;0.89367
1.15253;0.994404
1.17414;1.12205
1.1928;0.961
1.20883;1.16071
1.22274;1.03228
1.23538;1.0378
1.24801;1.24598
1.26198;1.14839
1.27774;1.32012
1.29342;1.25143
1.30409;1.25658
1.30356;1.26095
1.28786;1.26561
1.25701;1.30735
1.21385;1.21704
1.16215;1.11969
1.10532;1.35069
1.04606;1.26314
0.986371;1.28561
0.927667;1.16886
0.87091;1.21067
0.816703;1.12108
0.765338;0.907137
0.716828;0.92937
0.670955;0.844867
0.627406;0.894905
0.586018;0.752553
0.547033;0.680676
0.511185;0.783137
0.479625;0.70926
0.45389;0.675853
0.436058;0.675803
0.428987;0.633468
0.436332;0.627354
0.461787;0.624505
0.507089;0.599356
0.569686;0.585591
0.642532;0.616623
0.716942;0.592596
0.785876;0.637096
0.845227;0.660026
0.893351;0.726798
0.930115;0.691926
0.956155;0.82127
0.972479;0.88642
0.980315;0.920778
0.981071;0.89019
0.97633;0.880799
0.967894;1.04859
0.957872;0.970353
0.948805;0.960152
0.943708;0.958273
0.945842;0.890991
0.958012;0.931775
0.98147;0.875364
1.01481;0.872999
1.05336;0.997879
1.09011;0.830737
1.11864;0.943453
1.13592;0.916946
1.1427;1.01578
1.14186;1.03394
1.13688;1.06865
1.13089;1.05727
1.12627;1.02309
1.12455;1.10196
1.12632;0.926896
1.13123;1.01144
1.13806;1.0933
1.14476;1.10143
1.14852;1.02628
1.14577;1.01041
1.13267;1.05858
1.10683;1.12463
1.06922;1.05997
1.02394;1.07817
0.9759;1.03421
0.929078;1.09246
0.885998;1.18554
0.847916;1.0472
0.815078;0.962048
0.786943;0.979257
0.762435;0.820276
0.74024;0.950239
0.719141;0.774225
0.698307;0.825702
0.677502;0.809096
0.657189;0.737821
0.63861;0.79481
0.623929;0.744459
0.616361;0.728977
0.619937;0.737843
0.638361;0.698834
0.672987;0.693955
0.721355;0.725562
0.778016;0.705129
0.837048;0.757342
0.894007;0.73081
0.946367;0.751794
0.993034;0.742008
1.03372;0.853984
1.06847;0.936541
1.09745;0.996353
1.12085;0.983744
1.13895;1.01566
1.15221;1.06836
1.1614;1.14379
1.16778;1.07428
1.17316;1.10606
1.17992;1.23405
1.19046;1.07776
1.20625;1.17861
1.22642;1.13065
1.2469;1.0718
1.26104;1.17088
1.26251;1.23005
1.24822;1.21362
1.21907;1.20204
1.17834;1.3262
1.12998;1.14497
1.07752;1.27375
1.02377;1.17016
0.970773;1.15632
0.919898;0.967704
0.871956;1.09547
0.827202;0.857748
0.785331;0.951428
0.745531;0.957877
0.706735;0.881431
0.668117;0.865972
0.629605;0.813751
0.592039;0.785258
0.556913;0.740357
0.526048;0.724002
0.501525;0.712558
0.485849;0.708368
0.482077;0.710679
0.493529;0.646883
0.522673;0.636585
0.569384;0.628079
0.629898;0.650149
0.697819;0.612602
0.766511;0.664628
0.830921;0.680619
0.887985;0.720797
0.936146;0.737197
0.974768;0.84926
1.00378;0.895102
1.02355;0.90516
1.03491;0.918449
1.0391;0.955247
1.0377;0.969093
1.03263;0.929801
1.02618;1.04013
1.02106;1.06681
1.02028;1.06185
1.02672;0.889285
1.04241;1.08333
1.06749;1.02557
1.09925;0.972817
1.13181;0.951021
1.15768;1.0258
1.17108;1.01247
1.17039;0.973292
1.15776;1.02267
1.13712;1.0923
1.11253;1.04818
1.08738;1.13239
1.06418;1.14784
1.04451;1.06788
1.029;1.12142
1.01729;1.19945
1.0079;0.987355
0.998363;1.07852
0.985475;0.988207
0.966019;1.05252
0.938004;1.0091
0.901878;1.02311
0.860555;0.909059
0.818049;0.968964
0.778111;0.956094
0.743693;0.853705
0.716949;0.826191
0.699265;0.855785
0.691157;0.78949
0.692165;0.769554
0.70092;0.740301
0.71548;0.731435
0.733832;0.756446
0.754426;0.731599
0.776595;0.6971
0.800815;0.791361
0.828642;0.80422
0.862048;0.787446
0.901956;0.812675
0.946786;0.789852
0.992692;0.913659
1.03558;0.83862
1.07286;0.910404
1.10387;0.992552
1.12931;0.960353
1.15063;1.0451
1.16946;1.13023
1.1872;1.00529
1.20483;1.15701
1.22279;1.06794
1.24104;1.10781
1.25919;1.07739
1.27665;1.19736
1.29245;1.05963
1.30498;1.2421
1.31127;1.14412
1.3071;1.28065
1.2887;1.06946
1.25543;1.25248
1.21006;1.39454
1.1568;1.19946
1.09949;1.33277
1.04083;0.924831
0.982487;1.07241
0.92535;1.12286
0.86983;1.11002
0.816118;1.01077
0.764338;0.993015
0.714625;0.790396
0.667147;0.920764
0.622096;0.846325
0.579714;0.856621
0.540357;0.656776
0.504614;0.756913
0.473453;0.752919
0.448362;0.728063
0.431515;0.625438
0.425908;0.672783
0.435203;0.613789
0.462765;0.596763
0.509723;0.573829
0.573098;0.589144
0.645988;0.602699
0.720139;0.58024
0.788749;0.615958
0.847671;0.646388
0.895137;0.664243
0.930974;0.772961
0.955892;0.782885
0.971039;0.875889
0.977769;0.816689
0.977563;0.91203
0.972045;0.949064
0.963057;1.00952
0.952768;0.976036
0.943786;1.02902
0.939159;0.968151
0.942083;0.988344
0.955187;0.932988
0.979524;0.931698
1.01353;0.883481
1.05244;0.97642
1.08919;0.957557
1.11748;0.826755
1.13454;0.931683
1.14136;1.04561
1.14095;1.04548
1.13679;1.11737
1.13192;1.11867
1.12864;1.13037
1.12832;1.16712
1.13145;1.11864
1.13754;1.17958
1.14528;1.06076
1.1526;1.10455
1.15668;1.15386
1.15398;1.07539
1.14069;1.08778
1.1145;1.10557
1.07648;1.10498
1.03084;1.0732
0.982524;1.13839
0.935459;1.04313
0.892087;1.06008
0.85357;1.03191
0.820059;1.00032
0.790951;0.991143
0.765149;0.905236
0.741379;0.830558
0.718509;0.833244
0.695829;0.868195
0.673213;0.788682
0.651195;0.730559
0.631035;0.782808
0.614858;0.796889
0.60581;0.711458
0.60787;0.75789
0.624794;0.730722
0.658148;0.669425
0.705766;0.723745
0.762376;0.670615
0.822019;0.735939
0.880062;0.701693
0.933745;0.736655
0.981767;0.797649
1.02368;0.813695
1.05941;0.817355
1.08904;0.902052
1.11275;1.06297
1.13081;0.975325
1.14372;1.03864
1.15229;1.06068
1.15782;1.03259
1.16217;1.14076
1.16775;1.08911
1.17713;1.13906
1.19203;1.01383
1.21211;1.12782
1.23391;1.12379
1.2511;1.08088
1.2569;1.26643
1.24727;1.02053
1.22227;1.11354
1.18482;1.17392
1.1389;1.15745
1.08825;1.23311
1.03587;1.19751
0.984001;1.08954
0.934161;1.24695
0.887257;0.970481
0.84361;0.971513
0.802932;0.974128
0.764364;0.886166
0.726707;0.827924
0.688929;0.910063
0.650751;0.842042
0.612899;0.758835
0.576878;0.782694
0.544569;0.733521
0.518072;0.75004
0.499817;0.649469
0.492719;0.663541
0.499996;0.665918
0.524276;0.64035
0.566027;0.632503
0.622373;0.607574
0.687637;0.637399
0.755423;0.639892
0.820501;0.631097
0.879461;0.670319
0.930396;0.746324
0.972342;0.78352
1.00491;0.8324
1.02821;0.856321
1.04282;0.880858
1.04982;0.989148
1.05069;0.935906
1.04725;0.985815
1.04174;1.04815
1.03676;1.04922
1.03523;0.958036
1.04007;0.98105
1.0535;1.07562
1.07611;1.08366
1.10589;1.0457
1.13768;1.02333
1.16409;1.05699
1.17861;1.0663
1.17854;0.96372
1.16536;1.06283
1.14286;1.08306
1.11528;1.14462
1.0863;1.11417
1.05868;0.924392
1.03425;1.05247
1.01393;0.997366
0.997619;1.09369
0.984185;1.04676
0.971449;1.0039
0.956462;0.928527
0.936138;0.949398
0.908373;1.00185
0.873195;0.974874
0.832991;0.951835
0.791437;0.951464
0.752198;0.937757
0.718329;0.800174
0.692227;0.869655
0.675638;0.817912
0.669511;0.73312
0.673771;0.707058
0.68726;0.747528
0.70801;0.688088
0.733788;0.661733
0.762685;0.720998
0.793585;0.673185
0.826394;0.767375
0.861923;0.738968
0.901213;0.795817
0.944279;0.814354
0.989123;0.783957
1.03228;0.943975
1.07054;0.942031
1.10227;0.920376
1.12748;0.897383
1.14734;1.05906
1.16364;1.0749
1.17827;1.03728
1.19288;1.01931
1.20857;1.13911
1.22573;1.1258
1.24404;1.18779
1.26255;1.07565
1.27976;1.22511
1.29356;1.20434
1.301;1.15876
1.29827;1.2399
1.28183;1.31592
1.25057;1.17083
1.20671;1.18321
1.15442;1.24402
1.09782;1.17402
1.04001;1.09916
0.982889;1.19584
0.927425;1.09047
0.873936;0.976847
0.822375;1.04349
0.772584;0.954698
0.724467;0.872444
0.678082;0.866038
0.633646;0.821705
0.591513;0.837954
0.552168;0.807381
0.516291;0.753941
0.484887;0.685202
0.459464;0.629189
0.442231;0.669136
0.436231;0.675074
0.445133;0.620131
0.472197;0.599626
0.518346;0.587793
0.580509;0.57467
0.652039;0.593681
0.725161;0.593833
0.793431;0.62345
0.852747;0.677489
0.901164;0.714116
0.938263;0.78662
0.96455;0.805003
0.98104;0.884795
0.989013;0.876163
0.989916;0.932842
0.985356;0.937993
0.977171;0.931102
0.967534;0.944034
0.959068;0.923608
0.954824;0.928278
0.957965;0.960905
0.971046;0.892912
0.995042;0.820429
1.02835;0.877987
1.06619;0.986005
1.10143;0.856296
1.12763;1.02839
1.14197;1.00515
1.14548;0.970017
1.14137;1.13455
1.13326;1.03134
1.12436;1.12467
1.11707;0.990908
1.11291;1.12557
1.11245;1.05135
1.11531;1.08857
1.12014;1.09186
1.12475;1.08444
1.12615;1.04025
1.1207;0.960946
1.1048;0.943208
1.07659;1.07706
1.03759;1.12118
0.992084;1.14084
0.944906;1.04947
0.899828;1.02005
0.859232;1.10056
0.824291;0.977613
0.795188;0.827992
0.771313;0.914811
0.751483;0.835956
0.734248;0.846651
0.718239;0.766934
0.70251;0.734002
0.686776;0.802412
0.67157;0.722312
0.658348;0.845622
0.649624;0.766284
0.648996;0.724416
0.660564;0.7826
0.687275;0.761594
0.728784;0.72287
0.780924;0.707521
0.837696;0.71612
0.893871;0.708434
0.946205;0.703008
0.99325;0.797762
1.03468;0.865469
1.07067;0.881283
1.10154;0.847368
1.1276;0.958174
1.14909;0.986068
1.16631;0.993077
1.17971;1.06092
1.19005;1.03472
1.19862;1.13927
1.20723;1.01456
1.21802;1.12526
1.2326;1.08367
1.25068;1.17491
1.26885;1.05073
1.28089;1.22086
1.28052;1.23143
1.26452;1.27244
1.2336;1.20271
1.19091;1.12288
1.14028;1.15948
1.08516;1.25681
1.02829;1.18557
0.97169;1.22368
0.916757;1.02541
0.864384;1.01054
0.815007;0.916256
0.768621;0.906398
0.724812;0.978496
0.682899;0.853604
0.64226;0.758013
0.602754;0.840048
0.564939;0.843384
0.529967;0.730491
0.499362;0.729526
0.47498;0.730783
0.459196;0.697887
0.455089;0.669523
0.46626;0.666924
0.495745;0.61096
0.54399;0.631736
0.607244;0.591522
0.678381;0.597774
0.74976;0.62988
0.815626;0.652333
0.872693;0.671024
0.919577;0.758395
0.956017;0.770044
0.982365;0.827351
0.999358;0.926918
1.00805;0.883208
1.00979;0.960949
1.00617;0.958775
0.999078;0.970519
0.990751;1.02742
0.983868;1.0032
0.981498;1.09417
0.986736;0.892481
1.0019;0.813133
1.02747;0.933851
1.06103;0.933118
1.09694;1.00932
1.12782;0.955191
1.14781;1.03813
1.15502;0.977446
1.1512;0.995846
1.13989;1.07473
1.12488;1.02839
1.10938;1.00957
1.09579;1.21664
1.08563;1.10348
1.07945;1.09363
1.0768;1.06944
1.07619;0.97969
1.07516;1.08671
1.07041;1.0537
1.05826;0.963298
1.03578;0.960329
1.00249;1.02699
0.961058;0.920739
0.915959;1.11147
0.871508;1.02962
0.830946;1.08576
0.796366;1.03523
0.768853;0.925344
0.748583;0.832979
0.734901;0.861217
0.726492;0.805148
0.721681;0.823199
0.718834;0.801004
0.716768;0.814875
0.715105;0.746393
0.714543;0.738997
0.717024;0.805775
0.725705;0.77416
0.744315;0.766426
0.775434;0.742295
0.818369;0.785113
0.868823;0.791159
0.92112;0.802412
0.97077;0.77822
1.01543;0.866351
1.05453;0.876966
1.0885;0.924596
1.11815;0.899906
1.14427;1.1205
1.16748;0.96357
1.1882;1.07371
1.20673;0.993348
1.22334;1.08417
1.23847;1.31878
1.25279;1.12687
1.26722;1.20919
1.28243;1.17625
1.29771;1.19207
