0.202461 0.00691383 0.201238 0.00686808
0.203031 0.0075508 0.201928 0.0074389
0.200555 0.00927567 0.199321 0.00966249
0.19932 0.00815468 0.197797 0.00799946
0.202698 0.00943212 0.200926 0.00971026
0.200062 0.00700109 0.198721 0.00712109
0.20118 0.00647201 0.199684 0.00614163
0.204166 0.0185549 0.203088 0.0177706
0.205484 0.00745421 0.20396 0.00774342
0.203888 0.00537782 0.202001 0.00503256
0.20556 0.00967831 0.204607 0.00892734
0.202804 0.0113986 0.201356 0.0102598
0.203157 0.00861473 0.201921 0.00839034
0.199351 0.00766896 0.197668 0.00747257
0.206555 0.0073869 0.204936 0.00754488
0.203119 0.00790356 0.20164 0.00763676
0.205182 0.00654401 0.204156 0.00682723
0.203962 0.00702568 0.202508 0.00686084
0.201863 0.00485946 0.199987 0.00485067
0.204576 0.00667757 0.203088 0.0069099
0.205121 0.0105774 0.203658 0.0104368
0.202983 0.00663343 0.201389 0.00645993
0.205956 0.00570117 0.204313 0.00575305
0.203053 0.00846518 0.201595 0.00843545
0.200252 0.00866885 0.19888 0.00848724
0.203888 0.0100004 0.202449 0.0100016
0.200535 0.008006 0.198993 0.00787045
0.202944 0.00670732 0.200831 0.00716504
0.20127 0.00860186 0.200228 0.00842765
0.20635 0.0121235 0.204759 0.0115842
0.206991 0.00839002 0.205691 0.00849657
0.205368 0.00680151 0.203645 0.00693285
0.207803 0.0147305 0.206149 0.0139908
0.202 0.00864236 0.200203 0.00849025
0.208254 0.0126837 0.206475 0.012394
0.205971 0.00660595 0.204527 0.0071928
0.206611 0.00731094 0.204919 0.00681208
0.206068 0.00531576 0.20439 0.00553449
0.207846 0.00749697 0.205668 0.00807359
0.208929 0.0107075 0.20725 0.0111065
0.206807 0.00590547 0.205399 0.00496101
0.212315 0.0154529 0.210356 0.0147265
0.202706 0.00688623 0.201332 0.00647293
0.206874 0.00903876 0.205252 0.00901003
0.204324 0.00742973 0.20294 0.00735414
0.205209 0.0107298 0.20435 0.00995861
0.202046 0.00888936 0.200275 0.00921901
0.210305 0.00901101 0.20808 0.00914259
0.209867 0.007745 0.208229 0.00776891
0.207792 0.00811164 0.206213 0.00858824
0.205852 0.00610029 0.204534 0.00633111
0.208427 0.010865 0.207026 0.0110402
0.210811 0.0047185 0.208889 0.00477877
0.205918 0.00932055 0.204454 0.00873942
0.211045 0.00604796 0.209781 0.00592128
0.210145 0.0119396 0.208316 0.0117217
0.206928 0.00848695 0.204937 0.00857214
0.203132 0.00724082 0.201399 0.00710126
0.207372 0.00786336 0.206514 0.00757922
0.2113 0.00875863 0.21 0.0089433
0.208012 0.0060422 0.206406 0.0059946
0.207254 0.00812234 0.206015 0.00753102
0.209385 0.00824217 0.207257 0.0076682
0.212818 0.0111435 0.211355 0.0108433
0.207493 0.00454611 0.205841 0.0040912
0.212733 0.0075775 0.211373 0.00671983
0.21083 0.00542579 0.209389 0.00552987
0.207029 0.0069768 0.206113 0.0066376
0.207354 0.00689669 0.206206 0.00756426
0.21233 0.00774664 0.210473 0.00668519
0.207113 0.00929793 0.204909 0.00969245
0.212771 0.00955147 0.211665 0.00907213
0.211961 0.0100402 0.21038 0.0102705
0.210518 0.00656522 0.209422 0.00636282
0.20856 0.00809186 0.206767 0.00736284
0.210442 0.00567749 0.208908 0.00605409
0.210311 0.00745854 0.208818 0.00730235
0.206136 0.00696023 0.204651 0.00747907
0.212855 0.00848088 0.210956 0.00877446
0.212538 0.0122536 0.210806 0.0119895
