0.0468181 0.0019985 0.0471373 0.00189173
0.115409 0.00171163 0.113902 0.00147529
0.117932 0.00148801 0.116611 0.00141469
0.127898 0.00676242 0.126545 0.0068085
0.137411 0.0188656 0.135472 0.0195334
0.137914 0.0138467 0.136695 0.0139682
0.147933 0.0154192 0.145224 0.0155908
0.16759 0.0223328 0.167241 0.0230494
0.166869 0.0119678 0.165338 0.011609
0.192341 0.0200141 0.190546 0.0191452
0.184308 0.0188385 0.181125 0.0185318
0.189576 0.0125026 0.187589 0.0137079
0.20547 0.0222367 0.202403 0.0213538
0.199785 0.0106437 0.197516 0.00997498
0.21695 0.0149294 0.215521 0.0160528
0.212062 0.0204687 0.210267 0.0194723
0.222385 0.0159178 0.22042 0.0161133
0.24167 0.0172771 0.237534 0.0169052
0.242118 0.0181214 0.238693 0.018355
0.258452 0.0182576 0.25587 0.0180614
0.246799 0.0161909 0.242885 0.0151098
0.256422 0.0170396 0.252379 0.0157613
0.267378 0.0167462 0.263662 0.0177624
0.275345 0.0243433 0.270986 0.0241694
0.269872 0.0170215 0.268086 0.0161601
0.286313 0.0209439 0.282734 0.0198975
0.285367 0.0173029 0.281606 0.0170116
0.286292 0.0168998 0.283076 0.016568
0.293574 0.0148142 0.289533 0.0142137
0.301082 0.0179283 0.297529 0.0167027
0.290931 0.0119036 0.28716 0.0101302
0.298423 0.0171874 0.293294 0.0162921
0.314983 0.0230187 0.311919 0.0225333
0.310168 0.0137356 0.305911 0.0143124
0.314929 0.0130324 0.312153 0.0133777
0.315244 0.0192204 0.312162 0.0177716
0.332742 0.0229415 0.330731 0.0212696
0.325183 0.0155781 0.320241 0.0152484
0.33007 0.0191448 0.326975 0.0185094
0.329366 0.0312734 0.324475 0.0297759
0.33364 0.0239992 0.329979 0.0234828
0.327321 0.0162394 0.323626 0.0167366
0.343757 0.0133407 0.33975 0.0138783
0.345756 0.0162148 0.343057 0.0182623
0.349549 0.0222752 0.346511 0.0211485
0.345303 0.0170893 0.341974 0.0167829
0.360709 0.0122852 0.355618 0.0123856
0.355777 0.0148271 0.352014 0.0132613
0.361535 0.0220856 0.358777 0.0233412
0.364971 0.016986 0.361112 0.0169262
0.376358 0.0308539 0.373064 0.0321961
0.395359 0.0341319 0.390001 0.0338645
0.369664 0.0290174 0.368161 0.0287214
0.383234 0.0206817 0.380886 0.0198246
0.371092 0.0247392 0.366998 0.0242951
0.397442 0.0176716 0.392441 0.0163211
0.398115 0.0269242 0.39397 0.0270327
0.39799 0.0296099 0.394733 0.0303688
0.400585 0.0333401 0.39555 0.0309981
0.391283 0.0330567 0.386767 0.0338359
0.420399 0.057107 0.414844 0.0560035
0.392262 0.0133719 0.387213 0.0131379
0.420137 0.0699256 0.415578 0.0703749
0.416693 0.0325174 0.411666 0.0311481
0.414763 0.0217885 0.410564 0.0222252
0.425909 0.0200731 0.421723 0.0189114
0.429418 0.0283955 0.425208 0.0271931
0.453071 0.0283104 0.449532 0.0303283
0.439249 0.023771 0.435398 0.0244539
0.449487 0.04833 0.445183 0.0458427
0.44588 0.0351922 0.441315 0.0348353
0.450377 0.0459171 0.445043 0.0447996
0.445539 0.0279724 0.441065 0.0273502
0.470527 0.0267913 0.469112 0.025653
0.46364 0.0261895 0.462178 0.0290698
0.468676 0.0401494 0.464286 0.0426447
0.470229 0.0353747 0.464902 0.0325146
0.479021 0.0554987 0.47361 0.0552586
0.446183 0.0274473 0.445741 0.0256123
0.465742 0.0252552 0.464342 0.0255284
0.471916 0.0366805 0.469172 0.0392056
0.456525 0.0178038 0.454464 0.0193365
0.47508 0.0477672 0.472079 0.0501932
0.470457 0.0330955 0.465541 0.0337427
0.501668 0.0578933 0.494539 0.0540477
0.506747 0.0372213 0.501813 0.0365367
0.494081 0.0361009 0.489853 0.0350938
0.500977 0.0472138 0.498657 0.0495248
0.511646 0.0374204 0.508634 0.0369719
0.507563 0.0338775 0.506386 0.0321808
0.52363 0.0563123 0.519626 0.0575157
0.510857 0.0342929 0.505425 0.0366572
0.495623 0.0342774 0.488645 0.0346104
0.524469 0.0442022 0.518696 0.0417553
0.508601 0.0358043 0.504256 0.0370395
0.520432 0.0411598 0.515445 0.039768
0.526254 0.0429977 0.52422 0.0444956
0.521126 0.0347659 0.516794 0.0355301
0.530548 0.041069 0.527949 0.04073
0.523338 0.0314668 0.51889 0.0310711
