0.581978 0.0254477 0.576229 0.025642
0.589831 0.0178645 0.585873 0.0167672
0.584994 0.0301262 0.580172 0.0297593
0.579163 0.0312102 0.574844 0.0310932
0.601963 0.0291533 0.597173 0.0284942
0.586232 0.0329355 0.58139 0.0329752
0.608122 0.0278176 0.60483 0.0283555
0.607533 0.0276675 0.601506 0.024337
0.589972 0.0212007 0.585594 0.0225593
0.60949 0.0366697 0.605646 0.0360724
0.610569 0.0370127 0.606339 0.0355233
0.616094 0.0245791 0.613885 0.0234113
0.579275 0.0165041 0.576191 0.0151512
0.598132 0.0261614 0.592192 0.0254775
0.579592 0.0187942 0.576133 0.0178684
0.59368 0.035532 0.590128 0.0335012
0.575383 0.0205734 0.570325 0.0214618
0.602003 0.0377869 0.59582 0.0372192
0.593175 0.023599 0.586949 0.0225975
0.585192 0.0267428 0.580666 0.0262071
0.59042 0.0224935 0.586407 0.0230589
0.580134 0.0253942 0.575127 0.0255067
0.597791 0.0261164 0.592896 0.026554
0.584212 0.0206561 0.579594 0.0195096
0.599812 0.026322 0.5943 0.0277279
0.578406 0.0305206 0.574225 0.0309103
0.612874 0.0227243 0.606377 0.0220436
0.605423 0.0308619 0.596983 0.030817
0.58722 0.0365386 0.581346 0.0359013
0.587559 0.0371096 0.58354 0.0360392
0.576366 0.0221023 0.571061 0.0219029
0.56914 0.00993698 0.563055 0.0105849
0.5783 0.0358127 0.572452 0.0353669
0.585916 0.0280091 0.580812 0.0267019
0.57637 0.0202061 0.570874 0.0200704
0.590188 0.0279498 0.586975 0.0274003
0.598284 0.0428371 0.594355 0.0404817
0.58198 0.0356533 0.577397 0.0346005
0.585203 0.0177363 0.579962 0.0177224
0.600377 0.0398846 0.595701 0.0366647
0.58991 0.0254361 0.582362 0.0254768
0.589947 0.0283465 0.586171 0.0270528
0.583444 0.0302582 0.57843 0.0305867
0.571915 0.0269738 0.565149 0.0278427
0.575913 0.0258887 0.570714 0.0250676
0.576509 0.0158255 0.571899 0.0157985
0.586316 0.0269783 0.579587 0.0273251
0.582657 0.0201493 0.576643 0.0201013
0.587667 0.0119356 0.581365 0.0122811
0.593253 0.0330393 0.587101 0.0327847
0.569339 0.0236233 0.564361 0.0220418
0.577712 0.0181539 0.572362 0.0170374
0.57899 0.0254283 0.573462 0.0243915
0.571565 0.0199211 0.565556 0.0165283
0.599983 0.0334439 0.594144 0.0320304
0.565602 0.0346028 0.559503 0.0348285
0.576092 0.0298696 0.573101 0.029067
0.595218 0.0291906 0.588833 0.029123
0.5648 0.0251423 0.557287 0.0249905
0.580094 0.0205229 0.574989 0.0205905
0.575772 0.0244733 0.571534 0.0239996
0.554219 0.0127061 0.549845 0.0134904
0.57165 0.0263672 0.566395 0.0272609
0.58307 0.0213946 0.577376 0.0204838
0.58211 0.0337549 0.577756 0.0324125
0.584051 0.0248209 0.578695 0.0233408
0.581587 0.0331859 0.577499 0.0339654
0.56657 0.0217869 0.559482 0.0212126
0.582547 0.0290189 0.575686 0.0295105
0.573637 0.0295207 0.5684 0.0294567
0.574776 0.0296913 0.569314 0.028402
0.576839 0.029529 0.571098 0.0290413
0.577955 0.0340753 0.570958 0.0342572
0.563407 0.0289746 0.558742 0.0306323
0.571269 0.0253101 0.564987 0.0261732
0.592251 0.0281099 0.586785 0.0277804
0.571854 0.0190914 0.566372 0.0166916
0.5673 0.0138855 0.562061 0.0128311
0.572575 0.026766 0.566867 0.0267252
0.585572 0.026666 0.577948 0.0262386
