0.0839588 0.0244157 0.0830097 0.0241438
0.115822 0.000774127 0.114717 0.000964494
0.12594 0.00647001 0.124539 0.00644126
0.140562 0.0211664 0.13958 0.0211369
0.146628 0.0079974 0.144219 0.00791376
0.189571 0.0658412 0.189053 0.0672411
0.178245 0.0188701 0.177106 0.0183146
0.208142 0.0306954 0.206785 0.0303161
0.235459 0.0591791 0.234797 0.0590438
0.216255 0.0192751 0.214798 0.018617
0.262602 0.0553586 0.260116 0.0565659
0.239463 0.0356839 0.236908 0.0360839
0.265221 0.0701563 0.26197 0.0679081
0.258043 0.0414677 0.255138 0.040104
0.263008 0.0212088 0.261056 0.0206391
0.300063 0.0500059 0.295914 0.0499526
0.292937 0.0388113 0.291547 0.0373944
0.322124 0.08245 0.318197 0.0816332
0.315473 0.0636449 0.313274 0.0616705
0.330083 0.0366281 0.326085 0.0368702
0.321818 0.0391333 0.319326 0.0404765
0.336938 0.0416563 0.333167 0.0419509
0.333417 0.0343794 0.329923 0.0337478
0.368654 0.0450827 0.364981 0.0447197
0.338707 0.0449123 0.33357 0.0426422
0.367263 0.0728641 0.361302 0.0730644
0.385852 0.0644884 0.383113 0.0638783
0.382152 0.0517879 0.37493 0.0518517
0.382406 0.0608509 0.380281 0.0589458
0.368281 0.0240857 0.364295 0.025438
0.36817 0.0361081 0.364778 0.0352499
0.385438 0.0465924 0.382637 0.0466496
0.401689 0.0583321 0.397574 0.0575262
0.433579 0.0777069 0.431822 0.0778472
0.394275 0.0375254 0.390545 0.0373853
0.40812 0.0543252 0.403698 0.0532521
0.430893 0.062711 0.42672 0.0621301
0.454768 0.064103 0.450582 0.0665686
0.434687 0.0679596 0.431577 0.068069
0.407954 0.0255761 0.403295 0.025395
0.422209 0.0399383 0.416377 0.0414029
0.46003 0.0549432 0.454961 0.0555904
0.452319 0.0660556 0.448122 0.0694519
0.418171 0.029031 0.414539 0.02688
0.440985 0.0496568 0.436203 0.0490081
0.456057 0.0267232 0.452808 0.0247213
0.497685 0.0535627 0.492907 0.0599122
0.478019 0.0870317 0.474359 0.086819
0.49184 0.0882824 0.48566 0.0870695
0.477603 0.0360931 0.471728 0.0353383
0.495857 0.0724326 0.490764 0.074958
0.506845 0.0759254 0.504885 0.0764121
0.470512 0.0390089 0.466595 0.0403306
0.512241 0.0396601 0.51061 0.0401815
0.471176 0.0370659 0.466414 0.0360679
0.539456 0.0855528 0.53784 0.0861782
0.525056 0.0420272 0.520384 0.042414
0.492617 0.0447733 0.489696 0.0444085
0.562042 0.0963626 0.558514 0.0976423
0.510376 0.0512329 0.509495 0.0521587
0.533557 0.0423638 0.528788 0.0460604
0.515546 0.0629203 0.51048 0.0610433
0.529441 0.0452682 0.525949 0.0455291
0.574267 0.0478182 0.569781 0.0445957
0.538936 0.0538748 0.537215 0.053172
0.616279 0.0458298 0.610629 0.0460568
0.559034 0.0573585 0.554279 0.0589216
0.558658 0.0511959 0.554566 0.053195
0.573492 0.0499355 0.570073 0.0482642
0.564638 0.0562852 0.559932 0.0574195
0.553048 0.0460364 0.550071 0.0442498
0.593815 0.0402325 0.588988 0.0417514
0.573792 0.0479188 0.573501 0.0483506
0.575784 0.0617116 0.571425 0.0619824
0.605424 0.0749312 0.600751 0.0722312
0.56932 0.0352759 0.563809 0.036363
0.589559 0.0469383 0.58309 0.0487845
0.551165 0.0404363 0.55016 0.0409483
0.60212 0.0604788 0.597477 0.060793
0.602501 0.0615463 0.59899 0.0623626
0.650642 0.0601146 0.64727 0.0592564
0.605176 0.0616099 0.601343 0.066415
0.615629 0.074126 0.612101 0.0777599
0.642302 0.0560999 0.638281 0.0584704
0.695282 0.0996617 0.692783 0.103299
0.612211 0.0581233 0.607295 0.0552476
0.613963 0.0482479 0.611063 0.0430677
0.644956 0.0817388 0.642855 0.0845607
0.631474 0.063118 0.627634 0.0642926
0.640603 0.0500138 0.638132 0.049937
0.649438 0.0579205 0.642906 0.0617205
0.637759 0.0736616 0.632972 0.0728933
0.655622 0.0839041 0.652335 0.083704
0.67696 0.0419384 0.668566 0.0461552
0.629226 0.0725525 0.61947 0.075298
0.679003 0.0759279 0.675434 0.0784053
0.668816 0.0663726 0.659856 0.0666864
0.647652 0.0527696 0.644282 0.0484506
0.661286 0.0789009 0.656923 0.0785167
0.676647 0.0853344 0.670937 0.089631
