0.0429927 0.00733796 0.0434826 0.00709585
0.0954444 0.0280574 0.0955727 0.0277646
0.0553662 0.00231559 0.0558806 0.00231381
0.0475848 0.00190128 0.0481922 0.00191295
0.0461263 0.00215993 0.0467328 0.00216357
0.0446878 0.0017095 0.0453289 0.00171255
0.0446212 0.00154866 0.0452673 0.00145079
0.0433526 0.000826353 0.0440223 0.000820097
0.0445519 0.00257998 0.0452137 0.00242247
0.0433131 0.000938131 0.044062 0.000924461
0.0433993 0.00173205 0.0440643 0.00158941
0.0423697 0.000755086 0.0430873 0.000736378
0.043127 0.00230131 0.0437626 0.00207803
0.0439022 0.00187488 0.044535 0.00173534
0.0426583 0.000921682 0.0433926 0.000962485
0.0429752 0.0019977 0.043551 0.00191021
0.0430511 0.0013089 0.0436003 0.00120541
0.0420323 0.000954605 0.0425519 0.000885589
0.043293 0.00206963 0.0438196 0.00190564
0.0436538 0.00219736 0.0441367 0.00206866
0.0435242 0.00246391 0.0438903 0.00224106
0.0439917 0.00354889 0.0443755 0.00336043
0.0438816 0.00317286 0.0442306 0.00295766
0.0449867 0.00238171 0.0452194 0.00221138
0.0430908 0.00251051 0.0433994 0.00236767
0.0462111 0.00491816 0.0463697 0.00463143
0.0459623 0.00387359 0.0460877 0.00365825
0.0483659 0.00588984 0.0484044 0.00571803
0.0472584 0.00386858 0.0472719 0.00371446
0.0488258 0.0090552 0.0487265 0.00886965
0.0451394 0.00567673 0.0451125 0.00560195
0.041581 0.00411495 0.0415305 0.00402705
0.0483192 0.013395 0.0480567 0.0132189
0.0453509 0.0127986 0.0451411 0.0126831
0.0412433 0.0081117 0.0410319 0.00799601
0.0391989 0.00686372 0.0389837 0.0067652
0.0429893 0.0075456 0.042686 0.00745609
0.0419241 0.0105066 0.0416373 0.01043
0.0450037 0.00668316 0.044702 0.00664132
0.0447523 0.00656056 0.0444589 0.00654896
0.0421047 0.00466104 0.0418145 0.00462299
0.0493356 0.00500807 0.0489924 0.00497841
0.0480943 0.00489727 0.047759 0.0048674
0.0493929 0.00508784 0.0490446 0.00505311
0.0527647 0.00291759 0.0523976 0.00290704
0.055019 0.00304523 0.0546377 0.00303303
0.0549118 0.00324733 0.0545251 0.00323877
0.0545456 0.00303384 0.054167 0.00302667
0.0571693 0.00333878 0.056778 0.0033223
0.0592701 0.00293422 0.0588819 0.00293101
0.0591509 0.00355758 0.0587567 0.00354466
0.0595329 0.00282956 0.0591417 0.00281765
0.0596321 0.00196592 0.0592492 0.00195917
0.0598527 0.0012388 0.0594774 0.00122938
0.0589937 0.00242522 0.0586386 0.00239675
0.0560102 0.0027832 0.0556952 0.00273827
0.0560792 0.00331931 0.0557668 0.00327431
0.0554307 0.0044236 0.0551295 0.00435871
0.0532555 0.00270001 0.0529944 0.00265708
0.0505943 0.00388466 0.0503942 0.00383124
0.0513355 0.00390221 0.0511172 0.00383256
0.0506428 0.00420139 0.0504542 0.00413938
0.0493458 0.00197128 0.0491704 0.00192309
0.0490606 0.00124126 0.048899 0.0012124
0.0485436 0.00150827 0.0484028 0.00149053
0.0464416 0.00190939 0.0463276 0.00188636
0.0471786 0.00342292 0.0470529 0.00337603
0.0481632 0.00239408 0.0480191 0.00236444
0.045228 0.00339529 0.0451277 0.00335836
0.0449007 0.00346339 0.0448001 0.00342877
0.0450304 0.0039852 0.0449408 0.00393984
0.042667 0.00431508 0.0426112 0.00426642
0.0443007 0.00575444 0.0442043 0.00566272
0.0411311 0.00343595 0.0410931 0.00339378
0.040762 0.00309544 0.0407347 0.00305111
0.0405823 0.0040892 0.0405528 0.00404537
0.0401862 0.00316712 0.0401582 0.00313122
0.0402421 0.00253317 0.0402172 0.00250062
0.0387816 7.48366e-05 0.0387821 7.81928e-05
0.0395215 0.00219898 0.0395135 0.00217028
