0.788596 1.19227e-05 0.784996 1.35862e-05
0.788594 5.9642e-06 0.784993 6.88204e-06
0.788606 1.25378e-05 0.785008 1.40984e-05
0.788601 1.08967e-05 0.785001 1.23249e-05
0.788603 1.08329e-05 0.785004 1.22121e-05
0.788604 9.25507e-06 0.785005 1.04335e-05
0.788602 1.23732e-05 0.785003 1.40533e-05
0.788606 7.92877e-06 0.785007 8.98432e-06
0.788608 9.17758e-06 0.78501 1.03522e-05
0.788605 8.13768e-06 0.785007 9.09515e-06
0.788602 1.12001e-05 0.785004 1.23169e-05
0.788603 1.38526e-05 0.785004 1.51789e-05
0.788598 1.2145e-05 0.785 1.32267e-05
0.788598 1.8593e-05 0.785001 1.9767e-05
0.788571 2.88262e-05 0.784974 2.97632e-05
0.788525 4.88152e-05 0.784927 4.97633e-05
0.788393 0.000105381 0.784796 0.00010752
0.788369 0.000198369 0.784771 0.000199687
0.788056 0.00026376 0.784457 0.000266009
0.787852 0.000356238 0.784253 0.000355276
0.787507 0.000750342 0.78391 0.000748079
0.785814 0.00141081 0.782208 0.00141435
0.786109 0.00172924 0.782512 0.00173652
0.782143 0.00155876 0.778539 0.00156854
0.779657 0.00482651 0.77603 0.00484825
0.77617 0.0052227 0.772529 0.0052526
0.770893 0.00639504 0.767225 0.00641482
0.767952 0.00836445 0.764281 0.00840146
0.758933 0.00835425 0.755231 0.00840066
0.764705 0.00939095 0.76101 0.00944304
0.754066 0.0167426 0.750289 0.0168439
0.750744 0.0109808 0.746934 0.0110517
0.744581 0.014585 0.740719 0.0147187
0.741935 0.0145351 0.738013 0.0146741
0.735785 0.00597539 0.73183 0.00607229
0.729505 0.00430781 0.725426 0.00440082
0.733722 0.0109224 0.729691 0.0110725
0.72977 0.006693 0.725644 0.00682498
0.731813 0.0104733 0.727722 0.0106262
0.726286 0.00443717 0.72206 0.00454667
0.726786 0.00563992 0.722543 0.00576519
0.725259 0.00163071 0.721007 0.00170731
0.724771 0.00118235 0.720472 0.00125013
0.725899 0.00446792 0.721621 0.00458001
0.725297 0.00284738 0.721011 0.00295866
0.724256 0.000315143 0.719916 0.000327976
0.724015 0.000490705 0.719667 0.000516964
0.724172 0.000604797 0.719835 0.000637066
0.723982 0.000378671 0.71963 0.000398865
0.724045 0.000638845 0.719698 0.000652994
0.723389 0.000708163 0.719028 0.000717121
0.72297 0.00119635 0.718619 0.00119807
0.721061 0.00234304 0.71673 0.00233028
0.721126 0.00294336 0.716797 0.00292413
0.719485 0.002657 0.715155 0.0026264
0.716959 0.0043114 0.71267 0.00426333
0.714 0.00485659 0.709749 0.00478823
0.713989 0.00686249 0.709736 0.00678733
0.710177 0.00451071 0.70598 0.00444129
0.710267 0.00524131 0.706075 0.00516935
0.703358 0.00480357 0.699295 0.00473013
0.704829 0.00492833 0.700724 0.00484192
0.699206 0.00426536 0.695223 0.00417651
0.701214 0.00332885 0.6972 0.00327198
0.699285 0.00532747 0.695321 0.00520421
0.701148 0.00841366 0.697162 0.00825666
0.69495 0.00220256 0.691097 0.00216109
0.695116 0.00296397 0.691264 0.00290659
0.69915 0.00753335 0.695212 0.00739751
0.6929 0.00561892 0.689092 0.00550381
0.692423 0.0037872 0.68862 0.00371813
0.692207 0.00775494 0.688427 0.00760494
0.688983 0.0104388 0.685306 0.0101929
0.683401 0.0100832 0.679863 0.00982777
0.684983 0.00980872 0.681394 0.00954412
0.683345 0.0087181 0.679789 0.00849397
0.685432 0.00967524 0.68183 0.00943642
0.682083 0.0108582 0.678593 0.0105666
0.680028 0.00917464 0.676596 0.00890021
0.671622 0.000962603 0.668506 0.000886543
