0.643778 0.024533 0.639371 0.022503
0.63968 0.0266212 0.632977 0.0266775
0.645793 0.0299264 0.640532 0.029384
0.630412 0.0292066 0.62461 0.0290217
0.618251 0.0140843 0.613143 0.0128293
0.639225 0.0315593 0.633831 0.0312483
0.633466 0.0306865 0.628344 0.0322973
0.643887 0.0345672 0.638357 0.0343853
0.641452 0.0296576 0.636009 0.028738
0.632257 0.0301422 0.626222 0.0301337
0.638291 0.0153115 0.633379 0.0172455
0.628259 0.0252728 0.625117 0.0263468
0.644054 0.0238861 0.637347 0.0233546
0.626721 0.0241681 0.620367 0.0215541
0.641796 0.0287035 0.636888 0.0265235
0.638328 0.0309139 0.635281 0.0284785
0.640062 0.0265294 0.634301 0.0270534
0.641884 0.0313799 0.636768 0.0326111
0.63713 0.033353 0.631235 0.0338861
0.629669 0.033708 0.624204 0.0320072
0.646888 0.0309596 0.640842 0.0282672
0.633333 0.0298479 0.626772 0.0301914
0.627738 0.0164408 0.622903 0.016448
0.641089 0.0268343 0.636341 0.0240746
0.645143 0.0402074 0.63932 0.0372578
0.632654 0.0215939 0.626131 0.0219922
0.620865 0.0257828 0.617638 0.0254199
0.615488 0.0154913 0.611762 0.0151896
0.628595 0.0281821 0.625506 0.0267075
0.631949 0.019515 0.62552 0.0195275
0.659479 0.03525 0.653698 0.0349037
0.627269 0.029628 0.62155 0.0306703
0.625471 0.0346952 0.620407 0.0346118
0.640007 0.0262259 0.63374 0.0248951
0.621778 0.0231808 0.616471 0.0245322
0.636111 0.0230229 0.63244 0.0222562
0.617988 0.0170996 0.613515 0.0192058
0.624849 0.0276551 0.622096 0.0262494
0.626179 0.0241369 0.621097 0.0229577
0.6326 0.0269348 0.62618 0.0252877
0.637759 0.0206529 0.632571 0.0211466
0.617836 0.0263652 0.612921 0.0246736
0.623231 0.0190231 0.616933 0.018344
0.624258 0.0223084 0.616116 0.0190498
0.620769 0.0165762 0.614224 0.0175385
0.625945 0.0297979 0.620004 0.027662
0.624602 0.0275971 0.618779 0.0274459
0.624774 0.0179846 0.62019 0.0179151
0.610124 0.0214328 0.605235 0.0192554
0.616263 0.025707 0.610117 0.0260914
0.620135 0.0188486 0.61649 0.0179709
0.618586 0.0248806 0.615813 0.023696
0.611169 0.0134054 0.606768 0.0128688
0.602262 0.0154064 0.599178 0.0143875
0.626088 0.0294082 0.622199 0.0288484
0.621136 0.026418 0.617242 0.0254441
0.619963 0.0235282 0.612932 0.022635
0.615862 0.0219003 0.611866 0.0200955
0.6086 0.0176221 0.60358 0.0177631
0.614642 0.0244228 0.610427 0.0245123
0.614834 0.0225402 0.608677 0.0227482
0.604443 0.0225226 0.601662 0.0201146
0.627869 0.0325292 0.621246 0.0318281
0.614206 0.023425 0.610105 0.0232249
0.62615 0.0241288 0.618536 0.0248568
0.613074 0.016846 0.60694 0.0166145
0.61353 0.0262071 0.607194 0.026297
0.619335 0.0238894 0.613457 0.0232309
0.615074 0.0286517 0.61001 0.0288216
0.638282 0.0282574 0.630264 0.0276269
0.608947 0.0218313 0.603569 0.0195442
0.606548 0.0253673 0.600701 0.0236147
0.623296 0.0240289 0.617126 0.0225111
0.605187 0.0203674 0.602759 0.0193678
0.616726 0.0170129 0.611764 0.017553
0.608623 0.020983 0.604191 0.0190485
0.616546 0.0257023 0.608921 0.0268579
0.604535 0.0270289 0.597522 0.0251438
0.60798 0.027233 0.602265 0.0262061
0.608995 0.0177178 0.605451 0.0174242
