0.526997 0.00206029 0.519192 0.00195393
0.792672 0.000638215 0.784188 0.000423293
0.794593 0.00387021 0.786325 0.00437087
0.795951 0.00243854 0.787675 0.00253282
0.797366 0.00316033 0.789102 0.00300789
0.804821 0.0181629 0.796204 0.0169648
0.805295 0.00947588 0.796619 0.00961277
0.805045 0.00985963 0.796787 0.00970447
0.813008 0.0125174 0.802979 0.0112979
0.815991 0.0144484 0.806557 0.0129785
0.811672 0.00720938 0.803051 0.00737265
0.820667 0.0128259 0.811035 0.0119022
0.820254 0.0160078 0.809389 0.0133804
0.837731 0.0159022 0.828089 0.0163144
0.829456 0.0132126 0.820008 0.0122447
0.826438 0.0132083 0.816889 0.0122017
0.83344 0.0143237 0.825475 0.0140041
0.830856 0.0118622 0.821815 0.0118001
0.839938 0.01261 0.830466 0.0121002
0.835684 0.00987373 0.827139 0.0101167
0.836646 0.00963977 0.826828 0.00925132
0.834996 0.00637232 0.825383 0.00557763
0.845193 0.0125477 0.834564 0.0126572
0.845434 0.0125977 0.834755 0.0109211
0.843686 0.0101992 0.833639 0.00879692
0.847623 0.0111023 0.836453 0.00990978
0.850319 0.00819981 0.840392 0.00705201
0.852702 0.00976414 0.842703 0.0111182
0.857803 0.00833474 0.846229 0.00756883
0.854747 0.00864011 0.844844 0.00760903
0.852158 0.00936172 0.841108 0.0101222
0.858927 0.00825584 0.848545 0.00815797
0.860857 0.00633095 0.852106 0.00512418
0.862559 0.00684179 0.85155 0.00479642
0.862275 0.0052751 0.850621 0.005637
0.866827 0.00499611 0.855874 0.00461978
0.86205 0.00730465 0.852749 0.00561471
0.863455 0.00569472 0.852774 0.00550394
0.86274 0.00414969 0.8539 0.00420075
0.865823 0.00448363 0.854454 0.00390224
0.870752 0.0047825 0.86036 0.00519644
0.868226 0.00541071 0.856261 0.00466998
0.867838 0.00446228 0.858128 0.00503083
0.871737 0.00628203 0.860707 0.00814994
0.872455 0.00539809 0.860885 0.00498347
0.874761 0.00672953 0.863963 0.00551516
0.872883 0.00478412 0.862103 0.00547327
0.871826 0.0018976 0.861217 0.00223821
0.873859 0.00280261 0.861911 0.0033907
0.874792 0.00640163 0.864142 0.00547559
0.875081 0.00770223 0.863919 0.00658274
0.875644 0.00394121 0.863874 0.00406341
0.877992 0.00438643 0.867802 0.00307605
0.876239 0.00416448 0.866681 0.00462029
0.874314 0.00525857 0.863733 0.00424053
0.877848 0.00498897 0.867808 0.00447795
0.879131 0.00435753 0.868079 0.00373063
0.881789 0.00728375 0.871767 0.00867792
0.883451 0.00595472 0.870928 0.00626924
0.881161 0.00465139 0.870432 0.00347958
0.881069 0.00631821 0.870677 0.00411575
0.879677 0.00687192 0.868392 0.00406988
0.879984 0.00550478 0.869093 0.00536125
0.884982 0.00770111 0.874411 0.0080223
0.881612 0.00394595 0.871523 0.00484695
0.883428 0.00401467 0.871371 0.00392565
0.882899 0.00566976 0.873576 0.00455932
0.884567 0.00810378 0.875436 0.0088814
0.887688 0.00500999 0.876706 0.00611981
0.888343 0.00659524 0.876188 0.00541031
0.884255 0.00464864 0.873954 0.0041987
0.886255 0.00256614 0.876018 0.00334187
0.884828 0.00546467 0.874352 0.00389731
0.887029 0.00438099 0.875248 0.00456678
0.89027 0.00527002 0.878426 0.00357614
0.886729 0.00526827 0.876728 0.00551281
0.888978 0.00671535 0.879379 0.0069039
0.889803 0.00654757 0.879956 0.0075816
0.890309 0.00429025 0.881134 0.00458803
0.891533 0.0044945 0.880363 0.00624257
0.889582 0.006823 0.87935 0.00604213
0.893426 0.00771979 0.881576 0.00759619
0.893863 0.0037038 0.8818 0.00526673
0.892663 0.00374282 0.882976 0.00598413
0.890052 0.00465522 0.880679 0.00499123
0.893485 0.00594042 0.883347 0.00622196
0.890718 0.00483252 0.88139 0.00420704
0.893387 0.0071971 0.883609 0.00610337
0.89503 0.00379513 0.885257 0.00467756
0.895581 0.00644337 0.886582 0.00605436
0.899019 0.00343877 0.889609 0.00617745
0.898228 0.00593789 0.886268 0.00516316
0.898139 0.0044042 0.886868 0.00463226
0.895856 0.004987 0.885864 0.0074448
0.898217 0.00341128 0.886916 0.00433456
0.899588 0.00647868 0.890004 0.00621409
0.899384 0.00358065 0.889948 0.00360991
0.897631 0.00947529 0.889025 0.00873176
0.902261 0.00619564 0.892104 0.00764687
0.898303 0.00544906 0.887803 0.00604284
