0.0452207 0.00300618 0.0454427 0.00289921
0.0418592 0.003641 0.0421128 0.00343502
0.0426299 0.00324967 0.0428121 0.00313947
0.0390947 0.00243515 0.0393895 0.00235338
0.0397068 0.00215396 0.0399472 0.00207793
0.0366388 0.00154609 0.0370473 0.00142398
0.0371654 0.00228048 0.0375394 0.00213798
0.0369957 0.00257281 0.0374208 0.00246649
0.0377035 0.00159999 0.038108 0.00149245
0.03726 0.00179434 0.0377126 0.00171554
0.0368887 0.0013301 0.0373714 0.00127088
0.0366092 0.00129477 0.0371052 0.00123276
0.0366612 0.00168722 0.0371599 0.00159056
0.0368971 0.00136201 0.0374115 0.00131793
0.0369168 0.00244478 0.0374597 0.00233841
0.0364612 0.00136216 0.0370008 0.0012958
0.0365103 0.00079156 0.0370664 0.000763069
0.0368121 0.00101005 0.0373371 0.000935197
0.0363653 0.0010148 0.0369531 0.00097121
0.0366496 0.00148363 0.0372126 0.00143709
0.0361207 0.00107654 0.0366842 0.00103454
0.0369614 0.00214408 0.0375191 0.0020498
0.0361415 0.000745643 0.0367319 0.000747274
0.0358608 0.000746618 0.0364568 0.000722662
0.0361534 0.00122032 0.0367353 0.00120338
0.0363083 0.000607283 0.0369 0.000588666
0.0361377 0.000968502 0.0367586 0.00095406
0.0363125 0.000586512 0.0369181 0.00058618
0.0355377 0.000662334 0.0361507 0.000657164
0.0361146 0.000885875 0.0367244 0.00087422
0.0369376 0.00237751 0.0375332 0.00227083
0.0364649 0.000831876 0.0371086 0.000813332
0.0356851 0.00130376 0.0362923 0.00126752
0.0359916 0.00117594 0.0366003 0.00115898
0.0356245 0.00116774 0.0362329 0.00113057
0.0354986 0.000893924 0.0361522 0.000915259
0.035187 0.000945168 0.0358157 0.000960925
0.0352308 0.000653479 0.0358559 0.000675628
0.0350754 0.000769604 0.0357164 0.00079048
0.0349546 0.000803079 0.0356038 0.000814847
0.0349078 0.00136607 0.0355511 0.00139402
0.035156 0.000960446 0.0358097 0.000981555
0.0349801 0.000749986 0.0356223 0.000771707
0.0349187 0.00117729 0.0355681 0.00120166
0.0342817 0.00097599 0.0349132 0.00101112
0.0345951 0.000837711 0.0352364 0.000853484
0.0341391 0.000985606 0.034773 0.000988821
0.035234 0.00144822 0.0358657 0.00139239
0.0343378 0.00103526 0.034979 0.00105726
0.0335819 0.00116422 0.0342071 0.00117016
0.0342834 0.00139103 0.0349356 0.00143754
0.0341774 0.000751669 0.0348338 0.000790389
0.0338378 0.00154894 0.0344918 0.00159718
0.0336519 0.00124625 0.0342895 0.00128432
0.0339275 0.00104962 0.0345821 0.00107851
0.0339827 0.00123093 0.0346418 0.00128206
0.0337355 0.00141575 0.0343708 0.0014602
0.0339938 0.00163237 0.0346505 0.00168551
0.0324482 0.00150529 0.0330387 0.00156816
0.033627 0.000914266 0.0342694 0.000944215
0.0333062 0.00145831 0.033951 0.00150288
0.0336833 0.00142781 0.0343265 0.00146578
0.0323053 0.00154508 0.0329118 0.00158152
0.033433 0.000998979 0.0340647 0.00102416
0.0326168 0.00143555 0.0332208 0.00149364
0.0315583 0.00117162 0.032137 0.00121264
0.0318011 0.00134218 0.0323744 0.00137907
0.031051 0.0012263 0.031609 0.00129249
0.031567 0.00162362 0.0321121 0.00166574
0.0314546 0.00196796 0.0320231 0.00202421
0.0313947 0.00177999 0.0319786 0.00186039
0.0310485 0.00155996 0.0315749 0.00163666
0.0311538 0.0020641 0.031672 0.00212903
0.0308526 0.00205696 0.0313896 0.00211188
0.0319036 0.00138281 0.0324518 0.00142629
0.0308361 0.00117533 0.0313385 0.00121199
0.0318292 0.0015821 0.0323674 0.00165207
0.0299847 0.00394325 0.0304393 0.00398102
0.0307922 0.00105223 0.0312895 0.00111819
0.0302839 0.0029854 0.030781 0.00307192
