0.692076 0.0367336 0.688703 0.0370152
0.600804 0.0509774 0.59653 0.0512113
0.546493 0.030906 0.542015 0.0308892
0.506798 0.0225833 0.502517 0.0223489
0.515052 0.0197687 0.510679 0.0195555
0.500051 0.0374628 0.496016 0.0370353
0.496137 0.0299501 0.49223 0.0294594
0.499134 0.0404631 0.495252 0.039962
0.481278 0.0158055 0.477686 0.0154667
0.475496 0.0100632 0.472024 0.00985903
0.480613 0.0139389 0.477159 0.0136128
0.470845 0.00752622 0.467695 0.00735365
0.470088 0.00758925 0.467053 0.00737513
0.46536 0.00792396 0.462342 0.00780058
0.469541 0.00905715 0.46646 0.00883
0.469207 0.00799992 0.46625 0.00779038
0.468315 0.00749222 0.465316 0.00731857
0.468666 0.0111728 0.465636 0.0109671
0.464039 0.00959285 0.461179 0.00938078
0.470847 0.0136224 0.46784 0.0133035
0.462697 0.00986995 0.459908 0.00980563
0.458187 0.0123712 0.455547 0.0121556
0.464297 0.0129384 0.461449 0.0127552
0.457639 0.0106627 0.454864 0.0104841
0.460317 0.014762 0.457407 0.0146592
0.468717 0.0129032 0.465911 0.0125838
0.467713 0.0119073 0.464758 0.0117745
0.45957 0.0152616 0.456758 0.0150566
0.458813 0.00664606 0.455999 0.00656328
0.461152 0.0148107 0.458357 0.0147104
0.455103 0.0184281 0.452393 0.0182375
0.461451 0.00954569 0.458638 0.0093333
0.449998 0.0129863 0.447302 0.0129077
0.446173 0.026687 0.443499 0.0263529
0.454572 0.016873 0.451862 0.0166171
0.444247 0.026559 0.441577 0.0262292
0.442177 0.0187476 0.439616 0.018514
0.453203 0.0239975 0.450511 0.0237551
0.447316 0.0181187 0.444589 0.0178416
0.445578 0.0255765 0.442961 0.0252775
0.447733 0.014096 0.445008 0.0140579
0.450637 0.0246581 0.447839 0.0243749
0.435225 0.0181421 0.432605 0.0180148
0.438669 0.0315239 0.436112 0.0309687
0.43996 0.0340033 0.437291 0.0336493
0.432056 0.0272062 0.429465 0.0268493
0.428537 0.0281861 0.426195 0.0278464
0.433714 0.0180868 0.43108 0.0179469
0.416684 0.0206856 0.414299 0.0200468
0.422283 0.0182276 0.419786 0.018021
0.422359 0.0193389 0.419793 0.0190476
0.422013 0.0262301 0.419624 0.025801
0.419724 0.0388509 0.417421 0.0381286
0.412662 0.0194526 0.410489 0.0189818
0.416111 0.0317255 0.414055 0.0308675
0.403674 0.0333591 0.401856 0.0325896
0.429768 0.023941 0.427196 0.0234808
0.416477 0.0311566 0.414197 0.0305775
0.395923 0.0152608 0.394169 0.0145512
0.397375 0.0260142 0.395694 0.0252332
0.392874 0.0212464 0.391072 0.0205254
0.412619 0.0235642 0.410418 0.0228077
0.404538 0.0278175 0.402513 0.0270248
0.408714 0.0337321 0.40664 0.0327692
0.395539 0.0299275 0.393768 0.0292025
0.412247 0.0295626 0.409987 0.0288227
0.40015 0.0280996 0.398164 0.0273004
0.39901 0.0169368 0.397152 0.0161794
0.393426 0.0285491 0.391858 0.0276475
0.390938 0.0250395 0.389272 0.0241246
0.385396 0.0151605 0.38389 0.0145505
0.396353 0.0266303 0.394398 0.0259786
0.390804 0.0339846 0.389234 0.0330586
0.399662 0.033879 0.397907 0.0329887
0.380854 0.0265998 0.379502 0.0258354
0.395271 0.0365545 0.393528 0.03532
0.371228 0.0132351 0.370301 0.0125542
0.389171 0.0282226 0.387779 0.027146
0.385871 0.0173433 0.384111 0.0166395
0.391607 0.0436089 0.390145 0.0425198
