0.725099 0.016364 0.721287 0.0164027
0.720155 0.0112728 0.716307 0.0113023
0.743925 0.0167335 0.740158 0.0167807
0.730557 0.022565 0.726725 0.0226369
0.733885 0.0250349 0.73007 0.0251407
0.719294 0.01524 0.715442 0.0152878
0.731083 0.0182929 0.727262 0.0183634
0.726563 0.022207 0.722744 0.0222747
0.725812 0.0234108 0.721956 0.0235018
0.727315 0.0168788 0.723504 0.0169395
0.720562 0.0170072 0.716658 0.0170846
0.726243 0.0156097 0.722379 0.0156696
0.726693 0.0189571 0.722835 0.0190451
0.720617 0.0185394 0.716708 0.0186312
0.728175 0.0239603 0.724281 0.0240557
0.727557 0.0207715 0.723648 0.0208809
0.720468 0.0263444 0.716526 0.0264659
0.72315 0.0185957 0.719206 0.0187079
0.717435 0.0251097 0.713456 0.025239
0.720535 0.0181502 0.716534 0.0182543
0.717904 0.0132598 0.713867 0.0133228
0.727347 0.0167936 0.723371 0.0169368
0.728119 0.0198258 0.724193 0.0199356
0.713833 0.0250406 0.709761 0.0251971
0.704622 0.0230089 0.700507 0.0231137
0.713971 0.0305814 0.709908 0.0307509
0.697486 0.0215891 0.693267 0.0216903
0.703571 0.0189549 0.699343 0.0190283
0.713637 0.0239364 0.709524 0.0240758
0.696654 0.0233222 0.692364 0.0234638
0.701162 0.0172942 0.696956 0.0173677
0.701979 0.0136185 0.697734 0.0137326
0.70708 0.0229409 0.702905 0.0231004
0.694811 0.0208236 0.690541 0.0209596
0.722685 0.0259103 0.718613 0.0261068
0.692786 0.0214674 0.688438 0.0216915
0.686138 0.0156714 0.681757 0.0158521
0.699955 0.0261294 0.695676 0.0262853
0.689236 0.028778 0.684802 0.0290265
0.700271 0.0154566 0.695976 0.0155966
0.683078 0.0222291 0.678639 0.0223704
0.693228 0.026955 0.688853 0.0271102
0.697858 0.0262441 0.693493 0.0264383
0.695103 0.0299366 0.69071 0.0301747
0.690225 0.0353967 0.685822 0.0356311
0.670279 0.0253978 0.665642 0.0254978
0.693197 0.018548 0.688705 0.0186561
0.681992 0.0261589 0.67747 0.0263188
0.688033 0.0257528 0.683538 0.0259834
0.663562 0.0234477 0.65892 0.02363
0.674533 0.0229067 0.66993 0.0230596
0.664166 0.0348625 0.659468 0.0351442
0.679324 0.024451 0.674743 0.0247053
0.664039 0.0185503 0.659271 0.0186308
0.668693 0.0238315 0.66393 0.0239707
0.669445 0.023673 0.664769 0.0239314
0.661003 0.0320733 0.656303 0.0322601
0.682952 0.0356053 0.678321 0.0359108
0.665081 0.0224493 0.660277 0.0225524
0.666256 0.0255732 0.661484 0.0257495
0.673611 0.0272373 0.668903 0.0274891
0.675322 0.0181154 0.670675 0.0183065
0.669387 0.0236391 0.664655 0.0238375
0.678224 0.0199722 0.6735 0.0202042
0.660417 0.0209658 0.6556 0.0210937
0.667236 0.0279486 0.662518 0.0282369
0.657581 0.0287319 0.652793 0.0288432
0.65907 0.0141061 0.654206 0.0142175
0.65739 0.0222589 0.652562 0.0223989
0.662228 0.0226394 0.657396 0.0227941
0.6632 0.0394674 0.658427 0.0398414
0.660035 0.0271152 0.655293 0.0272627
0.67275 0.0345912 0.668065 0.0348683
0.662968 0.0187419 0.658069 0.0188452
0.658691 0.0199243 0.653725 0.0200501
0.651029 0.0195075 0.646083 0.0195717
0.658478 0.0144898 0.653599 0.0146272
0.656581 0.0138975 0.651692 0.0138538
0.656524 0.0209023 0.651592 0.0209794
0.663866 0.0222768 0.658942 0.0224669
