0.788131 7.57648e-05 0.784464 8.73905e-05
0.788101 5.39684e-05 0.784423 6.11876e-05
0.788083 4.67188e-05 0.784407 5.34612e-05
0.788154 5.92156e-05 0.784486 6.28175e-05
0.788114 5.64928e-05 0.784441 6.45894e-05
0.788166 6.50711e-05 0.784501 7.11425e-05
0.788126 4.58179e-05 0.784456 4.77032e-05
0.788115 5.26542e-05 0.784449 6.10599e-05
0.788184 6.73306e-05 0.784523 7.55911e-05
0.788177 6.79521e-05 0.784516 7.79594e-05
0.788174 0.000101576 0.784515 0.000115436
0.788196 8.43165e-05 0.784539 9.71133e-05
0.788163 0.000106995 0.784504 0.000118062
0.788168 0.000129057 0.784513 0.000146751
0.788109 0.000104419 0.784456 0.000117115
0.788029 0.000114631 0.784374 0.000123879
0.787881 0.000165349 0.784224 0.000175948
0.787942 0.000206367 0.784295 0.000209859
0.787319 0.000574528 0.783658 0.000591643
0.786388 0.000814441 0.782721 0.000832063
0.786123 0.000743623 0.78249 0.000760127
0.786098 0.00154018 0.782458 0.00153395
0.782403 0.00277691 0.778752 0.00278833
0.781426 0.00362427 0.777762 0.00362535
0.777538 0.00411068 0.773888 0.00415436
0.775894 0.00649261 0.772243 0.00652725
0.76861 0.00463698 0.76489 0.00469239
0.760493 0.00901416 0.756793 0.00905948
0.761859 0.0103784 0.758153 0.0104404
0.747665 0.0131058 0.743831 0.0132323
0.748642 0.0140942 0.744852 0.0142132
0.742522 0.0112737 0.738562 0.0113633
0.73678 0.0100836 0.732827 0.0102123
0.737294 0.00842638 0.733343 0.00859294
0.730903 0.00530686 0.726822 0.00544305
0.730438 0.00799391 0.726284 0.00813426
0.725748 0.00273297 0.721506 0.0028594
0.725438 0.00112648 0.721211 0.00118072
0.725403 0.00312217 0.721149 0.00320379
0.726738 0.00234444 0.722505 0.00239466
0.726673 0.0046215 0.722361 0.0046766
0.729127 0.0124901 0.724886 0.0127139
0.724225 0.000504523 0.719905 0.000570862
0.723984 0.000359706 0.719619 0.000402256
0.72384 0.000404186 0.71946 0.000435618
0.72434 0.00104296 0.719964 0.00115153
0.723903 0.000692811 0.719547 0.000735075
0.723506 0.000821642 0.719118 0.000863938
0.724137 0.00161387 0.71981 0.00167931
0.722564 0.0012194 0.71815 0.00120861
0.722566 0.00138681 0.71815 0.0014184
0.720767 0.00172379 0.716365 0.00173015
0.720756 0.00206917 0.716363 0.00207219
0.719315 0.00259146 0.714944 0.00257624
0.716233 0.00382707 0.711876 0.00384087
0.713878 0.00617185 0.709547 0.00614354
0.716013 0.00676104 0.71171 0.00677152
0.712293 0.00699394 0.707989 0.00693754
0.709954 0.00771908 0.705717 0.0076629
0.705097 0.0058288 0.700869 0.00573726
0.701391 0.00330843 0.697238 0.00324133
0.704881 0.00824847 0.70071 0.00814902
0.70081 0.00439608 0.696753 0.00434475
0.697797 0.00226319 0.69374 0.0022465
0.697396 0.00383961 0.693339 0.00375511
0.701216 0.00916579 0.697128 0.00903162
0.694553 0.00390706 0.690689 0.00380379
0.692947 0.00507964 0.68909 0.00493898
0.688767 0.00620717 0.685 0.00605666
0.693501 0.0083429 0.689679 0.00812883
0.690508 0.00852275 0.686755 0.00826099
0.689214 0.00906722 0.685507 0.00886337
0.683284 0.00975877 0.679758 0.00948399
0.685976 0.00808379 0.682294 0.00791079
0.684812 0.0113586 0.681163 0.0110849
0.682926 0.0106189 0.679422 0.0103078
0.682529 0.00800356 0.678999 0.00771571
0.677017 0.0078534 0.673693 0.00759602
0.675862 0.00939769 0.672617 0.00907037
0.675769 0.0105839 0.672536 0.0102717
