0.787644 0.000265645 0.784074 0.000269907
0.787536 0.000326012 0.783962 0.000330692
0.787579 0.000318308 0.784013 0.000321919
0.787526 0.000204908 0.783952 0.000208281
0.787719 0.000211151 0.784146 0.0002144
0.787643 0.000237316 0.784068 0.000239458
0.787713 0.000274191 0.784139 0.000274892
0.787686 0.000337748 0.784106 0.000339767
0.787731 0.000226395 0.784152 0.000225466
0.787794 0.000202116 0.784217 0.000204691
0.787824 0.000143329 0.784249 0.000144809
0.787678 0.000162307 0.784096 0.000157645
0.787778 0.000200414 0.7842 0.000201178
0.78769 0.000396005 0.784107 0.000401476
0.787691 0.000318425 0.784101 0.000321613
0.787336 0.0004193 0.78374 0.000426725
0.78702 0.000551743 0.783417 0.000554938
0.7864 0.000796102 0.782787 0.000805033
0.785955 0.00105851 0.782342 0.001073
0.784692 0.0018256 0.781077 0.00184327
0.782857 0.00315378 0.779224 0.00318303
0.78043 0.00411541 0.776744 0.00415758
0.777319 0.00801389 0.773615 0.0080747
0.771938 0.00604208 0.768242 0.00612268
0.763051 0.0124974 0.759249 0.0125572
0.753738 0.0112191 0.749912 0.0113881
0.75679 0.0142077 0.752952 0.0143243
0.74532 0.0107297 0.741239 0.0108138
0.743656 0.01304 0.7396 0.0131068
0.734742 0.0106647 0.730615 0.0107834
0.728807 0.00587693 0.7246 0.00600445
0.732899 0.0124686 0.728688 0.0126464
0.725022 0.00174497 0.720698 0.00182002
0.726624 0.00536448 0.722355 0.00555276
0.724813 0.00115593 0.720533 0.00123686
0.723924 0.000336774 0.719539 0.000373566
0.731028 0.0140219 0.726819 0.0142833
0.723974 0.000614338 0.71954 0.000619847
0.723985 0.000926435 0.719602 0.00102288
0.723702 0.000199353 0.719271 0.000223924
0.723886 0.000490002 0.719494 0.000544155
0.723644 0.000224809 0.719216 0.000248747
0.72377 0.000340036 0.71936 0.000378716
0.723571 0.000418793 0.719176 0.000436098
0.723567 0.000544285 0.719186 0.00055957
0.722707 0.0010073 0.718322 0.00100169
0.722608 0.000943894 0.718214 0.000937594
0.722089 0.00180937 0.717713 0.00177491
0.72079 0.00234472 0.716421 0.0023272
0.718309 0.00418057 0.713998 0.00410313
0.714709 0.00531052 0.710454 0.00523589
0.713115 0.00346914 0.708954 0.00339739
0.711362 0.00577605 0.707189 0.00569615
0.711271 0.00735382 0.707137 0.00719826
0.707403 0.00856366 0.703328 0.00843644
0.706009 0.00578091 0.701965 0.00567791
0.699775 0.00426863 0.69586 0.00422415
0.699681 0.00450048 0.695728 0.0044331
0.698809 0.0042571 0.694882 0.00421815
0.697335 0.00265907 0.693468 0.00261575
0.699346 0.00767409 0.695433 0.0075005
0.69781 0.00702878 0.693898 0.0068506
0.693298 0.00392792 0.689481 0.00387853
0.693401 0.00323636 0.689598 0.00319239
0.691041 0.00524866 0.687283 0.00516184
0.69156 0.00539568 0.687818 0.00531549
0.684648 0.00763029 0.681001 0.0075
0.681258 0.00721566 0.677695 0.00706136
0.68663 0.00769184 0.682963 0.00751838
0.682914 0.0130102 0.679394 0.0126927
0.679336 0.00885269 0.675892 0.00861663
0.679861 0.010758 0.676405 0.010459
0.676793 0.00904751 0.67349 0.00878994
0.674974 0.00892048 0.67175 0.00866567
0.678019 0.0101942 0.674717 0.0098479
0.674166 0.00927718 0.67103 0.00899694
0.673822 0.00969925 0.670682 0.00942309
0.671132 0.00135636 0.668051 0.00120823
0.672418 0.00663685 0.669386 0.00639368
0.670589 0.000764351 0.667614 0.000709814
