0.0459757 0.00107878 0.0464176 0.00103072
0.114862 0.000726863 0.113206 0.000651882
0.120564 0.00949274 0.119056 0.00919884
0.123336 0.00522523 0.121577 0.00528851
0.130398 0.00986084 0.128836 0.0100227
0.141305 0.00999292 0.139624 0.00984386
0.147539 0.0184572 0.146855 0.0179148
0.149477 0.0124943 0.148125 0.0124071
0.158984 0.0205462 0.157202 0.0206703
0.159047 0.0118785 0.157556 0.0114272
0.171577 0.0194809 0.168711 0.0188216
0.179735 0.0194436 0.178815 0.0182309
0.198846 0.0226557 0.197139 0.022496
0.196176 0.0237615 0.193651 0.0228624
0.200806 0.014668 0.198972 0.0139394
0.205995 0.0128819 0.202322 0.0129604
0.21527 0.0187865 0.212367 0.017614
0.21473 0.0168924 0.212242 0.0157501
0.217849 0.0152295 0.21482 0.0139571
0.227138 0.0165945 0.223383 0.0164061
0.232482 0.0199229 0.229799 0.0192716
0.236065 0.0130693 0.23377 0.0123808
0.245972 0.0118092 0.243161 0.011155
0.248521 0.0129999 0.245564 0.0118294
0.257481 0.0139167 0.253228 0.0139001
0.255689 0.0126832 0.252218 0.0117723
0.250906 0.0108923 0.246939 0.00991618
0.260831 0.00967706 0.258385 0.00780146
0.259515 0.00509484 0.25621 0.00481108
0.272162 0.0101492 0.269061 0.010057
0.267194 0.0125591 0.263226 0.0119365
0.273721 0.0129384 0.269721 0.0137333
0.279267 0.0137345 0.276489 0.0142155
0.27871 0.00812002 0.275498 0.00900414
0.289075 0.0148193 0.28575 0.0151233
0.287684 0.0118148 0.284724 0.0109478
0.294646 0.0129277 0.290438 0.014119
0.298317 0.0119716 0.293997 0.0107375
0.303185 0.0141725 0.298892 0.0139799
0.295743 0.014383 0.292126 0.0127385
0.302385 0.0101564 0.298652 0.0101536
0.306825 0.00957476 0.303469 0.0088708
0.30491 0.0165202 0.300923 0.0152468
0.310276 0.0122175 0.305736 0.0106979
0.311042 0.00692146 0.308658 0.00767832
0.308182 0.00868203 0.304914 0.0104678
0.317557 0.0143941 0.315717 0.0128496
0.322967 0.0251889 0.318783 0.0236281
0.32495 0.0131837 0.31917 0.0130334
0.330111 0.0164978 0.326579 0.0178375
0.327122 0.0123056 0.323057 0.0138443
0.339718 0.0194417 0.337788 0.021309
0.332154 0.0117657 0.326518 0.0115249
0.340028 0.0200596 0.336838 0.02075
0.3466 0.0195752 0.341745 0.0182067
0.353894 0.0205247 0.349617 0.0215969
0.347718 0.015024 0.342149 0.013605
0.352331 0.0184785 0.347529 0.0169452
0.353511 0.0213431 0.348451 0.0197686
0.349342 0.0169345 0.346472 0.0150145
0.35047 0.0152543 0.346226 0.0158692
0.359694 0.0284367 0.355305 0.0261948
0.367202 0.018517 0.3631 0.0155394
0.364505 0.00859597 0.360746 0.00839428
0.36292 0.0169992 0.358687 0.01755
0.38261 0.0196479 0.376623 0.0203783
0.384764 0.0288473 0.378278 0.0280568
0.378061 0.0177812 0.373089 0.0191314
0.397049 0.0188817 0.39258 0.0192146
0.376466 0.0163437 0.374233 0.0168649
0.391942 0.0241875 0.387936 0.0245883
0.389029 0.0199816 0.386089 0.0213996
0.383005 0.0157394 0.379153 0.0150363
0.381913 0.0247009 0.377117 0.0241738
0.389747 0.025189 0.385121 0.0244444
0.410837 0.0365423 0.404268 0.0320952
0.40716 0.0223612 0.403606 0.0211374
0.396681 0.0169864 0.394549 0.0166868
0.404076 0.0184777 0.400389 0.0196861
0.399387 0.0161488 0.394513 0.0154495
0.401724 0.0201748 0.399428 0.0238567
0.426391 0.0210907 0.423235 0.0185901
0.420979 0.0234256 0.417817 0.0244111
0.415229 0.0189432 0.412534 0.0195552
0.434552 0.0142945 0.430976 0.0177761
0.416881 0.0255645 0.410273 0.0244164
0.428195 0.0280904 0.424942 0.0258666
0.441691 0.030041 0.4369 0.0305674
0.436957 0.0318529 0.430832 0.0325742
0.438536 0.0233928 0.436732 0.0210337
0.445313 0.0330339 0.444301 0.0348299
0.440016 0.0286144 0.437879 0.0307462
0.443712 0.0240238 0.441668 0.0238474
0.454246 0.0423119 0.450924 0.0449695
0.459951 0.0252652 0.453785 0.0218492
0.440137 0.0251448 0.434787 0.0249403
0.478913 0.033284 0.476636 0.0314411
0.45643 0.0171667 0.453709 0.0156573
0.466194 0.0285796 0.459387 0.0270593
0.454511 0.0148561 0.45098 0.0151566
