0.575785 0.0612379 0.567329 0.0611413
0.793312 0.00108784 0.785212 0.00112797
0.794069 0.000913075 0.785864 0.000629857
0.7957 0.0015134 0.787638 0.0013425
0.797602 0.00173532 0.789766 0.00146427
0.800715 0.00317465 0.792839 0.00381675
0.811875 0.0164109 0.803403 0.0154868
0.809622 0.0105 0.800983 0.0100663
0.815783 0.00992695 0.806648 0.0108466
0.822191 0.0154833 0.812958 0.0132778
0.823254 0.0171507 0.815105 0.0157349
0.825333 0.0110968 0.817655 0.0111871
0.830384 0.0113465 0.821397 0.0111664
0.833208 0.0103416 0.823885 0.0101053
0.836497 0.00611558 0.828269 0.00623695
0.839305 0.00932021 0.832146 0.00725266
0.842253 0.0177718 0.833022 0.0159015
0.841312 0.0115177 0.831641 0.0105065
0.854942 0.0132842 0.846028 0.0136076
0.850651 0.0095525 0.840832 0.0103282
0.855359 0.0209226 0.844235 0.0209758
0.851344 0.00539506 0.842775 0.00628763
0.856578 0.0112552 0.846657 0.0111395
0.858692 0.00776509 0.848831 0.00624619
0.859126 0.00548651 0.849515 0.00431563
0.866582 0.0118933 0.856101 0.011928
0.86749 0.00708792 0.857643 0.00752804
0.860711 0.00599345 0.850513 0.00597244
0.868535 0.019388 0.859666 0.0193472
0.874099 0.014277 0.865094 0.0155419
0.870322 0.0151356 0.860074 0.0155399
0.871837 0.0102863 0.865511 0.010525
0.876619 0.0134825 0.865471 0.012074
0.878092 0.0193577 0.867081 0.0191758
0.881784 0.0130466 0.871888 0.0125142
0.875938 0.00440811 0.866228 0.00383178
0.879762 0.00984005 0.8713 0.00953043
0.884032 0.0114274 0.872256 0.0115968
0.886101 0.0113753 0.875649 0.0108361
0.881543 0.0117878 0.869737 0.0129257
0.889403 0.010401 0.880603 0.0112211
0.880778 0.00694939 0.872416 0.00692382
0.886425 0.0145781 0.87591 0.0143479
0.888553 0.0102536 0.879102 0.0109193
0.889364 0.0125583 0.879828 0.0135171
0.887973 0.0167282 0.877725 0.0157823
0.894066 0.0198324 0.883537 0.0209929
0.88628 0.0150744 0.875743 0.0135379
0.894138 0.0100258 0.884014 0.0107047
0.890552 0.00708555 0.879469 0.00820743
0.889937 0.00578248 0.879087 0.00483513
0.890867 0.00891824 0.880633 0.00925202
0.895344 0.0101606 0.885829 0.0102084
0.894289 0.0102308 0.884662 0.0109234
0.894097 0.0107116 0.88431 0.0107716
0.898202 0.0104665 0.889947 0.0122223
0.900748 0.0133939 0.889698 0.0135499
0.896166 0.00897042 0.886143 0.00898876
0.900026 0.0115345 0.890332 0.0123815
0.898612 0.00837482 0.88897 0.00803834
0.894288 0.0118943 0.885771 0.0112255
0.902337 0.010784 0.892163 0.0122931
0.892823 0.00842578 0.883931 0.00871481
0.899029 0.0082296 0.889796 0.00859391
0.911465 0.011085 0.902658 0.0114983
0.905158 0.0132934 0.896621 0.0131187
0.900719 0.0115472 0.893714 0.0125538
0.905591 0.00871794 0.896867 0.00769439
0.911451 0.00987573 0.901195 0.00933698
0.905789 0.0150757 0.897988 0.0165055
0.903924 0.00607229 0.894159 0.00605363
0.90066 0.0110038 0.890602 0.00960637
0.905399 0.0132124 0.89605 0.0114729
0.907495 0.00487238 0.896595 0.00583515
0.921039 0.0229665 0.91233 0.0244309
0.915998 0.0146647 0.905462 0.0163705
0.911061 0.0135218 0.902595 0.0128377
0.910802 0.0157681 0.901955 0.0179712
0.921176 0.0135146 0.909079 0.0136464
0.915387 0.0121594 0.905467 0.0133074
0.908808 0.0103617 0.900127 0.00902792
0.904327 0.00729687 0.898868 0.00803792
0.909534 0.0106019 0.902213 0.00954163
0.911751 0.00803239 0.903465 0.00745882
0.913514 0.00903021 0.906055 0.0100959
0.916767 0.01615 0.909486 0.0169166
0.918876 0.0130237 0.910242 0.0119255
0.913705 0.0101378 0.906745 0.00954088
0.920482 0.0203869 0.914252 0.0211836
0.915889 0.0108576 0.907698 0.00991842
0.920184 0.00529008 0.912481 0.00563238
0.922062 0.00885033 0.913457 0.0104058
0.918258 0.00918843 0.910856 0.00953688
0.922591 0.0103739 0.915913 0.010843
0.918235 0.00919903 0.910872 0.00930687
0.922016 0.00643579 0.915799 0.00790451
0.917999 0.0087224 0.909553 0.01045
0.926903 0.0135254 0.91854 0.0115133
0.925269 0.018485 0.915751 0.018035
0.926843 0.0105255 0.918093 0.0117721
