0.788459 3.69307e-05 0.784841 4.25133e-05
0.78848 3.94327e-05 0.784864 4.47197e-05
0.788486 4.35164e-05 0.784871 4.96124e-05
0.78847 3.31086e-05 0.784853 3.79328e-05
0.788479 4.24773e-05 0.784863 4.80942e-05
0.788494 3.31518e-05 0.78488 3.74025e-05
0.788481 4.78697e-05 0.784865 5.40322e-05
0.788511 3.65025e-05 0.7849 4.16486e-05
0.788496 2.36083e-05 0.784883 2.73766e-05
0.78851 1.99663e-05 0.784899 2.2515e-05
0.788489 4.857e-05 0.784876 5.46141e-05
0.788513 3.60015e-05 0.784902 3.98485e-05
0.788485 2.38865e-05 0.784873 2.63963e-05
0.788502 4.107e-05 0.784895 4.48723e-05
0.788449 7.63978e-05 0.784839 8.1316e-05
0.788409 0.000111703 0.784797 0.000119282
0.788362 0.000131487 0.784755 0.000133435
0.788357 0.000143932 0.784751 0.000146847
0.787937 0.000349496 0.784336 0.000354435
0.787572 0.000610565 0.783966 0.000616762
0.786756 0.000780683 0.783149 0.000779492
0.786455 0.00137204 0.782852 0.00136431
0.783716 0.00277517 0.780097 0.00279672
0.782739 0.00153501 0.779114 0.00153313
0.781168 0.00433083 0.777541 0.004344
0.775868 0.00532576 0.772237 0.00531834
0.772259 0.0108673 0.768613 0.0109027
0.772107 0.00678076 0.76844 0.00679937
0.766071 0.0101018 0.762393 0.010139
0.759253 0.0140574 0.755483 0.0141618
0.745968 0.0115065 0.742134 0.0115805
0.748574 0.0142815 0.744747 0.0143981
0.740257 0.0105125 0.73638 0.010624
0.735466 0.00617743 0.73155 0.00627933
0.733673 0.0127731 0.729603 0.0128927
0.736354 0.0117452 0.732374 0.0119151
0.730081 0.00722532 0.725957 0.0073553
0.73211 0.0138907 0.72799 0.0140815
0.725249 0.0011928 0.721005 0.00123452
0.726743 0.00557883 0.722496 0.00565848
0.724418 0.000467043 0.720102 0.000521098
0.724713 0.00157588 0.720412 0.00167401
0.724514 0.00053664 0.720216 0.000603404
0.725699 0.00370433 0.72142 0.00384187
0.724158 0.000339513 0.719815 0.00035653
0.724565 0.00187594 0.720218 0.0019637
0.723855 0.000558155 0.719508 0.000591902
0.724205 0.000854549 0.719872 0.000895967
0.723607 0.000624476 0.719233 0.000634781
0.723614 0.00134553 0.71925 0.00137231
0.723555 0.00124103 0.719192 0.00127946
0.722084 0.00183211 0.717719 0.00183151
0.721675 0.00196592 0.717325 0.00197224
0.719748 0.00349442 0.715414 0.00347528
0.718035 0.00358698 0.713717 0.00360307
0.717167 0.00327068 0.712884 0.00323248
0.714297 0.00516186 0.710026 0.00508951
0.710707 0.00441512 0.706462 0.00435071
0.707104 0.00569336 0.702914 0.00564253
0.704083 0.00588824 0.699936 0.00580443
0.70619 0.00779135 0.702031 0.00769672
0.700444 0.0040701 0.696397 0.00397872
0.698005 0.00131389 0.694001 0.00129179
0.699029 0.00436493 0.695046 0.0042899
0.698799 0.00420316 0.694847 0.00416077
0.697634 0.00783594 0.693724 0.00770451
0.703011 0.00806324 0.698977 0.00791016
0.69614 0.00326542 0.692269 0.00319888
0.696641 0.00688716 0.692753 0.00672662
0.695997 0.00376276 0.692112 0.00368036
0.693496 0.00845486 0.68968 0.00826553
0.691888 0.00600661 0.688116 0.00587889
0.690872 0.00668967 0.687114 0.00654888
0.689768 0.0133772 0.686049 0.0131006
0.684875 0.00884409 0.681281 0.00861805
0.682254 0.0115682 0.678766 0.0112736
0.680243 0.00959145 0.676801 0.00932201
0.680413 0.0122822 0.676986 0.0119894
0.68215 0.0118905 0.678689 0.0115513
0.675851 0.00957985 0.672601 0.00930756
