0.112143 5.18039e-05 0.111562 5.1915e-05
0.112186 4.50124e-05 0.111606 4.60668e-05
0.11216 3.71068e-05 0.111579 3.71721e-05
0.112166 4.20791e-05 0.111585 4.22561e-05
0.112175 6.04442e-05 0.111595 6.11629e-05
0.112171 6.47698e-05 0.11159 6.63089e-05
0.112168 4.82814e-05 0.111588 4.90607e-05
0.11217 3.65652e-05 0.111589 3.63649e-05
0.112154 4.86888e-05 0.111574 4.9588e-05
0.112122 5.32151e-05 0.111541 5.35124e-05
0.112154 5.46135e-05 0.111574 5.51426e-05
0.112124 9.07703e-05 0.111544 9.1828e-05
0.112164 5.61731e-05 0.111584 5.64294e-05
0.112106 6.9967e-05 0.111527 7.03659e-05
0.112073 8.01054e-05 0.111493 8.08976e-05
0.112044 0.000107555 0.111464 0.00010868
0.111981 0.000144967 0.111403 0.000144445
0.111955 0.000184382 0.111378 0.000183396
0.111757 0.000385632 0.111182 0.000383981
0.111468 0.000520413 0.110895 0.000519399
0.111289 0.00078108 0.110717 0.000775441
0.109764 0.00142734 0.109199 0.00142058
0.109231 0.00100378 0.10867 0.000999311
0.107079 0.00119855 0.106532 0.00119075
0.106913 0.00382602 0.106361 0.00380479
0.10449 0.00617664 0.103952 0.00614344
0.0995159 0.00575939 0.0990064 0.0057315
0.0932325 0.00639003 0.0927596 0.00636337
0.0949972 0.00930747 0.0945071 0.00926325
0.0860767 0.00570183 0.085638 0.00566973
0.0819645 0.00666015 0.0815373 0.00662035
0.0798373 0.00912909 0.0794238 0.00909155
0.0759615 0.00692736 0.0755662 0.00690245
0.074214 0.00752318 0.0738268 0.00749503
0.0702838 0.00500114 0.0699016 0.00498126
0.0680905 0.00183602 0.0677237 0.00183157
0.0660888 0.00105938 0.0657191 0.00106798
0.0687509 0.00646669 0.0683621 0.00644606
0.0676946 0.0039961 0.0673261 0.00400628
0.066393 0.00116186 0.0660045 0.00117394
0.0691751 0.00815983 0.0687991 0.00812546
0.0681065 0.00656724 0.0677103 0.00654896
0.0660223 0.000699014 0.0656406 0.000694088
0.0659251 0.00143271 0.0655444 0.00144113
0.0656512 0.000657518 0.0652629 0.000643705
0.0658478 0.000576762 0.0654649 0.000572998
0.0655887 0.000287245 0.0651989 0.000280617
0.0658464 0.000652012 0.0654659 0.000654284
0.065536 0.000704676 0.0651482 0.00069711
0.0649843 0.000705317 0.0646081 0.0007061
0.0645512 0.000791177 0.064173 0.000784698
0.0642889 0.00165816 0.0639197 0.00164417
0.0639301 0.000932061 0.06356 0.000923632
0.063393 0.0013295 0.0630237 0.00131706
0.0615266 0.00198942 0.0611765 0.00196521
0.0601696 0.00288815 0.0598313 0.00285052
0.0593263 0.00304698 0.0590056 0.00300691
0.0582376 0.00432254 0.0579276 0.00427301
0.0539537 0.00340698 0.0537074 0.00336592
0.0547589 0.00227226 0.0544866 0.00223074
0.0531402 0.00376133 0.0529063 0.00369066
0.0546212 0.0048637 0.0543739 0.00479938
0.0506311 0.00145892 0.0504474 0.00143408
0.0509128 0.00220515 0.0507236 0.00216851
0.0503302 0.00317559 0.0501633 0.00311522
0.0498052 0.00239634 0.0496549 0.00236594
0.0499292 0.00299165 0.0497841 0.00294218
0.0485218 0.00180807 0.0483886 0.00178933
0.0492266 0.00346453 0.0490749 0.00340373
0.046138 0.00330032 0.0460332 0.00326608
0.0471668 0.00285003 0.0470596 0.00282708
0.0461397 0.00389275 0.0460257 0.00385756
0.0440328 0.00475721 0.0439482 0.0047015
0.0449748 0.00300237 0.0448818 0.00296113
0.043825 0.00397459 0.043755 0.00392984
0.0437616 0.00436706 0.0436844 0.00431417
0.0416301 0.00383496 0.0415776 0.00380035
0.0428355 0.00477262 0.0427762 0.00472041
0.0414994 0.0040584 0.0414577 0.00401755
0.0439723 0.00552081 0.0439021 0.00546939
