0.666949 0.0164059 0.661997 0.0151407
0.669389 0.023188 0.663379 0.0215577
0.666624 0.0210326 0.661449 0.0210703
0.675358 0.0218702 0.670567 0.0226146
0.667851 0.0207767 0.662803 0.0216198
0.676333 0.0169002 0.671523 0.0190481
0.661315 0.0165465 0.656814 0.0161897
0.678759 0.0167363 0.673442 0.0153805
0.668736 0.0257124 0.665449 0.0251084
0.664273 0.0130941 0.657809 0.0141178
0.679547 0.0257532 0.674998 0.0247313
0.670546 0.0189983 0.666305 0.0186902
0.671746 0.0179658 0.667468 0.0187631
0.674641 0.0145748 0.67089 0.0138661
0.681693 0.0154463 0.675747 0.0154572
0.684308 0.0203047 0.679517 0.0213392
0.691497 0.0248803 0.685919 0.0248147
0.680073 0.020921 0.674457 0.0193584
0.675695 0.0221869 0.671826 0.0212836
0.67055 0.0195142 0.666614 0.0189542
0.671982 0.0249497 0.666849 0.0246932
0.677561 0.0227775 0.673162 0.0220646
0.681813 0.0235074 0.676285 0.0215808
0.685734 0.0161984 0.680308 0.0170543
0.669264 0.0211601 0.663418 0.0220532
0.663169 0.0195265 0.658957 0.0179238
0.66251 0.0129385 0.657834 0.0122566
0.664532 0.0190026 0.660169 0.0182144
0.67388 0.0148166 0.666486 0.0153985
0.676965 0.01782 0.673852 0.0179455
0.683019 0.0206873 0.675786 0.0215779
0.680363 0.0158389 0.673096 0.0174697
0.67328 0.0296885 0.669076 0.0294037
0.668654 0.0264765 0.664271 0.0259918
0.67396 0.0190114 0.667857 0.0173633
0.674482 0.0142765 0.6679 0.0153484
0.670853 0.0214154 0.665937 0.0210166
0.675565 0.0214014 0.6702 0.0229815
0.677067 0.0229772 0.672628 0.0225229
0.661581 0.0138775 0.656599 0.014507
0.677306 0.0154133 0.672064 0.0151549
0.654615 0.0148318 0.647931 0.0147841
0.678848 0.0272962 0.672148 0.0270129
0.655336 0.0188552 0.649375 0.0200661
0.664634 0.00782619 0.658809 0.00814158
0.655909 0.0192562 0.652333 0.0175609
0.670351 0.0241987 0.667011 0.023276
0.667135 0.0173942 0.66139 0.0176194
0.679725 0.0218562 0.671999 0.0215579
0.673141 0.0175457 0.667029 0.0176184
0.655155 0.0140338 0.650153 0.0126561
0.661141 0.0168075 0.656127 0.0170802
0.656272 0.0211339 0.650844 0.0219809
0.661806 0.0249257 0.657385 0.0223549
0.679274 0.021206 0.671376 0.0186114
0.661106 0.0191281 0.657586 0.0195474
0.665334 0.0253986 0.661719 0.024542
0.655491 0.0178571 0.647273 0.0186357
0.673005 0.0176443 0.664451 0.0171069
0.659753 0.0167422 0.654749 0.0169852
0.649933 0.0187724 0.643696 0.0191663
0.651534 0.025463 0.645355 0.0250514
0.660737 0.0243946 0.653088 0.0256806
0.651235 0.0208493 0.647161 0.021795
0.657281 0.0170752 0.650596 0.0159352
0.651141 0.0181122 0.646988 0.0179041
0.656226 0.0162949 0.648802 0.0183937
0.661817 0.026312 0.657229 0.0249906
0.649299 0.0263133 0.641746 0.0232283
0.661151 0.0195389 0.65586 0.0180233
0.657643 0.0147432 0.65098 0.0153282
0.651283 0.0145668 0.645584 0.015348
0.662016 0.0286608 0.654093 0.0265719
0.650972 0.0130831 0.64694 0.0121433
0.667257 0.0191995 0.658701 0.020022
0.659085 0.0184671 0.651923 0.0167207
0.674744 0.0304729 0.667026 0.0303912
0.658864 0.0245776 0.652912 0.024374
0.66123 0.0170017 0.652876 0.015988
0.651404 0.0150021 0.644897 0.0165596
