0.658948 0.0184106 0.652544 0.017419
0.66991 0.0259235 0.667192 0.0243139
0.666836 0.0227416 0.663064 0.0239096
0.684546 0.0294482 0.679021 0.0281686
0.671008 0.025186 0.666688 0.024492
0.667162 0.0247729 0.662828 0.0227954
0.671811 0.0200442 0.66492 0.0179299
0.676445 0.0227847 0.670018 0.022055
0.677054 0.0251671 0.671075 0.0240668
0.67116 0.0182787 0.666864 0.0170563
0.66936 0.0209507 0.663658 0.0208551
0.673781 0.0230138 0.668319 0.0219281
0.672169 0.0138581 0.664416 0.0129381
0.674018 0.0222975 0.667975 0.0209723
0.675442 0.0277388 0.67057 0.0268307
0.670714 0.0164087 0.666231 0.0182062
0.668184 0.0251239 0.664143 0.0246397
0.675254 0.0186948 0.672125 0.019268
0.666699 0.0231576 0.662472 0.0225323
0.677164 0.0107002 0.669584 0.0118736
0.668242 0.0195213 0.66406 0.018065
0.664776 0.0145467 0.659361 0.0130778
0.675115 0.0173256 0.669602 0.0159829
0.655902 0.0103793 0.652312 0.0103489
0.667153 0.0253224 0.66199 0.0232491
0.658573 0.0148827 0.654866 0.014562
0.670223 0.0252636 0.666699 0.0245174
0.66972 0.03045 0.664718 0.0278246
0.658545 0.0212628 0.653365 0.0207084
0.670261 0.0234811 0.665492 0.0215108
0.666632 0.0173144 0.663645 0.0173016
0.67128 0.0173292 0.665161 0.0178056
0.658899 0.0177913 0.65373 0.0161944
0.666908 0.0137292 0.66223 0.0137343
0.671555 0.0213834 0.667843 0.0204286
0.665812 0.0188505 0.660814 0.0189076
0.67004 0.0242067 0.665565 0.0239837
0.666786 0.0173409 0.661933 0.0175091
0.667247 0.0256049 0.662306 0.0287051
0.671293 0.0226734 0.666195 0.0209528
0.667128 0.02356 0.664052 0.0225354
0.65751 0.0197317 0.651071 0.0215143
0.659593 0.0214182 0.652547 0.0218693
0.669603 0.022361 0.664852 0.0198174
0.664158 0.0216401 0.657985 0.0219598
0.667845 0.0170478 0.662222 0.0171341
0.663928 0.0211726 0.658873 0.0222517
0.657097 0.0177783 0.65239 0.0174296
0.667365 0.0265034 0.663884 0.0259281
0.649878 0.0323483 0.643856 0.0298964
0.659582 0.0285916 0.654614 0.0294926
0.672819 0.0209232 0.667552 0.0206277
0.673643 0.0235336 0.668521 0.0215955
0.664582 0.0192201 0.658755 0.0178763
0.657802 0.023275 0.651374 0.0222486
0.658648 0.0262221 0.652987 0.0269319
0.65802 0.0264192 0.652928 0.0263116
0.675652 0.0212444 0.670722 0.0208546
0.656865 0.0303699 0.649902 0.0279581
0.67103 0.0228697 0.665217 0.0231666
0.66117 0.0211534 0.655183 0.0233456
0.649248 0.0229357 0.642056 0.0203173
0.657948 0.0202188 0.651187 0.0173208
0.667093 0.0201002 0.661348 0.0205098
0.658677 0.0202238 0.652556 0.0216835
0.657672 0.0256641 0.65335 0.0241027
0.651459 0.0252225 0.647232 0.0229189
0.661899 0.0208339 0.656031 0.0201687
0.650312 0.0184365 0.643635 0.0175087
0.638159 0.0147048 0.630655 0.0125137
0.648143 0.017115 0.642024 0.0176984
0.658559 0.0276965 0.653411 0.0271535
0.659197 0.0187487 0.652584 0.0180138
0.654614 0.0212531 0.647336 0.0214093
0.648192 0.0228186 0.644992 0.023709
0.648464 0.0163049 0.643352 0.015739
0.651739 0.0142206 0.64582 0.0116089
0.650513 0.0202662 0.646154 0.0195278
0.653834 0.015156 0.649931 0.0131831
0.645934 0.0188973 0.641336 0.0201133
