0.0507202 0.0010765 0.0510664 0.00107175
0.0507418 0.000807632 0.0510944 0.000805253
0.0513704 0.00231305 0.0517236 0.00227364
0.049918 0.00176221 0.0502776 0.00172547
0.0503803 0.00346792 0.0507179 0.00339453
0.0475966 0.00158257 0.0479746 0.00156228
0.0497831 0.00164654 0.0501057 0.00158406
0.0482482 0.00289006 0.0486163 0.00285694
0.0471453 0.00343692 0.0475237 0.00340876
0.0450937 0.0027686 0.0454942 0.00273483
0.046642 0.00424723 0.0469699 0.00420622
0.0453581 0.00349812 0.0457556 0.00347695
0.0450296 0.00348491 0.0453854 0.00342608
0.0434648 0.00392373 0.0438114 0.00384091
0.0435952 0.00295879 0.0439707 0.00292927
0.0444965 0.00575324 0.0449312 0.00570422
0.0425471 0.00388316 0.0429491 0.00378783
0.04256 0.00160447 0.0429464 0.00159102
0.042489 0.00392482 0.04286 0.0038429
0.043327 0.00351434 0.0437008 0.00340615
0.0419839 0.0021647 0.0424276 0.00209684
0.0411584 0.00140948 0.0416029 0.00142875
0.0422846 0.00431136 0.0427133 0.00426201
0.0403026 0.00228502 0.0408179 0.00228235
0.0406771 0.00162355 0.0411749 0.00162523
0.0403759 0.00122385 0.0407898 0.00120152
0.0409782 0.0016572 0.0414313 0.00162753
0.0407412 0.00337114 0.0411861 0.00331069
0.0401149 0.00133117 0.0406104 0.00131162
0.0405242 0.00257129 0.0409831 0.00244972
0.0411217 0.00209531 0.0415969 0.00202792
0.0394979 0.00194824 0.0399815 0.00190782
0.0396223 0.00187338 0.0401037 0.00182558
0.0413467 0.00275484 0.0417657 0.00275858
0.0410854 0.00715238 0.0415305 0.00701744
0.0397596 0.00154881 0.0402306 0.00149717
0.0404701 0.00148204 0.0409605 0.00142723
0.0410127 0.00282431 0.0415085 0.00284098
0.0400089 0.00122249 0.0405082 0.00121499
0.0399199 0.00266578 0.0404382 0.00261632
0.0406297 0.00290304 0.041095 0.0028547
0.0408906 0.00317507 0.041388 0.00310701
0.0393137 0.00142931 0.0398351 0.0013734
0.0396078 0.00212766 0.0400741 0.00217609
0.0412675 0.00294786 0.0417419 0.00278528
0.0395336 0.00252947 0.0400981 0.00252786
0.040328 0.00134982 0.0408644 0.00133331
0.0401598 0.00212167 0.0407521 0.00215676
0.0395513 0.00142089 0.0401104 0.00139036
0.0393924 0.00145517 0.0399377 0.00144073
0.0402089 0.00196668 0.0407113 0.00191568
0.0410374 0.00303847 0.0415562 0.00302931
0.0394646 0.00282315 0.0399332 0.00265455
0.0398754 0.00161808 0.040446 0.00156995
0.0403999 0.00120669 0.0409358 0.00117666
0.039832 0.00192622 0.0403542 0.0018791
0.040254 0.00186334 0.0407778 0.00181959
0.0408476 0.00522881 0.0414248 0.00518937
0.0412249 0.00304542 0.0417921 0.0030799
0.0397118 0.00217423 0.0402556 0.0021069
0.0404787 0.00333677 0.0410455 0.00335117
0.0410337 0.00402601 0.0415398 0.0040123
0.0398989 0.00293391 0.0404929 0.00298131
0.0384951 0.00141782 0.0390361 0.00141998
0.0394762 0.0021128 0.0399922 0.00206412
0.0387951 0.00230427 0.0393718 0.00228459
0.0394748 0.00324325 0.0400291 0.00327865
0.039885 0.00285593 0.0404621 0.00286726
0.0405251 0.00523153 0.041116 0.00515312
0.0425036 0.00640879 0.0430193 0.00632584
0.0391494 0.00192181 0.0396948 0.00188739
0.0407648 0.00298267 0.0413084 0.00294604
0.0408704 0.00385255 0.0413963 0.0038117
0.0389333 0.00233397 0.0395379 0.00232437
0.0393157 0.00240257 0.0398397 0.00239357
0.0392278 0.00258441 0.039781 0.00261907
0.0386684 0.00244841 0.0392183 0.00243295
0.0397983 0.00196292 0.040424 0.00195038
0.038758 0.00233233 0.0392731 0.00232653
0.0398134 0.00291769 0.0403479 0.00296858
