0.21486 0.00885206 0.212613 0.00998543
0.212647 0.0082691 0.211295 0.00771786
0.21432 0.00698839 0.212988 0.00685862
0.212381 0.00668474 0.210942 0.00627845
0.215897 0.0082868 0.213735 0.00740325
0.214641 0.00405049 0.212671 0.00452352
0.215904 0.0113768 0.214611 0.0108747
0.21343 0.00766025 0.211492 0.00778641
0.219249 0.00790773 0.217563 0.00784968
0.219047 0.00560023 0.217373 0.00515609
0.210227 0.00687433 0.20907 0.00649916
0.208101 0.0060476 0.206288 0.00652143
0.213668 0.00313454 0.211419 0.00363465
0.222123 0.0136835 0.220072 0.0133452
0.212387 0.00724778 0.211159 0.00782025
0.21713 0.0089773 0.215051 0.00830035
0.212379 0.0065139 0.210694 0.00658964
0.212737 0.00634856 0.211805 0.00663402
0.222101 0.0165253 0.22045 0.0151139
0.21857 0.00909885 0.216882 0.0084183
0.221228 0.0115643 0.219322 0.0115135
0.212334 0.00606422 0.210725 0.00649403
0.217425 0.00833361 0.215618 0.00843727
0.216427 0.0121318 0.215161 0.01224
0.218656 0.0113454 0.216657 0.0110247
0.216386 0.00335475 0.21472 0.00323462
0.214264 0.00894699 0.212825 0.00911079
0.217 0.00985743 0.215588 0.00883966
0.217195 0.00810715 0.215533 0.00799994
0.219124 0.00717211 0.217497 0.00681533
0.214887 0.00727819 0.213553 0.00690782
0.22504 0.0108285 0.222521 0.0101461
0.21975 0.010558 0.218103 0.00980973
0.217056 0.00960755 0.214959 0.00929976
0.22018 0.0123395 0.217741 0.0111317
0.215003 0.00656657 0.214003 0.0069279
0.218591 0.0135097 0.217646 0.0129713
0.216926 0.00917377 0.215294 0.00902364
0.214114 0.00517948 0.213179 0.00551088
0.213841 0.00880301 0.212348 0.00925325
0.214909 0.0075137 0.213678 0.00714629
0.220051 0.0120712 0.218198 0.0118449
0.218769 0.0105003 0.217111 0.00949353
0.218315 0.00773934 0.216714 0.00765247
0.219114 0.0142621 0.217068 0.0138651
0.218015 0.00906871 0.217009 0.00814432
0.221164 0.00838437 0.219355 0.00780733
0.220198 0.0140524 0.218373 0.0129766
0.220759 0.0094853 0.219181 0.00943423
0.221711 0.008963 0.220367 0.00874965
0.220226 0.0127601 0.218603 0.0127093
0.217745 0.00728395 0.21654 0.00679007
0.22213 0.00929548 0.220209 0.00888448
0.223531 0.00771208 0.221461 0.00763828
0.219418 0.00836843 0.217595 0.00845223
0.216621 0.0081802 0.214408 0.00831806
0.218939 0.00898916 0.217327 0.00895041
0.219265 0.00616188 0.217902 0.00570181
0.220173 0.0119802 0.217947 0.0113856
0.216916 0.00615702 0.215522 0.00614735
0.219667 0.00967766 0.217759 0.00989637
0.224008 0.00955232 0.222627 0.00881667
0.220195 0.00812453 0.218767 0.00737085
0.226849 0.0119465 0.224281 0.0116945
0.227953 0.0102198 0.226009 0.00936905
0.22236 0.0145648 0.220148 0.0151469
0.221396 0.00770681 0.21994 0.00719217
0.222105 0.0103273 0.221074 0.00949997
0.222754 0.00672005 0.220554 0.00738849
0.228077 0.00588519 0.225217 0.00584717
0.230065 0.0124871 0.228232 0.012361
0.220303 0.0113177 0.218957 0.0111992
0.223314 0.005815 0.221316 0.00564131
0.225469 0.00968817 0.223302 0.00975648
0.225092 0.00791019 0.224415 0.00841878
0.223092 0.0135197 0.221334 0.0129749
0.228156 0.00828921 0.226331 0.00898333
0.224639 0.00861842 0.223056 0.0075016
0.221849 0.00517627 0.219899 0.00531701
0.228777 0.0108621 0.227149 0.0108366
