0.787067 0.000235144 0.783317 0.000241205
0.78704 0.000163743 0.783287 0.000170748
0.787008 0.000229599 0.783249 0.00022912
0.787236 0.000201384 0.783481 0.000203843
0.787214 0.000379366 0.783464 0.000398903
0.787197 0.000265609 0.78345 0.000269945
0.787211 0.000184213 0.783461 0.000190632
0.787174 0.000171209 0.783427 0.000175018
0.787172 0.000301841 0.783424 0.000307637
0.787295 0.000322513 0.783554 0.000334004
0.787014 0.000248401 0.783269 0.000251371
0.787128 0.000257156 0.783382 0.000257294
0.787057 0.000411931 0.783314 0.000417938
0.78687 0.000468463 0.783127 0.000475579
0.786773 0.000282726 0.783037 0.000288268
0.786636 0.000291771 0.782901 0.000299469
0.78683 0.000494654 0.7831 0.000499451
0.786628 0.000553065 0.782905 0.000560825
0.78622 0.000744878 0.782493 0.000771367
0.785755 0.00110905 0.782032 0.00111771
0.784515 0.00139832 0.780801 0.00141501
0.784585 0.00128261 0.78089 0.00127715
0.781863 0.00307305 0.77813 0.00308305
0.779919 0.00430255 0.77619 0.00431937
0.778336 0.00580657 0.774609 0.00585793
0.772664 0.00834168 0.768897 0.0083815
0.766508 0.00872903 0.762776 0.00876379
0.756038 0.0118828 0.752237 0.0119536
0.758725 0.012155 0.754938 0.0122693
0.746737 0.01154 0.74287 0.0116316
0.741414 0.0139368 0.737475 0.0140608
0.741133 0.012334 0.737218 0.012453
0.734354 0.0110062 0.730272 0.0110732
0.730126 0.00603405 0.72604 0.00609732
0.729061 0.006615 0.724935 0.0067519
0.730896 0.0170371 0.726754 0.0171911
0.725728 0.00272554 0.721442 0.00278696
0.726571 0.00398695 0.722338 0.00412282
0.723879 0.00168351 0.719568 0.00181197
0.723979 0.00116398 0.719612 0.00123403
0.723583 0.000510093 0.719214 0.000518697
0.723247 0.000271651 0.718872 0.00026107
0.723284 0.000436866 0.718871 0.00043262
0.723547 0.000617419 0.719145 0.000625305
0.723552 0.000199337 0.719136 0.000229785
0.723366 0.000472938 0.718912 0.000470546
0.723052 0.000506762 0.718643 0.000518001
0.723519 0.000555931 0.719077 0.000573144
0.724084 0.00193925 0.719666 0.00202986
0.722926 0.00102541 0.718486 0.0010219
0.722324 0.00108039 0.717916 0.00109932
0.722151 0.00211368 0.717731 0.00211258
0.720542 0.00324268 0.716127 0.00322337
0.720036 0.00365062 0.715647 0.00366244
0.716347 0.00316193 0.711973 0.00312385
0.71929 0.00340337 0.714851 0.00337207
0.710604 0.00611704 0.706289 0.00604904
0.711282 0.0048377 0.70697 0.00476114
0.705865 0.00539647 0.701599 0.00531024
0.704746 0.00671739 0.700501 0.00662235
0.702964 0.00672498 0.698759 0.0065945
0.701175 0.00562363 0.697006 0.00549316
0.698087 0.00381525 0.694038 0.00375841
0.701021 0.00821476 0.696895 0.00806079
0.69822 0.00560808 0.694179 0.00551629
0.696788 0.00203526 0.692785 0.00198952
0.695075 0.0038428 0.691082 0.00374388
0.695984 0.00394177 0.691939 0.00386075
0.692177 0.00527764 0.688279 0.00516819
0.693339 0.00714516 0.689468 0.00696429
0.691157 0.00818495 0.687268 0.00796656
0.686394 0.00917715 0.682678 0.00893461
0.681328 0.00877562 0.677759 0.00853414
0.680554 0.00840683 0.677006 0.00814399
0.682361 0.00954705 0.678789 0.00926244
0.679102 0.0107919 0.675647 0.0104984
0.679935 0.0109621 0.676453 0.010635
0.67721 0.0111855 0.673893 0.0108836
0.674732 0.0103137 0.67153 0.0100369
0.676013 0.0116763 0.672747 0.0112739
