0.0521277 0.0105381 0.0524507 0.0103248
0.0469373 0.00518311 0.0472843 0.00502227
0.0699085 0.0400119 0.0699486 0.0393652
0.0614342 0.0334859 0.0616062 0.032956
0.048997 0.0114199 0.0493871 0.0112429
0.0430205 0.00588589 0.0434184 0.00564258
0.0440466 0.0116045 0.0444504 0.0112697
0.0477663 0.00965023 0.0479832 0.0093606
0.0401019 0.00508021 0.040635 0.00489326
0.0533853 0.0198118 0.0536673 0.0193742
0.040232 0.00513547 0.0407737 0.00488911
0.0395772 0.00490337 0.0401595 0.00480474
0.0455748 0.0154056 0.0459465 0.0151536
0.0565981 0.0375648 0.0568726 0.0370121
0.0479747 0.019556 0.0484451 0.0191491
0.0538114 0.0304214 0.0540349 0.0298661
0.0443368 0.017098 0.0448744 0.0166812
0.0582298 0.0196671 0.0584531 0.0192126
0.0407572 0.00753862 0.0411761 0.00725518
0.0482739 0.0228674 0.0486974 0.0224311
0.0557449 0.0295215 0.0559726 0.0289426
0.053987 0.0423176 0.0543978 0.041772
0.0416522 0.00728163 0.0423099 0.00716099
0.0387713 0.00505218 0.0394138 0.00495281
0.0469268 0.0143976 0.0474101 0.0140605
0.0401136 0.0043596 0.0406174 0.00423812
0.0423912 0.0137727 0.0429758 0.0135483
0.0398873 0.00593327 0.0404486 0.00577187
0.0504221 0.0206877 0.0508755 0.0203038
0.0530244 0.0363226 0.053408 0.0358599
0.0443208 0.0114212 0.0448756 0.0111508
0.0524764 0.0435226 0.0529302 0.04296
0.0506222 0.0193492 0.0510902 0.0190784
0.0421122 0.0135949 0.0426166 0.0134469
0.0567702 0.0265314 0.0570094 0.0259653
0.0508498 0.0257884 0.0512923 0.0253437
0.0419142 0.0119381 0.0426772 0.0118196
0.0451095 0.0154584 0.045658 0.0152179
0.0535821 0.0215295 0.0539683 0.0211277
0.0477478 0.0303988 0.0481711 0.0298837
0.043834 0.0183504 0.044281 0.0179694
0.0481087 0.0133641 0.0485218 0.0131441
0.0437093 0.0067544 0.0442826 0.00682755
0.041771 0.00543023 0.0424282 0.00533079
0.0521947 0.0303533 0.0525188 0.0298632
0.057252 0.0406783 0.0575875 0.0401709
0.0616818 0.0389027 0.0619447 0.0381961
0.0590684 0.0317548 0.0594032 0.0313575
0.0434488 0.00631891 0.0441338 0.0060672
0.0469151 0.0212443 0.0472868 0.0207811
0.0437773 0.0105667 0.0442806 0.0102643
0.0547992 0.0164595 0.0551485 0.0163416
0.0606974 0.035843 0.061123 0.03528
0.0451926 0.0144879 0.0456775 0.014103
0.0491269 0.0211928 0.0494863 0.0208206
0.0574071 0.0371097 0.0578279 0.036616
0.0474176 0.0212895 0.0479691 0.0208806
0.0554363 0.0287656 0.0559771 0.0283426
0.051687 0.0181437 0.0522734 0.0178982
0.0428712 0.00933923 0.0434963 0.00932034
0.0509989 0.012467 0.0515906 0.0122929
0.0406811 0.00822504 0.0413036 0.00812439
0.0549301 0.0349508 0.0555029 0.034446
0.0439817 0.0186276 0.0446382 0.0183341
0.0591055 0.0257195 0.059431 0.0252586
0.0445052 0.0144525 0.045164 0.0144798
0.045861 0.0113388 0.0465704 0.0111701
0.0545557 0.0239853 0.0548602 0.0234969
0.0830344 0.0397563 0.0830558 0.0391474
0.0723127 0.0384827 0.072537 0.0378953
0.0593026 0.0290372 0.059581 0.0286332
0.047104 0.0176544 0.0476997 0.0174268
0.0460158 0.00561752 0.0465178 0.00552001
0.0572633 0.0212154 0.057563 0.0207788
0.0532332 0.0227717 0.0537971 0.0224799
0.0457825 0.029548 0.0462434 0.0291726
0.0627093 0.034256 0.0631901 0.0339062
0.0470984 0.00971437 0.0478991 0.00996905
0.0562094 0.0223395 0.0567501 0.022151
0.0462492 0.00872759 0.0469993 0.00869442
