0.878366 0.00143231 0.868823 0.000594114
0.916133 0.004887 0.9051 0.00475792
0.92013 0.00200983 0.909928 0.00171004
0.920587 0.00183858 0.910133 0.0016857
0.919957 0.00303008 0.910183 0.00245421
0.922365 0.00515738 0.912286 0.00500375
0.921553 0.00108661 0.911417 0.00114698
0.92174 0.000780171 0.911224 0.000693327
0.92174 0.000959932 0.911986 0.00160709
0.92344 0.00440454 0.913145 0.00346838
0.922041 0.00110941 0.911849 0.00162283
0.924035 0.0035037 0.913108 0.00299333
0.927402 0.00893708 0.917424 0.010055
0.924395 0.00275714 0.914638 0.00338991
0.925714 0.00363634 0.915383 0.00359878
0.926962 0.00583058 0.917234 0.00626935
0.924115 0.00243417 0.913125 0.00270891
0.925403 0.00489321 0.916083 0.00548738
0.925298 0.00195899 0.914836 0.0018071
0.927499 0.00736727 0.91783 0.00818151
0.924993 0.00192426 0.915581 0.00198712
0.926612 0.00400352 0.917238 0.00375528
0.930174 0.0099509 0.921096 0.0104047
0.9247 0.00242804 0.914777 0.00170638
0.925709 0.00249854 0.915817 0.00180305
0.933 0.00842442 0.923428 0.00842066
0.932326 0.00922582 0.924091 0.0107593
0.93012 0.00413589 0.921505 0.00509269
0.931953 0.0152346 0.921927 0.016338
0.929758 0.00595395 0.920676 0.00659986
0.940668 0.0196476 0.931882 0.0205174
0.931622 0.00743674 0.922317 0.00862356
0.932496 0.00908509 0.923381 0.0100608
0.933893 0.0206001 0.9258 0.022411
0.942403 0.0175492 0.932012 0.0186717
0.940589 0.0224003 0.933044 0.0243383
0.942071 0.0197833 0.935054 0.0217875
0.938417 0.0140724 0.931145 0.0154055
0.938324 0.0151587 0.930739 0.0177933
0.939358 0.0137431 0.930314 0.0142029
0.939024 0.0108631 0.929867 0.0119526
0.937849 0.00888629 0.930087 0.00963658
0.935721 0.00833011 0.92902 0.00914203
0.941893 0.017335 0.934737 0.0191496
0.938862 0.0125019 0.932034 0.0136504
0.938781 0.0098033 0.931414 0.012439
0.94623 0.0139904 0.938908 0.0157531
0.95741 0.0243364 0.949822 0.0263761
0.938922 0.0108141 0.930547 0.0116459
0.950731 0.0196127 0.945403 0.02155
0.944999 0.0133587 0.938211 0.0142986
0.947507 0.0161672 0.939767 0.0197045
0.942866 0.00795627 0.934593 0.00885913
0.947958 0.0116668 0.941884 0.0126104
0.943478 0.0106656 0.93574 0.0113558
0.936576 0.00727019 0.926634 0.00521746
0.94788 0.0190425 0.940922 0.0205598
0.955661 0.0217795 0.948078 0.0240212
0.959236 0.0222842 0.952788 0.0237152
0.947748 0.0155534 0.941053 0.0194348
0.954065 0.0201932 0.947097 0.0215388
0.945053 0.00857709 0.93759 0.0100764
0.952344 0.0140845 0.944355 0.0162754
0.946114 0.0151532 0.937375 0.0172328
0.952554 0.0147207 0.946856 0.0159329
0.959018 0.0179244 0.952765 0.018998
0.95576 0.0191846 0.945854 0.0217287
0.946688 0.0116677 0.940266 0.0127247
0.957636 0.0187802 0.950881 0.0225537
0.948136 0.0133399 0.940363 0.014915
0.958565 0.0121185 0.950797 0.0130188
0.955676 0.011457 0.950603 0.0136477
0.962521 0.0212495 0.955683 0.0253508
0.958667 0.0187232 0.953167 0.0201331
0.955368 0.0137949 0.948051 0.0130259
0.95513 0.0104897 0.949808 0.0105279
0.951437 0.012691 0.944373 0.0141438
0.958707 0.0159585 0.951579 0.0180147
0.962062 0.0211394 0.956524 0.0243175
0.957449 0.0166337 0.951028 0.0183357
0.967639 0.0199326 0.962096 0.0232348
0.962814 0.0100588 0.957412 0.0106808
0.95913 0.014854 0.954409 0.016364
0.962062 0.0139744 0.955925 0.0142451
0.963166 0.0197909 0.957716 0.0209528
0.962467 0.0175579 0.95736 0.0184492
0.961094 0.0177672 0.956288 0.019321
0.964906 0.0125096 0.956577 0.0158044
0.960037 0.0105254 0.952551 0.0119899
0.960567 0.0188964 0.954472 0.0212295
0.964621 0.0106988 0.959428 0.0117316
0.960906 0.0145465 0.955917 0.0131874
0.966649 0.0132451 0.960467 0.0152398
0.972528 0.014867 0.968177 0.0164068
0.962094 0.0202303 0.956394 0.0212565
0.974499 0.0178388 0.969163 0.0197619
0.964399 0.0194023 0.957206 0.0213679
0.97177 0.017347 0.967415 0.0183946
0.971194 0.01643 0.964315 0.0201301
0.9689 0.0161393 0.965869 0.0163717
