0.52756 0.00583542 0.519806 0.00546999
0.79265 0.000884161 0.783689 0.0005046
0.798751 0.0149448 0.788944 0.0137091
0.794877 0.000844222 0.785204 0.000784268
0.796332 0.0026813 0.787804 0.00343249
0.801125 0.00564766 0.79234 0.00538481
0.809678 0.0208398 0.80004 0.0190881
0.80474 0.00774685 0.795214 0.00615087
0.808099 0.00891056 0.797758 0.00799417
0.819859 0.0183017 0.808752 0.0187096
0.820921 0.014621 0.81217 0.0139974
0.813197 0.00716849 0.804517 0.00741536
0.82781 0.0185329 0.817968 0.016334
0.820628 0.00949985 0.811555 0.0099258
0.824625 0.0129609 0.81549 0.0111785
0.829502 0.013365 0.820114 0.0119994
0.833877 0.0137552 0.824736 0.0129737
0.83491 0.0116944 0.826372 0.0104821
0.832791 0.00637475 0.822305 0.00567233
0.8386 0.00890852 0.828429 0.00872091
0.844046 0.0116873 0.833818 0.0104142
0.840116 0.010022 0.829057 0.00941552
0.839763 0.00809157 0.828041 0.00660382
0.845674 0.0116695 0.834613 0.0105255
0.850653 0.0107519 0.839928 0.0107556
0.850523 0.012036 0.839559 0.0111599
0.846139 0.00726162 0.837347 0.00649369
0.850107 0.00637888 0.839375 0.00719092
0.848601 0.00832211 0.83774 0.00835311
0.84691 0.00820186 0.83693 0.00677641
0.854133 0.0055243 0.842457 0.00710305
0.856015 0.00752636 0.844641 0.00736746
0.859519 0.0081225 0.848538 0.00757779
0.854734 0.00628135 0.843387 0.00503
0.855185 0.00494626 0.843558 0.00446139
0.861588 0.00563865 0.849739 0.00528369
0.858374 0.00533436 0.846913 0.00608771
0.860471 0.00875413 0.848715 0.00692206
0.862341 0.00579004 0.850588 0.00543903
0.85639 0.00443863 0.846068 0.00455052
0.863018 0.00530167 0.851269 0.00520067
0.864913 0.00559207 0.853732 0.00444209
0.864291 0.00344223 0.852828 0.003917
0.862731 0.00581975 0.852835 0.00598052
0.866852 0.00614959 0.854146 0.00551493
0.866507 0.00409103 0.854522 0.00229172
0.866315 0.0034437 0.854593 0.00346827
0.870094 0.00475014 0.856842 0.00471114
0.869535 0.00373766 0.856769 0.00351669
0.867489 0.00433928 0.855118 0.00461353
0.869155 0.00373615 0.858454 0.00410272
0.869818 0.00461102 0.858483 0.00345094
0.871065 0.00353309 0.858081 0.00440157
0.872004 0.00259995 0.859885 0.00243467
0.872662 0.00335396 0.860376 0.00295509
0.874612 0.0026501 0.862197 0.00277581
0.87436 0.00422346 0.862871 0.00347894
0.875845 0.00385353 0.863461 0.00303357
0.873605 0.00511964 0.861154 0.00237626
0.872004 0.00386272 0.861767 0.00312684
0.873045 0.00324542 0.862326 0.00326362
0.87281 0.00200424 0.861935 0.0026617
0.875055 0.00394238 0.864431 0.00350259
0.876345 0.00464693 0.865229 0.00408707
0.87494 0.00363817 0.864976 0.00290008
0.877187 0.00332052 0.866433 0.00278729
0.875152 0.0031726 0.863801 0.0022493
0.876241 0.00285364 0.864441 0.00333256
0.876745 0.00555597 0.865086 0.00432094
0.877974 0.00241567 0.866049 0.00193527
0.877848 0.00288363 0.86557 0.00307899
0.878393 0.00399319 0.867659 0.00344166
0.880555 0.00461457 0.868036 0.00421785
0.878958 0.00261879 0.867352 0.00339245
0.878652 0.00317694 0.867728 0.00322117
0.878814 0.00380866 0.866603 0.0034058
0.880732 0.00299705 0.868742 0.00380473
0.879971 0.00266561 0.86979 0.00385062
0.880162 0.00401888 0.868564 0.00361012
0.879782 0.00439113 0.869197 0.00330057
0.881678 0.00310492 0.872106 0.00309631
0.881606 0.00461265 0.870278 0.00384464
0.883257 0.00405457 0.870173 0.00417933
0.884945 0.00435075 0.873342 0.00510914
0.884116 0.00498631 0.871617 0.00330519
0.881758 0.00299609 0.871544 0.00193528
0.884238 0.0028279 0.873803 0.00355499
0.882281 0.00333548 0.870749 0.00185928
0.882228 0.00366746 0.873408 0.00372297
0.88537 0.00444498 0.87435 0.00388573
0.887401 0.00479373 0.875361 0.00364471
0.885223 0.003305 0.8758 0.0029836
0.887326 0.00414775 0.875779 0.0038244
0.88777 0.00462157 0.875699 0.00510325
0.887906 0.00552236 0.876636 0.0044151
0.8895 0.00602422 0.877679 0.00621255
0.88828 0.00572142 0.877893 0.00557733
0.888665 0.00454984 0.878295 0.00475227
0.887575 0.0049675 0.876554 0.00490417
0.891283 0.00610338 0.879515 0.00621132
