0.112137 5.74307e-05 0.111564 5.77349e-05
0.112128 8.4999e-05 0.111554 8.5239e-05
0.112152 6.0215e-05 0.111578 6.04736e-05
0.112196 3.40878e-05 0.111622 3.42693e-05
0.112138 6.44839e-05 0.111564 6.46118e-05
0.112191 6.27817e-05 0.111617 6.30925e-05
0.112184 4.34141e-05 0.111611 4.37556e-05
0.112189 4.78603e-05 0.111616 4.82833e-05
0.112175 6.96879e-05 0.111601 6.98074e-05
0.112175 4.15352e-05 0.111601 4.14242e-05
0.112176 3.55133e-05 0.111601 3.54172e-05
0.112181 4.94252e-05 0.111606 4.94971e-05
0.112169 6.48996e-05 0.111595 6.48428e-05
0.112149 5.85691e-05 0.111574 5.9081e-05
0.112056 8.42428e-05 0.111482 8.4017e-05
0.111981 0.00015554 0.111406 0.000155477
0.111881 0.000224346 0.111307 0.00022327
0.1115 0.000491355 0.110927 0.00048869
0.110819 0.000834932 0.110245 0.00083072
0.109907 0.00115733 0.109335 0.00115286
0.108653 0.00133312 0.108088 0.00132976
0.107071 0.00199122 0.106513 0.00198212
0.10516 0.00455963 0.104604 0.00454434
0.100567 0.00505144 0.100034 0.00503028
0.0972139 0.00552153 0.0966995 0.00550269
0.0948967 0.00661838 0.0943814 0.00660665
0.0870155 0.00866868 0.0865293 0.0086325
0.0838007 0.010728 0.0833156 0.0106876
0.0763572 0.00549581 0.0758944 0.00547699
0.080448 0.0098009 0.0799947 0.00976683
0.073602 0.00543574 0.0731716 0.00540611
0.0706898 0.00389085 0.0702591 0.00387464
0.068714 0.00413807 0.0683035 0.00412546
0.0696937 0.00717048 0.0692697 0.00713891
0.0689935 0.00808167 0.0685702 0.00805694
0.0663832 0.00208764 0.0659762 0.00207261
0.0657813 0.00057197 0.0653873 0.000586207
0.06576 0.00045773 0.0653546 0.000454139
0.0656684 0.000278059 0.0652695 0.000271235
0.0656594 0.000208359 0.0652621 0.000208826
0.0655638 0.000232333 0.065168 0.000233804
0.0656093 0.00025793 0.0652193 0.000265473
0.0656586 0.000410655 0.0652675 0.000410772
0.0657065 0.000707297 0.0653162 0.000717713
0.0657354 0.00137193 0.0653424 0.00135704
0.0652745 0.000494573 0.0648895 0.000490169
0.0648218 0.000839563 0.0644376 0.000830804
0.0643688 0.000766611 0.0639949 0.0007517
0.0637303 0.000978374 0.0633597 0.000968909
0.0625383 0.00166874 0.0621965 0.00164267
0.0615138 0.00217207 0.0611859 0.00214298
0.0614023 0.00276125 0.0610734 0.00272577
0.0589641 0.00398755 0.0586503 0.00394547
0.0564457 0.0040987 0.0561888 0.0040388
0.0577421 0.00433926 0.0574691 0.00427272
0.0537022 0.00203347 0.0534887 0.00200526
0.0547765 0.00547174 0.0545533 0.00537974
0.0523935 0.00336563 0.0522103 0.00331006
0.0503214 0.00189922 0.0501783 0.00184758
0.0487256 0.000875681 0.0485927 0.000862006
0.0483002 0.000718945 0.0481876 0.000711592
0.0488611 0.00151027 0.0487363 0.0014881
0.0488025 0.00166209 0.0486925 0.00165601
0.048341 0.00132563 0.048237 0.00132278
0.0472992 0.00270265 0.0472025 0.00268618
0.0479136 0.00346196 0.0477991 0.00342023
0.0450185 0.00296615 0.0449382 0.00294911
0.0443015 0.00302198 0.0442322 0.00300114
0.042255 0.00295458 0.0422024 0.00292409
0.0430024 0.00313463 0.0429361 0.00310657
0.0429086 0.00294839 0.0428441 0.00291191
0.042669 0.00379801 0.0426076 0.00375971
0.0392354 0.000518734 0.0392225 0.000510446
0.0417041 0.00454885 0.0416658 0.00450414
0.0398107 0.00190723 0.0397853 0.00186972
0.0388289 0.000101878 0.0388302 9.92007e-05
0.0401766 0.00257147 0.0401528 0.00253801
0.0403108 0.0040277 0.0402933 0.00398423
0.0387745 3.67967e-05 0.0387781 3.2129e-05
0.0394758 0.0021123 0.0394702 0.00207611
