0.162532 0.0178753 0.16132 0.0178432
0.157366 0.0146294 0.156176 0.0142171
0.165471 0.0145416 0.163958 0.0141212
0.165647 0.0202417 0.164259 0.0200388
0.162695 0.0160859 0.161084 0.0160584
0.149495 0.00710364 0.148298 0.00712312
0.158131 0.0202791 0.156913 0.0201721
0.165672 0.0168277 0.164287 0.0167368
0.167294 0.00969374 0.166437 0.00987608
0.168776 0.0168773 0.166988 0.0172656
0.157876 0.0154767 0.156809 0.0155082
0.164439 0.0160637 0.16309 0.0159773
0.163448 0.0205797 0.161933 0.0205634
0.166492 0.0175785 0.16521 0.0173275
0.153123 0.0107084 0.151796 0.0105969
0.165599 0.016418 0.164194 0.01634
0.167469 0.0191163 0.166417 0.0190548
0.166769 0.0188144 0.165553 0.0186093
0.173026 0.0195112 0.171276 0.0196568
0.167643 0.0164927 0.166382 0.0164178
0.173948 0.0169838 0.172853 0.016745
0.152174 0.0114196 0.151064 0.0114151
0.163504 0.0203737 0.162219 0.0200794
0.160111 0.0153397 0.158391 0.0154064
0.158775 0.0164844 0.157483 0.0164953
0.163843 0.01742 0.162084 0.0175631
0.164336 0.0177012 0.162773 0.0175209
0.161541 0.016614 0.160506 0.0167487
0.167399 0.0172654 0.165748 0.0175058
0.170768 0.0145311 0.169718 0.0143468
0.166053 0.0161465 0.164315 0.0159324
0.169098 0.0190273 0.167566 0.0194024
0.160514 0.0205015 0.159335 0.0200332
0.154047 0.0174683 0.152947 0.0171907
0.163417 0.0162786 0.162334 0.0159193
0.160209 0.0183639 0.158818 0.0184121
0.169058 0.0114867 0.167605 0.0112328
0.160449 0.0132499 0.159483 0.0131081
0.175942 0.017717 0.174894 0.0177849
0.162296 0.018783 0.161031 0.0192262
0.16137 0.0161748 0.159339 0.0156666
0.160445 0.0158377 0.159566 0.0157234
0.175331 0.0196012 0.174176 0.0189259
0.168448 0.0185912 0.167291 0.0186295
0.159286 0.00798877 0.157742 0.0087892
0.156712 0.0118517 0.155538 0.0115222
0.164456 0.0132436 0.163414 0.0130162
0.170154 0.0172883 0.168332 0.017577
0.162265 0.018871 0.161043 0.0190257
0.168728 0.0182903 0.167241 0.0180423
0.158907 0.0123328 0.15794 0.0121753
0.166472 0.0198859 0.165264 0.0196576
0.156852 0.01486 0.155931 0.0146243
0.169391 0.0194423 0.168081 0.0192938
0.16767 0.0184531 0.166449 0.0182818
0.156684 0.0148006 0.15563 0.0146397
0.155336 0.0162654 0.155219 0.0157641
0.167466 0.018242 0.16625 0.0182927
0.167613 0.0175819 0.166271 0.0177607
0.162812 0.0167524 0.160913 0.0173032
0.161813 0.0137101 0.159989 0.01387
0.157234 0.00925674 0.15554 0.009349
0.159974 0.0142416 0.158668 0.0137825
0.161855 0.0153195 0.1607 0.0150784
0.175768 0.0159626 0.174719 0.0155967
0.165459 0.0187156 0.164324 0.0188928
0.163288 0.0145241 0.161999 0.0146114
0.163107 0.0148186 0.16233 0.0143961
0.165936 0.0172334 0.164927 0.0171317
0.173012 0.0167875 0.171699 0.0164012
0.158289 0.0149879 0.15736 0.0145949
0.171132 0.0178096 0.170226 0.0175365
0.166949 0.0124684 0.165158 0.0122981
0.156528 0.0145055 0.155536 0.0142602
0.15996 0.0153517 0.158553 0.0153005
0.17172 0.0148873 0.170058 0.0148207
0.17364 0.018614 0.172626 0.018645
0.164424 0.015373 0.163395 0.0147437
0.161201 0.0132449 0.159642 0.0127211
0.171602 0.0165833 0.170242 0.0162125
