0.698795 0.0118193 0.694024 0.0111989
0.715145 0.0302322 0.71143 0.0298816
0.695627 0.0190611 0.689601 0.0175234
0.694579 0.0123379 0.688661 0.0113556
0.693443 0.0150576 0.689818 0.0150712
0.713733 0.0189398 0.709281 0.0178109
0.696904 0.0226592 0.69223 0.0214861
0.702181 0.017029 0.697854 0.0155252
0.705526 0.020587 0.697957 0.0184953
0.697397 0.0117389 0.69132 0.011853
0.697614 0.0148811 0.693941 0.014921
0.708548 0.0149849 0.703223 0.0164427
0.708458 0.016846 0.703516 0.0161746
0.700035 0.0152427 0.695275 0.0139322
0.711077 0.0210511 0.705888 0.0207531
0.701831 0.0164619 0.696747 0.0163883
0.704309 0.0181226 0.698402 0.018535
0.704367 0.0114191 0.699597 0.0123495
0.708713 0.0122993 0.703573 0.0107542
0.69793 0.0190542 0.694173 0.0192742
0.694099 0.0167124 0.690098 0.0169263
0.700335 0.0165051 0.694629 0.0163059
0.690244 0.0122421 0.686589 0.0138078
0.707483 0.0104379 0.700526 0.00943532
0.69743 0.0138975 0.69343 0.0134253
0.700105 0.012094 0.694405 0.0121523
0.702652 0.0172768 0.699319 0.0172414
0.720086 0.0156549 0.714167 0.0148334
0.692427 0.016164 0.687313 0.0153436
0.70207 0.0251295 0.697046 0.0268443
0.707613 0.0143376 0.702178 0.0167862
0.701146 0.0178362 0.696906 0.0184123
0.716061 0.0160188 0.710293 0.0155054
0.704183 0.0195095 0.698258 0.0218143
0.704297 0.0144213 0.697868 0.014336
0.702871 0.0234696 0.696644 0.0240329
0.702599 0.011739 0.69755 0.0111552
0.700972 0.0171036 0.695268 0.0155498
0.698731 0.0198931 0.69327 0.0189088
0.704947 0.0238236 0.699284 0.0223167
0.698404 0.0127916 0.693279 0.0130212
0.695016 0.0234484 0.690619 0.0209669
0.694599 0.0131941 0.686933 0.0121507
0.698259 0.0189164 0.692777 0.0172461
0.696322 0.0190286 0.690834 0.0192439
0.696565 0.0219616 0.691306 0.022951
0.692882 0.021167 0.687161 0.0211049
0.69883 0.0201169 0.69234 0.0172914
0.695781 0.0200737 0.689759 0.0201999
0.685899 0.0184146 0.681456 0.0175622
0.686546 0.020091 0.679455 0.0176939
0.688319 0.0150206 0.681943 0.0157612
0.695021 0.0131846 0.690299 0.0113602
0.689572 0.0192225 0.684661 0.0188007
0.690722 0.0209234 0.683669 0.0212455
0.694516 0.019845 0.689111 0.0179415
0.693966 0.013023 0.688215 0.011333
0.690055 0.0224053 0.684147 0.0205538
0.682308 0.0232381 0.677964 0.0223383
0.695813 0.022272 0.68999 0.0223717
0.683421 0.015026 0.679845 0.0141586
0.680853 0.016037 0.677324 0.0150377
0.694593 0.0164171 0.688215 0.0155644
0.702396 0.0176137 0.696621 0.0176949
0.683553 0.0143062 0.677801 0.0140515
0.689533 0.0125015 0.683719 0.0144049
0.691737 0.016031 0.686479 0.0161314
0.677616 0.0191027 0.670395 0.0182418
0.681028 0.0180945 0.674763 0.0172119
0.691029 0.0176248 0.685406 0.0182453
0.680912 0.0182793 0.676415 0.0164261
0.682287 0.0231199 0.677453 0.0206891
0.677541 0.0285336 0.673106 0.0277257
0.682015 0.017157 0.675812 0.0162947
0.697734 0.0165475 0.690311 0.0176336
0.686781 0.0299782 0.680065 0.0293386
0.679039 0.0187336 0.672044 0.0180488
0.686242 0.0253631 0.678328 0.0256612
0.688055 0.0236942 0.678522 0.022185
0.688664 0.0199167 0.68218 0.0185809
