0.590753 0.0199772 0.587062 0.0190069
0.618674 0.0384087 0.614427 0.0380564
0.577655 0.0205968 0.572088 0.0181429
0.58272 0.0227609 0.578685 0.0236602
0.585927 0.0266671 0.58325 0.026032
0.583365 0.0217319 0.57772 0.0220436
0.583725 0.025408 0.578302 0.0266749
0.586339 0.0233695 0.582104 0.0240843
0.599847 0.0400438 0.595877 0.0410134
0.575449 0.0223608 0.570473 0.0213279
0.617525 0.0284186 0.612302 0.0274569
0.566347 0.0210551 0.56059 0.0203732
0.580208 0.0267427 0.573882 0.0251103
0.582934 0.037453 0.578596 0.0383227
0.582382 0.0421805 0.577863 0.0423164
0.610777 0.0376079 0.605677 0.0379424
0.585668 0.0303729 0.580057 0.0304457
0.592267 0.0195912 0.58969 0.0194298
0.598863 0.0402207 0.593494 0.0413914
0.570088 0.0152735 0.566114 0.0144884
0.590975 0.0250857 0.584939 0.0250115
0.574309 0.0214387 0.567665 0.0208963
0.570906 0.0276519 0.567299 0.0273076
0.566533 0.0191632 0.562714 0.0186205
0.577975 0.0179099 0.571754 0.0175571
0.581575 0.0234779 0.57654 0.021933
0.574274 0.0228332 0.569458 0.0214682
0.581123 0.0259955 0.577938 0.0257709
0.576642 0.0257908 0.571837 0.0268331
0.569898 0.0289791 0.566681 0.0269444
0.566984 0.0192836 0.562064 0.017541
0.598836 0.0328129 0.591438 0.0315829
0.562052 0.0199707 0.556099 0.0191544
0.566508 0.0226297 0.561575 0.0226431
0.568973 0.0235411 0.563199 0.0247788
0.55646 0.0162834 0.54814 0.0151611
0.567727 0.0112721 0.563589 0.0107649
0.568138 0.0171529 0.562724 0.0165342
0.56114 0.0184293 0.555736 0.01679
0.558657 0.0285106 0.553026 0.0285858
0.573534 0.0222401 0.568278 0.0227751
0.569732 0.0227873 0.564043 0.022354
0.57201 0.0368284 0.566667 0.0383582
0.565222 0.016427 0.561956 0.0156385
0.559503 0.0269019 0.55458 0.026777
0.581349 0.025626 0.575558 0.0271616
0.573223 0.0238233 0.56894 0.0240916
0.565745 0.0226095 0.560407 0.0208298
0.592398 0.0430458 0.586109 0.0415846
0.549359 0.0200411 0.544353 0.0191696
0.567537 0.0290733 0.562036 0.0294164
0.578455 0.0340252 0.572509 0.0333438
0.559681 0.0173231 0.553919 0.0162674
0.5838 0.032466 0.578086 0.0322098
0.557093 0.0102314 0.552107 0.00981752
0.600094 0.0343999 0.59342 0.035614
0.559656 0.0242032 0.552475 0.0236399
0.565 0.026816 0.559634 0.0266119
0.584667 0.0388057 0.577799 0.038345
0.566548 0.0240188 0.564025 0.0232943
0.561434 0.0209749 0.556071 0.0201952
0.563502 0.0180134 0.559781 0.0173757
0.579851 0.0252942 0.573905 0.0252005
0.566424 0.0371518 0.560981 0.0360871
0.564269 0.0311852 0.559323 0.0316559
0.568746 0.0157346 0.565131 0.0171706
0.585613 0.0397848 0.581362 0.0409039
0.57231 0.0297212 0.569163 0.0298476
0.545685 0.0179232 0.540616 0.0195069
0.572224 0.0269543 0.566976 0.0268038
0.59157 0.0405014 0.586455 0.0388056
0.570017 0.0298737 0.562896 0.0289391
0.555698 0.0319135 0.551118 0.0323379
0.550382 0.017103 0.545346 0.0167275
0.565786 0.0178419 0.558701 0.0184592
0.574678 0.0269071 0.568772 0.0253121
0.561209 0.0211758 0.556317 0.0211027
0.564363 0.00939983 0.559581 0.00939623
0.557346 0.0293445 0.55228 0.0281473
0.571499 0.0330919 0.567117 0.0332832
