0.0467098 0.00303703 0.0467671 0.00290597
0.0459434 0.00237256 0.0460274 0.00226425
0.0474844 0.00271878 0.0475213 0.00260717
0.0475398 0.00176839 0.0475771 0.00169962
0.0479031 0.00298001 0.0479182 0.00286391
0.0449564 0.00272281 0.0451516 0.00259575
0.0497625 0.0034407 0.0497284 0.00330585
0.0441857 0.00209343 0.0444079 0.00196111
0.0445642 0.00241377 0.0447933 0.00231398
0.0454654 0.00315408 0.0456415 0.00300323
0.0451995 0.00379737 0.045346 0.00359613
0.0439924 0.00262071 0.0443117 0.00248368
0.0441979 0.00311745 0.044472 0.0029459
0.042774 0.00186235 0.0431115 0.00177911
0.0433922 0.00247837 0.0437578 0.00236131
0.0432189 0.00208381 0.0435867 0.00198108
0.0451139 0.00597756 0.045351 0.00574104
0.0416609 0.00153357 0.0420393 0.00143256
0.0413496 0.00145039 0.041785 0.00139529
0.0410162 0.000793152 0.041506 0.000724749
0.0409846 0.000893622 0.041493 0.00084124
0.0413408 0.00175104 0.0417946 0.00166767
0.0408217 0.000867752 0.0413619 0.000810692
0.0406033 0.000852404 0.0411167 0.000787347
0.0406257 0.00180386 0.0411627 0.00172551
0.0398686 0.000655253 0.0404261 0.000626948
0.0398159 0.000784362 0.0403598 0.00074726
0.0398804 0.000543167 0.0404473 0.000513436
0.039496 0.000857655 0.0400744 0.000847507
0.0393811 0.000824659 0.0399646 0.00080114
0.0397249 0.00128812 0.0402882 0.00120935
0.0400742 0.00128478 0.0406394 0.00123741
0.0393171 0.0014642 0.0398745 0.00141345
0.0393312 0.00105228 0.0399118 0.00101518
0.039417 0.000850729 0.0399928 0.000813447
0.038403 0.000712354 0.0389821 0.000722591
0.0380933 0.00163021 0.0386609 0.00159231
0.038884 0.00080992 0.0394677 0.000783338
0.0383005 0.000917955 0.0388745 0.000898783
0.0379108 0.00117065 0.0384824 0.00116182
0.0372447 0.00140908 0.0378275 0.0014258
0.0363519 0.00184715 0.0369204 0.0018384
0.0368805 0.00122346 0.0374614 0.00123986
0.035939 0.00132524 0.036509 0.00133969
0.0373912 0.00160875 0.0379613 0.00159646
0.0363355 0.00323381 0.0368676 0.00323483
0.0356632 0.00182902 0.0362242 0.0018604
0.0349288 0.00249152 0.0354959 0.00249583
0.0321145 0.00299035 0.0326332 0.00300744
0.0324993 0.00265164 0.0330403 0.00267096
0.0294836 0.0035017 0.0300002 0.00351236
0.0325836 0.00273287 0.0330711 0.00272271
0.0306848 0.00258477 0.0311798 0.00257989
0.0289384 0.00298793 0.0294019 0.00300835
0.0280863 0.00245154 0.0285514 0.00243818
0.0273534 0.00261594 0.0278255 0.00261741
0.0293434 0.00251602 0.0298756 0.00250596
0.0261752 0.00214682 0.0266233 0.00213536
0.0264586 0.00202287 0.0269345 0.00200388
0.025329 0.00179445 0.0258373 0.00182055
0.0266133 0.00202892 0.027053 0.00207034
0.0262515 0.0024776 0.0266995 0.00249749
0.0248715 0.0019667 0.025346 0.00201991
0.024969 0.00327348 0.0253963 0.00332113
0.0248976 0.00202251 0.0253336 0.00199071
0.0249969 0.00245588 0.0254234 0.00246104
0.0263259 0.0030418 0.026799 0.00307162
0.0239133 0.0024997 0.0243776 0.00252084
0.0241089 0.00221973 0.0245735 0.00222371
0.0234668 0.00175112 0.0239804 0.00179083
0.0226176 0.00129606 0.0230505 0.00131818
0.021663 0.00272524 0.0220578 0.00277299
0.0232678 0.00168598 0.0237063 0.00166471
0.0208033 0.0024358 0.0212097 0.00246932
0.0232273 0.00337871 0.0236729 0.00338734
0.0208983 0.00223526 0.0213315 0.00227228
0.0209716 0.00331467 0.0213474 0.00337429
0.0220288 0.0036874 0.0224137 0.00374846
0.0225389 0.00174527 0.0229383 0.00177148
0.0202847 0.00394697 0.0206286 0.00403766
