0.125515 0.00201747 0.124859 0.0019919
0.122835 0.00186014 0.122206 0.00184394
0.124101 0.00175143 0.123461 0.00173839
0.125248 0.00254289 0.124598 0.00252041
0.124958 0.0014934 0.124312 0.00148186
0.124361 0.00165357 0.123716 0.00163783
0.125621 0.00303306 0.124969 0.00300707
0.125486 0.00225547 0.124833 0.00222945
0.124939 0.00210961 0.124287 0.00209055
0.124163 0.0019143 0.123523 0.00190051
0.125829 0.00192211 0.125177 0.00190606
0.124799 0.00124684 0.124155 0.00123676
0.125442 0.00230795 0.12479 0.0022874
0.1244 0.00240128 0.123755 0.00238508
0.124614 0.00216632 0.123967 0.00214874
0.124062 0.00129015 0.123423 0.00127959
0.124045 0.00155831 0.123405 0.00154654
0.124287 0.00206179 0.123646 0.0020453
0.125768 0.00266093 0.125114 0.00263893
0.123318 0.00195365 0.122684 0.00193724
0.125774 0.00257605 0.125121 0.00255307
0.124143 0.000880219 0.123504 0.000872969
0.124229 0.00228658 0.123589 0.00226919
0.125438 0.00302764 0.124784 0.00300611
0.124496 0.00178282 0.123851 0.00177048
0.125254 0.0036665 0.124609 0.003637
0.125296 0.00175646 0.124648 0.00174349
0.126226 0.00264346 0.125569 0.00262363
0.125448 0.00151885 0.124797 0.00150587
0.124381 0.00153239 0.123737 0.00152189
0.124531 0.00154022 0.123888 0.00152796
0.125455 0.0021391 0.124805 0.00212145
0.124474 0.00223839 0.123833 0.00221913
0.125313 0.00164746 0.124665 0.00163389
0.123371 0.00146585 0.122738 0.00145326
0.123864 0.00128518 0.123225 0.0012745
0.124508 0.0019407 0.123865 0.0019261
0.124631 0.00181078 0.12399 0.00179653
0.124705 0.00186619 0.124061 0.00185199
0.124135 0.00165847 0.123494 0.00164581
0.126017 0.00229464 0.125363 0.00227295
0.125235 0.00211221 0.124587 0.00209348
0.124024 0.00189887 0.123383 0.00188628
0.12522 0.00331466 0.124571 0.00328893
0.125172 0.00148195 0.124523 0.00147187
0.125006 0.00159474 0.124359 0.00158142
0.125146 0.00175054 0.1245 0.00173674
0.124201 0.00148365 0.123558 0.00147342
0.124842 0.00163893 0.124197 0.00162711
0.124547 0.00158245 0.123905 0.00156738
0.125101 0.0023715 0.124455 0.00235161
0.124496 0.00162307 0.123854 0.00161228
0.124524 0.00156724 0.123881 0.00155397
0.124764 0.00262875 0.124118 0.00261002
0.124786 0.00203915 0.124143 0.00202365
0.125335 0.00264566 0.124683 0.0026273
0.126267 0.00135153 0.12561 0.00133997
0.125448 0.00236371 0.124799 0.00234455
0.124102 0.00285304 0.123464 0.00283086
0.124095 0.00182766 0.123456 0.00181364
0.124643 0.00300386 0.124 0.00297918
0.125851 0.001853 0.125196 0.00183942
0.12451 0.00215051 0.123871 0.00213287
0.1244 0.00236344 0.123758 0.00234476
0.124665 0.00210095 0.124019 0.002084
0.12511 0.00333241 0.12446 0.00330191
0.125561 0.00332893 0.124911 0.00330358
0.124594 0.00202414 0.12395 0.00201114
0.124411 0.00150061 0.123769 0.00148985
0.123279 0.0019336 0.122643 0.00191944
0.124913 0.00193034 0.124269 0.00191496
0.123562 0.00136516 0.122927 0.00135286
0.124731 0.00250772 0.124087 0.00248582
0.124042 0.00200302 0.123402 0.00198662
0.124421 0.00102482 0.123778 0.00101615
0.123945 0.0015432 0.123306 0.00153123
0.123461 0.00136901 0.122827 0.0013588
0.124553 0.00172209 0.123908 0.00171008
0.125252 0.00327021 0.124604 0.00324646
0.125045 0.00218989 0.124396 0.00217059
