0.112318 6.07757e-06 0.111741 6.44161e-06
0.11232 1.04173e-05 0.111743 1.09183e-05
0.112321 3.67444e-06 0.111744 3.95657e-06
0.112321 6.01498e-06 0.111744 6.21705e-06
0.112318 8.15532e-06 0.111741 8.67437e-06
0.112322 9.75144e-06 0.111745 1.00864e-05
0.112326 6.64673e-06 0.111749 6.93976e-06
0.112328 1.11206e-05 0.111751 1.15517e-05
0.112328 1.00841e-05 0.111751 1.05712e-05
0.112323 3.76814e-06 0.111746 4.04886e-06
0.112322 9.53958e-06 0.111746 9.97656e-06
0.112325 8.69548e-06 0.111749 8.96982e-06
0.112325 9.78256e-06 0.111749 1.00847e-05
0.112307 2.77657e-05 0.111731 2.84333e-05
0.112283 4.08406e-05 0.111706 4.08677e-05
0.112265 4.91166e-05 0.111689 4.88961e-05
0.112177 9.85976e-05 0.111602 9.83345e-05
0.112132 0.000142418 0.111557 0.000142302
0.11195 0.00015739 0.111377 0.000156939
0.111603 0.000450315 0.111032 0.000447379
0.111274 0.000464277 0.110704 0.000461743
0.110574 0.000805928 0.110008 0.000801816
0.109368 0.000992672 0.108808 0.000986563
0.108264 0.00220299 0.107711 0.00219312
0.106817 0.00348495 0.106266 0.00346661
0.105412 0.00525747 0.104877 0.00523426
0.0980073 0.00601252 0.0975084 0.00598195
0.0971079 0.00749171 0.0966131 0.00745125
0.089191 0.00586757 0.0887321 0.00583641
0.0914203 0.00873654 0.0909537 0.00869506
0.0817898 0.00411817 0.0813703 0.0041015
0.081015 0.00725162 0.0805909 0.00722299
0.0781803 0.0077061 0.0777722 0.00766433
0.0750284 0.00374541 0.0746292 0.00372891
0.0756849 0.00887679 0.0752792 0.00883983
0.0693655 0.00266102 0.0689843 0.00264662
0.0714086 0.00841726 0.071026 0.00838503
0.0704251 0.00470697 0.0700364 0.00468395
0.0700128 0.00898991 0.0696288 0.00895347
0.0666258 0.00128332 0.0662449 0.00127254
0.0663592 0.00111812 0.0659832 0.00111909
0.067462 0.00448987 0.0670768 0.00447026
0.0684946 0.00666871 0.0681097 0.00664303
0.065907 0.000397552 0.0655287 0.000401054
0.0659084 0.000220341 0.0655294 0.00022016
0.0698889 0.00796247 0.0694889 0.00793601
0.0657163 0.000466307 0.0653332 0.000464622
0.0654923 0.000394452 0.065108 0.000387426
0.0655654 0.000462396 0.0651858 0.000462804
0.0652145 0.000924313 0.0648339 0.000919454
0.0647711 0.000750423 0.0643952 0.000741889
0.0645852 0.0010894 0.0642083 0.0010828
0.0638295 0.00125184 0.0634607 0.00124143
0.0623808 0.00119053 0.0620267 0.00117786
0.0622892 0.00237206 0.0619344 0.00235388
0.0607098 0.00278064 0.0603837 0.00274687
0.0592362 0.00267648 0.0589096 0.00264981
0.0575448 0.00237754 0.0572498 0.00234994
0.0560846 0.003951 0.0558096 0.00390892
0.054964 0.00398491 0.0547113 0.00392563
0.0513634 0.00121655 0.051162 0.00120044
0.052148 0.00289109 0.0519359 0.00285645
0.0514991 0.00468606 0.0513064 0.00462691
0.050566 0.00187893 0.0503851 0.00184577
0.0498364 0.00178287 0.0496726 0.00174373
0.0496885 0.00292158 0.0495198 0.0028592
0.0482883 0.00137038 0.0481439 0.00135179
0.0494975 0.00236985 0.0493585 0.00233614
0.0496868 0.00576432 0.0495396 0.00567496
0.0470727 0.00273361 0.0469636 0.00270893
0.0476991 0.00468233 0.0475726 0.00461158
0.0452304 0.00308061 0.0451407 0.00304619
0.045397 0.00321884 0.0453034 0.00318933
0.046153 0.00435367 0.0460605 0.00431702
0.0429308 0.0039979 0.0428695 0.00396421
0.0426058 0.00530838 0.04255 0.00526112
0.042532 0.00535401 0.0424795 0.00530017
0.0420985 0.00493817 0.0420558 0.00488525
0.0420665 0.00470838 0.0420182 0.004661
0.0414441 0.00413449 0.0414034 0.00409081
