0.508962 0.0102655 0.505276 0.0102703
0.507145 0.00990958 0.503425 0.00989677
0.502447 0.0074025 0.498702 0.00739744
0.495847 0.00775767 0.492018 0.00772306
0.502749 0.0199033 0.498805 0.0197705
0.5158 0.0227865 0.511877 0.0228101
0.515688 0.0209819 0.511727 0.0209274
0.506158 0.0122227 0.50219 0.0123733
0.503398 0.015381 0.499403 0.0154791
0.494969 0.00847593 0.490816 0.00846983
0.499293 0.0120649 0.495199 0.0120694
0.498217 0.0151796 0.494128 0.0152822
0.5047 0.0239227 0.500583 0.0240183
0.490579 0.0122043 0.486433 0.0122558
0.503817 0.0141052 0.499732 0.0142491
0.490145 0.0168526 0.486023 0.0168093
0.497489 0.0237587 0.493316 0.0237616
0.488605 0.0176002 0.484437 0.0175101
0.488809 0.0136904 0.484676 0.0136816
0.49787 0.0166856 0.493747 0.0167875
0.495977 0.0193602 0.491868 0.0193866
0.496694 0.031602 0.492451 0.0313043
0.489124 0.0114344 0.484996 0.0114338
0.496923 0.0178015 0.492775 0.0177892
0.489425 0.0136013 0.485329 0.0134923
0.505149 0.0363886 0.500963 0.0359769
0.496326 0.011964 0.492263 0.0119134
0.489747 0.0154906 0.485725 0.0154052
0.484768 0.0181846 0.480706 0.0180557
0.475904 0.0110923 0.472006 0.0111846
0.484185 0.0177272 0.480262 0.0175975
0.486262 0.0225564 0.482325 0.0224476
0.489718 0.0251504 0.485686 0.0249443
0.496851 0.0206567 0.492632 0.020551
0.486067 0.0131199 0.482078 0.0130325
0.477754 0.0147023 0.473743 0.0145499
0.496616 0.0165651 0.492598 0.0164293
0.495369 0.0158917 0.491274 0.0158235
0.475271 0.0188864 0.471446 0.0187335
0.483495 0.0193186 0.47966 0.0190093
0.480403 0.016305 0.47658 0.0162049
0.476517 0.0111006 0.472718 0.0109778
0.488199 0.0160821 0.484252 0.0160731
0.481666 0.0141503 0.477945 0.0140613
0.480196 0.0188798 0.476459 0.0187926
0.474556 0.0241581 0.470756 0.0239188
0.484889 0.016146 0.481154 0.0159495
0.479374 0.0228437 0.475514 0.0226769
0.470743 0.0150294 0.467178 0.0148433
0.478529 0.0277457 0.474926 0.0274044
0.486261 0.039823 0.482341 0.0392676
0.470729 0.0114709 0.466956 0.0113272
0.478176 0.0247192 0.47433 0.0244856
0.475698 0.0199288 0.472066 0.0196738
0.468167 0.0179388 0.46467 0.017535
0.471202 0.0236254 0.467311 0.0234153
0.473719 0.0204476 0.470035 0.0200797
0.478709 0.0224766 0.475135 0.0222742
0.479518 0.0179002 0.475898 0.0177306
0.472708 0.0181262 0.469057 0.0179416
0.476406 0.0157916 0.472669 0.0157597
0.48532 0.0162483 0.4813 0.0162145
0.482859 0.0301237 0.479262 0.0296688
0.471661 0.0127976 0.468096 0.0125693
0.472427 0.0154948 0.46884 0.015363
0.471885 0.0119851 0.468201 0.0118398
0.469447 0.0200408 0.465809 0.0198558
0.469332 0.0149668 0.465859 0.0146323
0.468659 0.0296789 0.465225 0.0294105
0.475156 0.0238301 0.471598 0.0235778
0.47511 0.0228447 0.471579 0.0224519
0.462575 0.0172249 0.459187 0.0169088
0.455134 0.0210936 0.451663 0.0208647
0.462795 0.0210329 0.459281 0.0208089
0.46023 0.021402 0.456847 0.0210328
0.473032 0.0270047 0.469646 0.0267481
0.460066 0.0209421 0.456591 0.0205622
0.466189 0.0233601 0.462612 0.023154
0.460712 0.0179031 0.457245 0.0175075
0.486133 0.0206031 0.482203 0.0204187
