0.489129 0.0145249 0.485682 0.014278
0.485775 0.0169252 0.482406 0.0167597
0.486935 0.0217683 0.483449 0.021613
0.477897 0.0222919 0.47459 0.0219375
0.482325 0.0125495 0.478615 0.0124353
0.479715 0.0203518 0.476044 0.0201341
0.48591 0.020821 0.482116 0.0206742
0.4762 0.0177442 0.472479 0.0175613
0.476544 0.0255496 0.472925 0.025201
0.482362 0.0245916 0.478591 0.0244283
0.480025 0.0271873 0.476236 0.0269705
0.484096 0.021997 0.480227 0.0218206
0.47072 0.0228356 0.46693 0.0224591
0.477726 0.0223903 0.473831 0.0222611
0.472488 0.0216763 0.468603 0.0214013
0.477621 0.0227994 0.473674 0.0226638
0.466957 0.0300179 0.463324 0.0297375
0.470457 0.0098604 0.466628 0.00979305
0.458457 0.0145013 0.454715 0.0142548
0.470724 0.01701 0.466886 0.0167147
0.463492 0.017051 0.459692 0.0167286
0.479891 0.0252176 0.475946 0.0249357
0.465583 0.0206877 0.461754 0.0203774
0.473505 0.0187166 0.469725 0.0185259
0.475511 0.0250288 0.471647 0.0248344
0.457705 0.0232849 0.454043 0.0229203
0.470429 0.0196926 0.466611 0.019585
0.474846 0.0462754 0.470969 0.0457812
0.454406 0.0177587 0.450745 0.0173333
0.47699 0.0169957 0.473083 0.0168397
0.463789 0.026657 0.460173 0.0262864
0.461828 0.025689 0.458224 0.0252543
0.467897 0.0310941 0.464192 0.0307327
0.460141 0.0183331 0.456453 0.0180638
0.464421 0.031108 0.4608 0.0306941
0.460684 0.0158268 0.456993 0.015616
0.453248 0.0199556 0.449712 0.0196358
0.46919 0.019167 0.465467 0.0188338
0.474074 0.0212541 0.470252 0.0210641
0.459757 0.0172018 0.456113 0.0168694
0.451321 0.0221076 0.447917 0.021744
0.445971 0.024338 0.44272 0.0237954
0.450561 0.024294 0.44717 0.02377
0.465992 0.028446 0.462421 0.0280536
0.457641 0.0235378 0.454231 0.0233069
0.467838 0.0203305 0.464179 0.0200942
0.456402 0.0278438 0.453072 0.027303
0.458888 0.0217891 0.455338 0.0214842
0.451629 0.0211853 0.448356 0.0207276
0.451155 0.0265336 0.447675 0.0260358
0.457257 0.0229721 0.453747 0.0225547
0.44395 0.02816 0.440774 0.0275143
0.444761 0.0241496 0.441493 0.0236148
0.44884 0.0162066 0.445436 0.01585
0.462045 0.0251103 0.458753 0.024628
0.451689 0.0208061 0.448385 0.0205267
0.440662 0.0135349 0.43751 0.0131935
0.447764 0.012438 0.444596 0.012097
0.439213 0.0219935 0.436182 0.0214306
0.460077 0.0324142 0.456693 0.0317945
0.448953 0.0153979 0.445787 0.0152245
0.471537 0.0298394 0.468114 0.0294404
0.44427 0.0216182 0.44125 0.0212761
0.458622 0.0219232 0.455027 0.0217946
0.466426 0.0228298 0.462864 0.0225716
0.446497 0.0224143 0.443437 0.0219111
0.44171 0.0193884 0.438651 0.0190316
0.453302 0.029167 0.450124 0.0287179
0.447516 0.0293987 0.444425 0.0290735
0.447241 0.0168745 0.443892 0.0165871
0.436544 0.0219826 0.433607 0.0215243
0.443524 0.0137886 0.440311 0.0135631
0.448061 0.0169929 0.444706 0.0168372
0.451087 0.0248137 0.44775 0.0243623
0.442582 0.0184141 0.43948 0.0180592
0.45194 0.0235794 0.448501 0.0230828
0.46115 0.0359927 0.457888 0.0356326
0.456563 0.0172313 0.4532 0.0170543
0.436877 0.0179199 0.433631 0.0177032
0.443907 0.0262544 0.440782 0.0259079
