0.0476553 0.000855803 0.0480833 0.000858827
0.0475299 0.0026223 0.0479784 0.0026154
0.0464821 0.00264196 0.0469432 0.00258784
0.0468952 0.00235923 0.0473955 0.00241124
0.0434705 0.00264644 0.0439906 0.00263382
0.0439086 0.00349157 0.0444111 0.00351892
0.0416764 0.00202291 0.0421985 0.00200848
0.039406 0.00247485 0.039922 0.00245343
0.0392689 0.00289161 0.0398282 0.002894
0.0415418 0.00247026 0.0420862 0.00240439
0.0403161 0.00266322 0.0408545 0.0026014
0.0388331 0.00296489 0.0393419 0.00292382
0.0380703 0.00222022 0.0386618 0.00222654
0.0408035 0.00362784 0.0413925 0.00370086
0.0375202 0.00162552 0.0380367 0.00159568
0.0395703 0.00298179 0.040143 0.00294516
0.0391802 0.00241187 0.0397568 0.00238172
0.0392586 0.00344114 0.0397545 0.00334324
0.0372667 0.00158529 0.0378026 0.00153713
0.0385981 0.00256829 0.0391879 0.00251608
0.0374629 0.00272636 0.038061 0.00275426
0.0373404 0.00232025 0.0379787 0.00227824
0.0375448 0.00186223 0.0381637 0.00189718
0.0394661 0.00237698 0.0401221 0.00240967
0.0366311 0.00238522 0.0372148 0.00230451
0.0377287 0.00152345 0.0383927 0.00156094
0.036283 0.00202686 0.0369048 0.00200344
0.0416896 0.0145492 0.0422815 0.0146425
0.0368213 0.00243229 0.0374447 0.00237893
0.035823 0.00206673 0.036415 0.00202981
0.0372098 0.00197287 0.0377952 0.00200165
0.0389977 0.00553356 0.039559 0.00550709
0.0404439 0.00341491 0.04106 0.00336699
0.0374988 0.0028729 0.0381803 0.00289565
0.0366244 0.00309741 0.0371915 0.00305349
0.0369436 0.00406181 0.0375743 0.0040307
0.038512 0.00146002 0.039193 0.0015339
0.0374936 0.00341769 0.0381201 0.00337507
0.0357108 0.0019442 0.0362984 0.00196254
0.0372416 0.0028367 0.0379309 0.00282004
0.040162 0.00419673 0.04086 0.00425446
0.0374936 0.00254189 0.0381007 0.00254588
0.038302 0.00305113 0.0389588 0.00310183
0.0374964 0.00281385 0.0380907 0.00275644
0.03713 0.00286448 0.0377368 0.0028276
0.0369688 0.00251742 0.0375805 0.00254522
0.0361972 0.00269684 0.0368495 0.00273872
0.0352991 0.00182119 0.0359163 0.00186672
0.037651 0.00484635 0.0382975 0.00493396
0.0351477 0.000991195 0.0357862 0.00105824
0.0362152 0.0022948 0.0368074 0.00232078
0.0364718 0.0025065 0.0371591 0.00259667
0.0375705 0.00383646 0.0381776 0.00375226
0.0375292 0.00302901 0.0381307 0.00303462
0.0367383 0.00220099 0.0373582 0.0022247
0.0371497 0.00311713 0.0377978 0.00320462
0.0351576 0.00214083 0.0357723 0.00215011
0.0369589 0.00481192 0.0376325 0.00494682
0.0362164 0.00281043 0.036857 0.00284202
0.0368746 0.00181893 0.0374924 0.00183494
0.0377972 0.00308105 0.038486 0.00317929
0.0351426 0.00218868 0.0357251 0.00214918
0.0359178 0.00259021 0.0365222 0.00260216
0.0363302 0.00350856 0.0369243 0.00350174
0.0390957 0.00694737 0.0396935 0.00688532
0.0381205 0.00564621 0.0387834 0.00566481
0.036394 0.00335522 0.0369685 0.00338392
0.0385607 0.00382389 0.0391424 0.00383622
0.0364851 0.00430816 0.0371544 0.00441452
0.0368693 0.00220803 0.0374807 0.00217933
0.0344855 0.00210544 0.0351109 0.0021533
0.0366078 0.0036176 0.0372268 0.0035899
0.036435 0.00365454 0.0370647 0.00368596
0.0339616 0.00147168 0.0345756 0.00153338
0.0360757 0.0018646 0.0367181 0.00189912
0.03633 0.00283718 0.0369679 0.00292786
0.037816 0.00551213 0.0384234 0.00544123
0.0342978 0.00238672 0.034889 0.00236827
0.0348893 0.0033791 0.0355618 0.00347175
0.0374011 0.00479911 0.0380384 0.00482271
