0.106263 0.000750564 0.105672 0.000752612
0.104531 0.00260634 0.103936 0.00261433
0.106046 0.00276147 0.105455 0.00276995
0.106496 0.00189801 0.105906 0.00190354
0.107468 0.00146669 0.10688 0.00147187
0.107146 0.00246788 0.106559 0.0024744
0.107187 0.00280227 0.106599 0.00280845
0.107433 0.00211581 0.106847 0.0021225
0.108303 0.00152677 0.107718 0.00153071
0.107597 0.00122209 0.10701 0.00122459
0.107009 0.00177037 0.106421 0.0017742
0.106997 0.00142639 0.106409 0.00142891
0.106993 0.00163515 0.106404 0.0016394
0.108934 0.00156243 0.108352 0.0015662
0.1079 0.00206745 0.107315 0.00207202
0.107994 0.00141328 0.10741 0.00141603
0.108094 0.00198607 0.107511 0.00199003
0.107533 0.00159169 0.10695 0.00159457
0.107871 0.00183096 0.107287 0.00183224
0.108412 0.000817885 0.10783 0.000819831
0.106786 0.00365957 0.106212 0.00365432
0.106291 0.00160515 0.105723 0.00159968
0.106147 0.00402059 0.105575 0.00401312
0.104103 0.00327354 0.103547 0.00325574
0.0997458 0.00651895 0.0992052 0.00650001
0.0975806 0.00720447 0.0970558 0.00717103
0.0899245 0.00385303 0.0894306 0.00383579
0.0880449 0.00857696 0.0875501 0.00854023
0.086127 0.00647614 0.0856497 0.00645389
0.0781949 0.00886438 0.0777339 0.00881812
0.0800803 0.0124828 0.0796212 0.0124394
0.0709085 0.00539112 0.070496 0.00536951
0.0695472 0.00448788 0.0691217 0.00448079
0.0670523 0.00421559 0.0666387 0.00420992
0.0661935 0.00160433 0.0657828 0.00160376
0.066084 0.00170386 0.0656647 0.0016946
0.0655688 0.00113385 0.0651663 0.00114738
0.0655029 0.00125044 0.0650924 0.00123971
0.0659449 0.00127714 0.0655159 0.00126061
0.065271 0.000277161 0.064856 0.000270643
0.0652593 0.000449461 0.0648505 0.000459694
0.0652649 0.000286567 0.0648548 0.000275498
0.0652908 0.000328359 0.064891 0.000337404
0.0650928 0.000190151 0.0646911 0.000191016
0.0651513 0.000222768 0.0647452 0.000225266
0.0651056 0.000313659 0.0647032 0.000302474
0.0649667 0.000626801 0.0645739 0.000622701
0.0646315 0.000530467 0.0642382 0.000519253
0.0643485 0.00116145 0.0639549 0.00114452
0.0631156 0.0016601 0.0627427 0.00163966
0.0630829 0.00168018 0.0627077 0.00165953
0.0611984 0.00342668 0.0608585 0.00338297
0.0615501 0.00141396 0.0612158 0.00140151
0.0597119 0.00407067 0.0593909 0.00400756
0.0566962 0.00340539 0.056413 0.00336076
0.0547355 0.00389409 0.0544977 0.0038328
0.0530864 0.0027044 0.0528748 0.0026533
0.0549017 0.00495489 0.0546555 0.00487846
0.052161 0.00350268 0.0519651 0.00344313
0.0519624 0.0022424 0.0517583 0.00218907
0.0521609 0.00486494 0.0519449 0.00477504
0.0498895 0.004044 0.0497401 0.00397169
0.0479969 0.00149941 0.0478811 0.00148726
0.047747 0.00101389 0.047625 0.00100584
0.0481697 0.00122096 0.0480649 0.00121175
0.046534 0.0019174 0.0464363 0.00190759
0.0467697 0.00371973 0.0466663 0.0036933
0.0442773 0.00351722 0.0442004 0.00348869
0.0437491 0.00234547 0.0436817 0.00231871
0.0423818 0.00320686 0.0423195 0.00317715
0.0422364 0.00349122 0.0421898 0.00345721
0.0407359 0.00334678 0.0407086 0.00331034
0.0411007 0.00140167 0.0410517 0.00138645
0.0411235 0.00552501 0.0410938 0.00547549
0.0404902 0.0032858 0.0404622 0.00324324
0.040742 0.00301455 0.0407183 0.00297116
0.0392633 0.00110136 0.0392521 0.00107697
0.0398272 0.00128666 0.0398069 0.00126868
0.0391366 0.000424876 0.0391297 0.000416045
0.0391928 0.000922135 0.0391841 0.000898848
