0.0463197 0.00179468 0.0466996 0.00166746
0.114661 0.000395218 0.113239 0.000355631
0.1242 0.0153396 0.122614 0.0154266
0.125269 0.00822998 0.123452 0.00763893
0.12625 0.00353595 0.125252 0.0034677
0.145059 0.0190968 0.143501 0.017773
0.154003 0.0322269 0.15244 0.0309361
0.160044 0.0203903 0.157541 0.0199667
0.154834 0.0162717 0.153361 0.0166727
0.177377 0.0172829 0.176644 0.0165332
0.177888 0.0218032 0.175808 0.0214012
0.197009 0.0204856 0.194824 0.0193399
0.19409 0.0120144 0.190922 0.0120199
0.210596 0.0142183 0.20899 0.0136286
0.213749 0.0213358 0.211034 0.0204629
0.216124 0.0170469 0.213814 0.0163795
0.21554 0.0129836 0.21352 0.0120406
0.237295 0.0142121 0.233462 0.012915
0.229248 0.019623 0.226145 0.0198628
0.243898 0.0151503 0.240525 0.0157446
0.246347 0.0167067 0.241822 0.0166328
0.248133 0.0151311 0.246038 0.0164227
0.260986 0.022001 0.256188 0.0206524
0.257528 0.0173816 0.253813 0.0168124
0.259526 0.0141327 0.255602 0.0119295
0.260969 0.00663349 0.258413 0.0079033
0.280077 0.0196333 0.27822 0.020237
0.280802 0.0137583 0.277767 0.0123443
0.2772 0.0165951 0.273249 0.0172783
0.282823 0.0163566 0.280627 0.0156186
0.291473 0.0159031 0.286329 0.0156292
0.295938 0.0117637 0.28975 0.0113741
0.286788 0.0094227 0.28252 0.00970452
0.296486 0.0175952 0.293243 0.0186219
0.305264 0.019981 0.301049 0.0198241
0.311307 0.0258233 0.306928 0.0257658
0.305827 0.0141813 0.303606 0.0151314
0.30714 0.00923212 0.301428 0.00817273
0.318948 0.0166397 0.3152 0.0166424
0.312632 0.0239946 0.30831 0.0243794
0.318438 0.0157029 0.314201 0.0140445
0.31945 0.0136067 0.31603 0.0154083
0.329241 0.0225255 0.326825 0.0217623
0.336742 0.026139 0.334456 0.0253142
0.33154 0.0173439 0.329088 0.0172757
0.32787 0.0153101 0.326763 0.016388
0.335681 0.0186882 0.331618 0.0199278
0.339072 0.0134772 0.334006 0.0133162
0.353408 0.0183152 0.349583 0.0160746
0.336547 0.0117807 0.332885 0.0113644
0.358716 0.0181831 0.354097 0.01824
0.356251 0.0142489 0.354824 0.0147087
0.364389 0.0199901 0.359877 0.0199887
0.379849 0.0288812 0.376505 0.0268148
0.381604 0.0432576 0.377994 0.0428936
0.359315 0.0254794 0.355961 0.0247477
0.374727 0.0197246 0.369838 0.0172061
0.389014 0.0349708 0.383848 0.0355371
0.375042 0.0146449 0.371404 0.0147351
0.388404 0.0292776 0.385947 0.0270801
0.391511 0.0297606 0.387746 0.0304898
0.394708 0.0267856 0.391151 0.0258684
0.414003 0.0247537 0.410008 0.0255443
0.399174 0.0256404 0.395907 0.0249075
0.405602 0.0257468 0.402322 0.0268472
0.396001 0.0241073 0.391691 0.025582
0.412343 0.0272987 0.409774 0.0293751
0.396714 0.0179743 0.391756 0.0169996
0.400511 0.0267187 0.397205 0.0276309
0.42133 0.0376684 0.420572 0.0378556
0.42019 0.0335068 0.414955 0.0317599
0.435946 0.0312738 0.434626 0.0328133
0.40614 0.0151976 0.401514 0.0166705
0.425072 0.0244838 0.420876 0.0258195
0.428357 0.0258099 0.425179 0.0266186
0.447579 0.0412033 0.442161 0.039681
0.4375 0.0301305 0.434192 0.0272573
0.449028 0.0328007 0.446616 0.0326372
0.442578 0.0342729 0.439329 0.0345505
0.448618 0.0227264 0.443238 0.0209899
0.45669 0.0275968 0.452 0.0250048
0.442675 0.0191564 0.436969 0.0166827
0.467495 0.0547186 0.463207 0.0538539
0.447483 0.0296158 0.442568 0.0306325
0.461657 0.035952 0.455799 0.0356846
0.472253 0.0313448 0.465945 0.0291533
0.449205 0.0318414 0.445946 0.0344417
0.475687 0.0334958 0.472948 0.0334209
0.481259 0.0365363 0.478757 0.0375103
0.474368 0.0407322 0.470281 0.0395686
0.487726 0.0300862 0.48308 0.029015
0.49361 0.03407 0.489698 0.0345859
0.487452 0.0392311 0.485615 0.0376655
0.488719 0.0269876 0.484292 0.0267872
0.492378 0.0360883 0.488523 0.036663
0.491959 0.0304827 0.489491 0.0323952
0.475483 0.0312918 0.469463 0.0313294
0.487208 0.0369143 0.480344 0.0346683
0.493625 0.0289722 0.49126 0.0298082
0.514648 0.0327184 0.507832 0.0333993
