0.0283331 0.00149888 0.0289011 0.00149124
0.0289183 0.00178431 0.0294792 0.00182805
0.0271066 0.0011 0.0276273 0.00117114
0.0278662 0.000571662 0.0284941 0.000640045
0.0275428 0.000715501 0.0281389 0.000790381
0.0277415 0.00142794 0.0282922 0.00148006
0.0281877 0.00118147 0.0288156 0.00119334
0.0297894 0.00130444 0.0304542 0.00129073
0.0294806 0.00183316 0.0301438 0.00175919
0.0296159 0.00156506 0.0302538 0.00154914
0.0304225 0.00206857 0.0310477 0.00202134
0.030366 0.00175662 0.0309745 0.00174492
0.032439 0.00160591 0.0329563 0.00159116
0.0323135 0.00140563 0.0328662 0.00142929
0.0319267 0.00156579 0.0323881 0.00154776
0.0322705 0.0025745 0.0327842 0.00266628
0.0331728 0.00269918 0.0336302 0.00268465
0.0326741 0.00274506 0.0330649 0.0027215
0.0417552 0.0100359 0.0420196 0.00997434
0.0388846 0.00343147 0.0395573 0.00354564
0.0338897 0.00213954 0.0345352 0.00221341
0.0341857 0.0011997 0.0348538 0.00125156
0.034204 0.0015597 0.0348994 0.00160083
0.0364181 0.00225512 0.0371023 0.00215666
0.0372946 0.00257081 0.0379943 0.00247945
0.0376988 0.000997827 0.0384322 0.00097937
0.0364754 0.00175013 0.0371824 0.00176243
0.0377002 0.00164503 0.0384125 0.00169501
0.0389446 0.00158189 0.0396515 0.00149101
0.0385567 0.000820682 0.0392802 0.000833636
0.0401698 0.000943828 0.040878 0.000915029
0.0391248 0.00095338 0.0398466 0.000988738
0.0395177 0.000546213 0.0402009 0.000501099
0.0395217 0.000836424 0.0401963 0.000858778
0.0393995 0.0010534 0.040047 0.00102532
0.0397181 0.00107088 0.0403871 0.00107607
0.0404123 0.00281199 0.0409222 0.00270417
0.0389761 0.00197684 0.0395771 0.00193636
0.0391306 0.00263751 0.039658 0.00258088
0.0388875 0.00386215 0.0393751 0.00377864
0.0368748 0.00506761 0.0372995 0.00505795
0.033396 0.00552404 0.0337663 0.00547015
0.0291292 0.00387711 0.0294255 0.00379693
0.0289471 0.004572 0.029244 0.00457079
0.0261481 0.00279706 0.0263055 0.00277261
0.0268007 0.0030362 0.0269465 0.00306789
0.028021 0.00368862 0.0280877 0.00355675
0.0317285 0.00745805 0.0317393 0.00732838
0.0285303 0.00136651 0.0285356 0.00136591
0.0300069 0.00322123 0.0300307 0.00311354
0.032778 0.00640125 0.0327121 0.00627338
0.0332975 0.00303472 0.0331677 0.00293891
0.0364257 0.00543505 0.0362619 0.00532355
0.0412074 0.00515793 0.0409808 0.00508004
0.0423228 0.00563436 0.0420692 0.00556208
0.0444459 0.00485713 0.044152 0.00481451
0.0451169 0.00525575 0.0448467 0.00516942
0.0462094 0.00486538 0.0459219 0.00481759
0.04711 0.00249256 0.0468174 0.00248013
0.0491639 0.00403401 0.0488582 0.00398388
0.046923 0.0043286 0.0466584 0.00430801
0.049117 0.00381828 0.0488446 0.00378347
0.0512256 0.00196939 0.0509238 0.00193396
0.0472309 0.0025012 0.0469999 0.00251738
0.0459614 0.00196621 0.0457742 0.00196623
0.0471627 0.00175674 0.0469827 0.00175015
0.0485503 0.00596399 0.0483406 0.00588154
0.0460643 0.00268526 0.0459026 0.00264811
0.0467028 0.00222033 0.0465607 0.00219322
0.0441505 0.00269399 0.0440307 0.00266439
0.0441029 0.00308778 0.0439995 0.00304638
0.0446483 0.00439459 0.0445444 0.00434696
0.0422803 0.00273479 0.0422208 0.0027012
0.0435315 0.00512496 0.0434185 0.00503346
0.0398433 0.00182967 0.0398098 0.00182973
0.0407691 0.00287695 0.0407165 0.00284822
0.0424701 0.00571817 0.0424138 0.00565187
0.0422696 0.00498302 0.0422175 0.00490839
0.0413074 0.00454255 0.0412629 0.00449381
0.0418426 0.0051043 0.0417961 0.00504316
