0.0874602 0.0179715 0.0864024 0.0176315
0.157807 0.0913986 0.156404 0.090439
0.179505 0.105399 0.177015 0.103723
0.188232 0.0564094 0.18642 0.0563792
0.23324 0.0974961 0.232252 0.0956427
0.261915 0.101495 0.259569 0.0996517
0.283008 0.0929037 0.280951 0.0909848
0.286557 0.103809 0.283194 0.102168
0.251734 0.0538838 0.249723 0.0549562
0.346841 0.0852843 0.343912 0.0832184
0.313472 0.0949205 0.310572 0.0938483
0.320895 0.0482649 0.317543 0.0475847
0.355259 0.0986016 0.353642 0.0980798
0.373862 0.0777526 0.369595 0.0789545
0.396925 0.070714 0.391841 0.0677932
0.397516 0.0897548 0.393138 0.0884408
0.366239 0.0689527 0.36348 0.0667946
0.367143 0.0717495 0.364107 0.0705562
0.38491 0.0743291 0.380558 0.0721884
0.435175 0.0732938 0.430484 0.07233
0.444373 0.0842575 0.441026 0.0848386
0.444749 0.0438515 0.442182 0.0413624
0.45854 0.0724365 0.452629 0.0726126
0.448946 0.0806323 0.445393 0.0799395
0.434727 0.0918458 0.43255 0.0910754
0.421733 0.0430337 0.415369 0.0427251
0.44373 0.0618543 0.439898 0.0632339
0.49408 0.0671003 0.490071 0.0683605
0.423209 0.046002 0.41924 0.0422605
0.484046 0.0994358 0.478817 0.10006
0.520496 0.0898006 0.518593 0.09299
0.478681 0.0878797 0.474109 0.0886104
0.477034 0.0579886 0.470932 0.0555192
0.535029 0.10929 0.531825 0.109625
0.486047 0.0890734 0.480355 0.0888012
0.497183 0.0602458 0.490062 0.0588701
0.530435 0.078204 0.52498 0.0777519
0.507396 0.0406007 0.503566 0.0426106
0.496897 0.0599166 0.493579 0.0619925
0.587973 0.0806824 0.578989 0.0768353
0.53685 0.0477826 0.529047 0.0447376
0.578181 0.13288 0.576766 0.132286
0.566638 0.0770265 0.560667 0.075601
0.517544 0.0505666 0.516771 0.0538208
0.529069 0.0750684 0.524197 0.0757778
0.555349 0.0986151 0.54996 0.0994488
0.526608 0.0577771 0.524002 0.0562143
0.578299 0.0921418 0.571005 0.0913589
0.559747 0.066304 0.555038 0.0681613
0.549428 0.0630807 0.544853 0.0655675
0.563724 0.0502558 0.558934 0.0479296
0.608374 0.131981 0.604493 0.13246
0.58756 0.0645442 0.581731 0.0623817
0.629533 0.0850822 0.624825 0.0862695
0.576825 0.0433967 0.570841 0.0438203
0.588564 0.073011 0.582812 0.0695185
0.613479 0.0613313 0.610511 0.0598353
0.630203 0.076692 0.623602 0.0784522
0.619392 0.0726729 0.612989 0.0727659
0.618433 0.0521541 0.611317 0.0521735
0.600351 0.0836271 0.595044 0.0827069
0.661554 0.0592264 0.656083 0.0556906
0.68206 0.120651 0.674477 0.117669
0.684102 0.123593 0.681325 0.125246
0.655114 0.12059 0.651692 0.118558
0.682899 0.117861 0.678234 0.115968
0.645669 0.0743209 0.639426 0.0746592
0.710991 0.0681361 0.704703 0.0663705
0.67082 0.0798032 0.667561 0.0794454
0.622335 0.0504501 0.617905 0.0510938
0.648729 0.0412083 0.643172 0.0429389
0.684095 0.0519894 0.678987 0.0486399
0.670992 0.0873505 0.665921 0.0861234
0.700962 0.0642946 0.695636 0.0630634
0.695679 0.113259 0.693719 0.116035
0.696313 0.0651227 0.692966 0.0688125
0.684563 0.0976213 0.685121 0.0986617
0.639776 0.0344278 0.636478 0.0353349
0.6919 0.0786928 0.691052 0.0802151
0.688214 0.0689525 0.684316 0.0663191
0.688264 0.0511291 0.684426 0.0514287
0.711456 0.103154 0.708872 0.10363
0.699956 0.0688414 0.697083 0.0730414
0.704529 0.0883682 0.700527 0.0893912
0.718139 0.104924 0.710313 0.105937
0.747985 0.0620771 0.746006 0.0643998
0.709708 0.0632879 0.706289 0.0636463
0.746366 0.0776009 0.74325 0.080434
0.752366 0.0800468 0.75214 0.0796516
0.748557 0.0874031 0.747649 0.0902757
0.757194 0.0556758 0.753946 0.0567204
0.762971 0.0747189 0.755441 0.0762708
0.791524 0.102184 0.787846 0.103825
0.723584 0.0308637 0.722333 0.033456
0.781174 0.104176 0.780303 0.104138
0.774128 0.0803255 0.767617 0.0801805
0.767287 0.0920782 0.763274 0.0899642
0.781709 0.0874507 0.778529 0.0868932
0.711806 0.057601 0.708934 0.0572937
0.802234 0.0797153 0.802885 0.0783458
