0.64597 0.0189967 0.641913 0.0189705
0.646203 0.036455 0.64216 0.0363769
0.65636 0.0307675 0.652307 0.0307323
0.660611 0.0287994 0.656615 0.0288051
0.649118 0.0400911 0.645099 0.0400749
0.655627 0.0349333 0.651593 0.0349523
0.654834 0.0222917 0.650721 0.0223016
0.665933 0.0368724 0.661889 0.036876
0.638099 0.0355604 0.633985 0.035585
0.636733 0.0214718 0.632624 0.0215027
0.649269 0.0211198 0.645104 0.0211528
0.629553 0.0254531 0.625394 0.0254568
0.642995 0.0344741 0.638866 0.0345167
0.645368 0.0338254 0.641242 0.0338587
0.635789 0.0442872 0.631568 0.0442949
0.646427 0.0412584 0.642326 0.0412478
0.624547 0.0206311 0.620269 0.0205971
0.636022 0.0295991 0.631654 0.029688
0.626603 0.0270491 0.622408 0.027071
0.653244 0.0297881 0.648884 0.0299155
0.625954 0.0259205 0.621553 0.0258807
0.66306 0.0329905 0.658766 0.033048
0.64079 0.0282751 0.636322 0.0283451
0.631407 0.0327368 0.627034 0.0327111
0.664091 0.0428802 0.659741 0.0430309
0.633825 0.021902 0.629394 0.0220079
0.623145 0.0167491 0.61868 0.0167047
0.63758 0.0271016 0.63317 0.0271244
0.633648 0.0278893 0.629174 0.0279819
0.628937 0.0264618 0.62433 0.0264926
0.629557 0.0364242 0.625004 0.0365095
0.62529 0.0164066 0.62058 0.016274
0.619919 0.0206115 0.615256 0.0205569
0.631235 0.0368435 0.626701 0.0369189
0.63637 0.0293202 0.631834 0.0292967
0.606777 0.0234938 0.602126 0.0234383
0.632819 0.0358516 0.628193 0.0359454
0.628526 0.0351625 0.623956 0.0352555
0.597752 0.0259987 0.593022 0.025975
0.619187 0.0335593 0.614514 0.033626
0.626869 0.0501452 0.622291 0.0502812
0.625685 0.04007 0.621003 0.040188
0.626384 0.0376599 0.621595 0.0378143
0.608867 0.0261645 0.604118 0.0261533
0.605277 0.0148329 0.600479 0.0147345
0.605459 0.0214896 0.600684 0.0214536
0.619454 0.0247782 0.6146 0.0247755
0.616374 0.0288604 0.611507 0.028764
0.629258 0.0346283 0.624564 0.0347438
0.626735 0.0357934 0.621928 0.0358686
0.627477 0.0309159 0.622656 0.030926
0.617432 0.0246135 0.612494 0.0245732
0.607225 0.0260064 0.602306 0.0258797
0.607068 0.0284545 0.602097 0.0282986
0.60935 0.0313671 0.604499 0.0313016
0.601039 0.0218031 0.596128 0.021739
0.608004 0.0239707 0.603081 0.0237911
0.608333 0.014059 0.603404 0.0140665
0.612675 0.0170082 0.607666 0.0169577
0.613412 0.0243859 0.608438 0.0243879
0.613953 0.0340492 0.609109 0.0340563
0.59991 0.0254355 0.594973 0.0253093
0.609969 0.023024 0.605006 0.0229336
0.625343 0.0302371 0.620422 0.0303109
0.611782 0.0231742 0.606857 0.0230665
0.600051 0.0271796 0.595083 0.0270368
0.601909 0.019889 0.596892 0.0197668
0.619797 0.0252753 0.614747 0.025196
0.615629 0.0137391 0.610605 0.0137258
0.603786 0.0236551 0.598772 0.0236169
0.609474 0.0212029 0.604463 0.0210745
0.590789 0.0157418 0.58585 0.0156542
0.614845 0.0377037 0.609882 0.0376225
0.599049 0.0244834 0.594078 0.0244135
0.603227 0.0191796 0.59816 0.0190432
0.596377 0.026187 0.591417 0.0260623
0.60705 0.0254066 0.60202 0.0253186
0.604358 0.0241631 0.599388 0.0241154
0.603759 0.0219235 0.598824 0.0219069
0.603963 0.0218571 0.598888 0.0217221
