0.464548 0.0159663 0.461824 0.0155694
0.47538 0.0235269 0.472191 0.0230153
0.462134 0.0225769 0.459174 0.0220739
0.459286 0.0203187 0.456289 0.019996
0.46833 0.0202759 0.465107 0.0198887
0.469837 0.0247826 0.46631 0.0242902
0.462565 0.0205102 0.45918 0.0200928
0.458936 0.0283337 0.455422 0.0278103
0.456057 0.0140378 0.452595 0.0137219
0.455404 0.0149679 0.451873 0.014641
0.449979 0.0105005 0.446603 0.010315
0.480775 0.0278104 0.477055 0.0276336
0.452367 0.0130081 0.448887 0.0126739
0.445649 0.0194506 0.442424 0.0189273
0.465924 0.0408699 0.462336 0.0404692
0.456246 0.0252793 0.452827 0.0248402
0.455884 0.0159001 0.452392 0.0154862
0.458985 0.0172284 0.455436 0.0168579
0.449202 0.0153668 0.445806 0.0149796
0.454251 0.0356126 0.450935 0.0350583
0.461948 0.0172256 0.458407 0.0169419
0.45149 0.0202635 0.448117 0.0197825
0.452783 0.0184606 0.449454 0.0180132
0.449686 0.0197604 0.446382 0.0193445
0.445381 0.0106945 0.442141 0.0104768
0.461897 0.00776868 0.458296 0.00765294
0.452946 0.0241553 0.449636 0.0237344
0.453025 0.0224942 0.44962 0.022071
0.451396 0.0201914 0.448029 0.0197526
0.444456 0.0222637 0.441335 0.0217227
0.457652 0.0265821 0.454232 0.0262091
0.444762 0.0177127 0.441565 0.0173623
0.455735 0.0226883 0.452307 0.022268
0.448307 0.0242204 0.445087 0.0238214
0.450649 0.0246072 0.447334 0.0241984
0.448753 0.0177131 0.445479 0.017426
0.443585 0.0184195 0.440397 0.0179244
0.444761 0.0143331 0.441507 0.0139429
0.444036 0.0208145 0.440881 0.0204201
0.445126 0.0183259 0.441832 0.0179631
0.438015 0.0151202 0.434791 0.014805
0.442326 0.0245855 0.439308 0.0241674
0.452142 0.0202225 0.448713 0.0198871
0.446603 0.0368941 0.443478 0.0364018
0.432158 0.0139568 0.428976 0.0136966
0.437451 0.0176056 0.43426 0.017137
0.443316 0.0186503 0.440021 0.0182594
0.434729 0.0188226 0.431799 0.0185374
0.435147 0.0219538 0.432021 0.0215772
0.433443 0.0211233 0.430429 0.0207492
0.434581 0.0227736 0.431462 0.0223232
0.452531 0.0402857 0.449139 0.0397055
0.440751 0.0194633 0.43769 0.0192114
0.425953 0.0151367 0.422876 0.0148394
0.435723 0.025271 0.432632 0.024866
0.434349 0.0218792 0.431111 0.0215556
0.433965 0.0224021 0.430793 0.022113
0.426221 0.02954 0.423228 0.0290255
0.43584 0.0233151 0.432541 0.023011
0.422266 0.0248886 0.419211 0.024576
0.425164 0.0315769 0.422135 0.0310427
0.441368 0.0314661 0.438249 0.0308512
0.418854 0.0257586 0.415798 0.0253867
0.427761 0.0215368 0.424581 0.0213253
0.414016 0.0256404 0.411168 0.0252821
0.424789 0.0239261 0.421781 0.0238105
0.422194 0.0309096 0.419135 0.0305512
0.434558 0.0220512 0.431251 0.0218134
0.407096 0.0175968 0.404288 0.0171363
0.405484 0.0266486 0.4027 0.0263013
0.418367 0.0332789 0.415159 0.0328264
0.415228 0.0285451 0.412406 0.0281007
0.413479 0.0233776 0.410465 0.0231491
0.409125 0.0309829 0.406089 0.0305711
0.425379 0.046367 0.422299 0.0457857
0.418487 0.0272683 0.415546 0.0268608
0.415365 0.0362037 0.412295 0.0358585
0.406425 0.0274937 0.403397 0.0271253
0.408002 0.0258949 0.404917 0.0255484
0.425584 0.0234325 0.422426 0.0231543
