0.0466267 0.000331803 0.0470517 0.000307651
0.114679 0.000428656 0.113161 0.000438317
0.120049 0.00452074 0.118787 0.00432555
0.122529 0.00427096 0.121187 0.00415124
0.132537 0.0121435 0.130934 0.0115091
0.142876 0.0188246 0.141537 0.0189237
0.147824 0.0243422 0.145497 0.0243714
0.150772 0.00911677 0.148934 0.00910068
0.156647 0.0190422 0.153926 0.0183604
0.160659 0.00972375 0.158929 0.00956499
0.162706 0.00903159 0.160974 0.00901141
0.189194 0.0216096 0.187618 0.0215907
0.193399 0.0181299 0.191793 0.0183983
0.187762 0.0141688 0.185228 0.0137683
0.193258 0.0153444 0.191608 0.0142554
0.204542 0.0154605 0.201288 0.0149733
0.215331 0.0169894 0.211916 0.0173577
0.224763 0.0156727 0.222596 0.0147023
0.215102 0.00827502 0.212291 0.00802382
0.228557 0.0137325 0.226607 0.0140435
0.222965 0.0177557 0.219304 0.0174096
0.228467 0.0154111 0.225317 0.0148893
0.236462 0.0125081 0.233444 0.0108482
0.239905 0.012145 0.238155 0.0121481
0.25247 0.0121497 0.249075 0.0118264
0.254689 0.00810793 0.249594 0.00809573
0.253673 0.00885105 0.249351 0.00869773
0.254115 0.00981445 0.251526 0.00967867
0.261493 0.0132231 0.258014 0.0122267
0.262053 0.0115376 0.259145 0.0113244
0.275033 0.0134702 0.270904 0.0122279
0.271781 0.0095152 0.269201 0.00915341
0.271925 0.00925888 0.268173 0.00867018
0.27679 0.00771753 0.273518 0.00608461
0.277415 0.00933204 0.272336 0.00944711
0.281374 0.00989705 0.277703 0.0105707
0.285154 0.0115866 0.282204 0.0111754
0.295499 0.0131747 0.290328 0.0119749
0.291667 0.0115012 0.287575 0.0107369
0.296725 0.0150825 0.29254 0.0138343
0.301198 0.0171962 0.296392 0.0175
0.301441 0.0109729 0.298159 0.00953999
0.299624 0.0125241 0.296377 0.0124467
0.302027 0.00902283 0.296857 0.00919526
0.297744 0.00641338 0.294302 0.00674155
0.309545 0.00708113 0.305768 0.00683487
0.307375 0.00816149 0.30415 0.00691908
0.320644 0.019502 0.316955 0.0191759
0.306571 0.00795007 0.303987 0.0074805
0.320764 0.00534694 0.31646 0.00473994
0.312833 0.00967334 0.309398 0.0092592
0.322482 0.0105117 0.318416 0.00991472
0.327861 0.0183819 0.321877 0.0158264
0.334204 0.0113426 0.330406 0.0110012
0.344725 0.0190765 0.339966 0.0207961
0.335767 0.0182765 0.330946 0.0172886
0.334029 0.0125671 0.330055 0.0116554
0.344161 0.0123896 0.339416 0.0120739
0.337632 0.0150736 0.333926 0.015491
0.352677 0.0253456 0.34947 0.0266094
0.343413 0.0132567 0.339691 0.0139244
0.34952 0.0159404 0.347656 0.0174073
0.358195 0.0252687 0.355179 0.025489
0.362495 0.0220513 0.357188 0.0204364
0.362506 0.0155108 0.35855 0.015356
0.362838 0.0145564 0.35932 0.0140743
0.372962 0.0152836 0.367895 0.0167957
0.370144 0.0243458 0.367113 0.0277287
0.364873 0.0151897 0.36013 0.0150919
0.383834 0.0246535 0.377799 0.02314
0.369998 0.0230805 0.366256 0.021083
0.386201 0.0225856 0.381988 0.0232396
0.37668 0.0175146 0.373118 0.0187065
0.388275 0.0230998 0.384296 0.0247056
0.37793 0.0118094 0.372016 0.0112873
0.387175 0.0129674 0.383885 0.0131794
0.394022 0.0278907 0.387681 0.0285233
0.411531 0.0264687 0.407222 0.0243128
0.391542 0.021402 0.388604 0.0203663
0.412169 0.0512219 0.404842 0.0515197
0.395685 0.0172006 0.391099 0.015138
0.411404 0.0354537 0.407999 0.0379278
0.421439 0.028744 0.418497 0.0298127
0.405124 0.0170948 0.400766 0.0179636
0.417315 0.0270406 0.413064 0.0259058
0.428162 0.0200145 0.423036 0.0204233
0.413436 0.0242885 0.408053 0.0242545
0.425858 0.0314004 0.422019 0.0338483
0.42244 0.0275595 0.415076 0.0257949
0.425099 0.0278153 0.423038 0.0291006
0.428982 0.0191625 0.425914 0.0187373
0.431215 0.0207417 0.425104 0.0194642
0.421464 0.02679 0.419473 0.0277528
0.450561 0.0245457 0.44616 0.0261536
0.437809 0.0296223 0.434274 0.0261208
0.433485 0.0331044 0.430971 0.0317591
0.436995 0.0172571 0.430401 0.0172558
0.458896 0.0402822 0.453978 0.0377632
0.443027 0.0189859 0.439353 0.0199567
0.44879 0.0271798 0.446063 0.0274327
