0.210183 0.00817109 0.208551 0.00774973
0.21336 0.00575191 0.210853 0.00568537
0.215042 0.00864994 0.21296 0.0078305
0.211009 0.00860679 0.209375 0.00763433
0.214334 0.0113025 0.21287 0.0111836
0.2137 0.00895707 0.212488 0.00899657
0.215105 0.00930215 0.213337 0.00875434
0.211958 0.00796881 0.210359 0.00849348
0.216291 0.0072033 0.214181 0.00765925
0.220129 0.0127064 0.218112 0.0120417
0.213617 0.0117688 0.2119 0.0113522
0.214878 0.0050372 0.213383 0.0040661
0.218123 0.00881715 0.216743 0.00851678
0.215277 0.00687266 0.213312 0.00568508
0.217266 0.00557372 0.215137 0.00620444
0.216257 0.00681655 0.214309 0.00674172
0.214712 0.00956354 0.214034 0.0100748
0.218896 0.0101243 0.216966 0.0102107
0.212628 0.00553538 0.21092 0.0057269
0.215962 0.0112637 0.213997 0.0108092
0.217264 0.00634372 0.215688 0.00653063
0.214662 0.00703133 0.212989 0.0065098
0.221453 0.009854 0.219602 0.0105284
0.217238 0.00528976 0.215401 0.0050098
0.216098 0.00837947 0.214524 0.00867559
0.218382 0.00616326 0.217182 0.00562846
0.215511 0.00654328 0.214147 0.00632106
0.220889 0.00883695 0.219437 0.00882845
0.218272 0.00482418 0.216937 0.00480942
0.218255 0.00857371 0.21567 0.00824394
0.215924 0.00597 0.213944 0.00609662
0.219419 0.00509638 0.21749 0.00496863
0.221498 0.00769575 0.219953 0.00750703
0.214053 0.00643333 0.212596 0.00670504
0.215726 0.00998275 0.215015 0.00997583
0.21764 0.00977291 0.215306 0.0092231
0.219051 0.00712432 0.218165 0.00817466
0.217767 0.00860728 0.216486 0.00887535
0.218541 0.00693463 0.216799 0.00712551
0.219302 0.0146487 0.217232 0.0143072
0.21989 0.00699874 0.218918 0.00721518
0.217406 0.00669967 0.215403 0.00661283
0.226224 0.00995215 0.224524 0.00978654
0.215339 0.00698943 0.212986 0.00631797
0.224504 0.010676 0.223115 0.0100624
0.221877 0.00717988 0.220239 0.00705998
0.214659 0.0106957 0.212783 0.0110637
0.221659 0.00778152 0.220786 0.00696306
0.224237 0.0125265 0.222415 0.0127345
0.219376 0.00878508 0.217685 0.00878698
0.222571 0.00663948 0.221025 0.00737972
0.218508 0.00717826 0.216305 0.00701243
0.219149 0.00855659 0.21697 0.0080944
0.216205 0.00616691 0.215193 0.00588935
0.220922 0.00875301 0.219492 0.00892691
0.21748 0.00378536 0.216001 0.00311832
0.219998 0.00954049 0.219168 0.00875662
0.22143 0.0102683 0.219713 0.0103375
0.223356 0.0101575 0.221646 0.00914812
0.221181 0.00749786 0.219226 0.00772656
0.225167 0.011452 0.222853 0.0105985
0.223535 0.0068512 0.221455 0.00647884
0.223811 0.00840652 0.221688 0.00863376
0.224408 0.010459 0.222567 0.00950398
0.224945 0.00911111 0.223407 0.00949328
0.227465 0.0103649 0.225806 0.0102275
0.224978 0.00835328 0.224141 0.00831636
0.219271 0.00992571 0.217979 0.010257
0.220067 0.00566487 0.218376 0.0056717
0.22822 0.00946807 0.226068 0.00943847
0.221244 0.00684648 0.219382 0.00718011
0.227028 0.00861933 0.225574 0.00791124
0.223233 0.00746233 0.221929 0.0067185
0.22029 0.00782557 0.218804 0.00853813
0.223126 0.00556947 0.221304 0.00442084
0.222947 0.00592587 0.220982 0.00634809
0.216225 0.00693465 0.21449 0.00648276
0.228186 0.00994555 0.22642 0.0105695
0.225932 0.0106471 0.22446 0.0107367
0.229785 0.0114255 0.228834 0.0112965
