0.677075 0.0208781 0.671428 0.0213197
0.67004 0.0245852 0.662814 0.0245577
0.658537 0.0186711 0.651979 0.0185737
0.670191 0.0193824 0.663855 0.0188589
0.677604 0.0200544 0.671232 0.0203863
0.661428 0.0201414 0.653235 0.0197671
0.670887 0.0197282 0.66387 0.0196816
0.669076 0.0251792 0.661446 0.0248852
0.661235 0.0162335 0.653545 0.0168465
0.678714 0.0214416 0.671976 0.0209643
0.671888 0.0112792 0.664769 0.0117461
0.662559 0.0208098 0.655064 0.0213023
0.668783 0.0203307 0.661423 0.0204731
0.668782 0.0220018 0.662149 0.0230655
0.663891 0.0161503 0.657023 0.0165171
0.656309 0.0239075 0.649633 0.0236708
0.680471 0.020813 0.673369 0.0201096
0.670261 0.0199957 0.662887 0.0201174
0.673728 0.00985414 0.668244 0.0107535
0.668166 0.013646 0.661779 0.0143727
0.666957 0.0241952 0.659562 0.0234201
0.669243 0.0222811 0.661076 0.0239544
0.665654 0.0141115 0.658933 0.0141249
0.657468 0.021327 0.650892 0.0210311
0.660103 0.020873 0.654605 0.0194436
0.667673 0.0160192 0.660493 0.0178374
0.667864 0.0198487 0.659483 0.0186135
0.675005 0.0194041 0.667538 0.0178577
0.659535 0.0225252 0.652175 0.0234523
0.67037 0.0327475 0.662981 0.0309091
0.65857 0.0127673 0.651793 0.0130926
0.66204 0.020914 0.655053 0.0219101
0.663486 0.0159895 0.655743 0.0157973
0.675387 0.0222062 0.66679 0.0217392
0.660323 0.0218078 0.652241 0.0215923
0.667461 0.0191222 0.657955 0.019487
0.656983 0.0265508 0.650514 0.0276897
0.654983 0.0215645 0.647437 0.0223709
0.655838 0.0244716 0.647311 0.0250347
0.657852 0.0219641 0.650882 0.0236109
0.64536 0.014948 0.638558 0.0153186
0.658919 0.0125425 0.650967 0.0128679
0.646186 0.0294034 0.637949 0.0285771
0.655924 0.0158491 0.648173 0.0163042
0.653336 0.0264685 0.646265 0.0280678
0.649732 0.0198946 0.641207 0.0202164
0.658188 0.0252366 0.649942 0.0248704
0.664526 0.0144793 0.656391 0.0135454
0.656655 0.0150472 0.648247 0.0151411
0.657343 0.0111672 0.649982 0.0113409
0.652125 0.00961016 0.645511 0.00942377
0.652676 0.0197941 0.644586 0.0203114
0.647065 0.02442 0.638923 0.0252587
0.654448 0.0188482 0.647587 0.0192278
0.649262 0.0164768 0.64158 0.0163316
0.654752 0.0138632 0.647524 0.0144821
0.663565 0.0158992 0.655682 0.0163075
0.644482 0.0191203 0.635405 0.0198394
0.666235 0.0222914 0.65902 0.023241
0.641648 0.0154504 0.63453 0.0170666
0.6465 0.0212992 0.638512 0.0231127
0.639861 0.0203833 0.631599 0.0220489
0.642306 0.02234 0.633489 0.0226589
0.643752 0.0286445 0.636541 0.0300063
0.647976 0.0162677 0.64024 0.0180026
0.652244 0.0135986 0.643603 0.0136092
0.637706 0.015691 0.630402 0.016069
0.650783 0.0181926 0.642134 0.0188726
0.651534 0.0277549 0.64315 0.0274098
0.656907 0.0146751 0.647793 0.0139229
0.634052 0.0139598 0.626288 0.0144716
0.644675 0.0138492 0.635901 0.0131192
0.649127 0.0160839 0.640123 0.0163368
0.644697 0.0199198 0.636494 0.0212974
0.654444 0.0188224 0.645474 0.0185782
0.626266 0.0130163 0.616891 0.0143242
0.642982 0.0155197 0.635565 0.0160633
0.64426 0.0154989 0.634728 0.0158418
0.649214 0.0221103 0.639944 0.0234648
0.631179 0.0149237 0.622484 0.0171117
