0.0469971 0.00105943 0.0473633 0.000969346
0.115429 0.00314572 0.11396 0.00336759
0.116574 0.00129868 0.115102 0.00117234
0.120347 0.00299074 0.118931 0.0026939
0.127039 0.0075451 0.126033 0.00788677
0.143552 0.0241381 0.141331 0.0236348
0.132903 0.00614862 0.131601 0.00607313
0.143481 0.0110622 0.142112 0.0108076
0.169091 0.0269221 0.167404 0.0261941
0.17381 0.0274523 0.172514 0.0275182
0.184056 0.0321791 0.18191 0.0314023
0.188347 0.0206542 0.185472 0.0200576
0.18093 0.0106421 0.178375 0.0106578
0.179035 0.0112875 0.17726 0.0108681
0.191681 0.0178199 0.190347 0.0177117
0.204351 0.0288462 0.201934 0.0283626
0.201987 0.0192868 0.199305 0.0186773
0.211511 0.0203818 0.208768 0.0197876
0.22007 0.0161334 0.217813 0.0154943
0.220877 0.016681 0.217979 0.0161226
0.229678 0.0171284 0.22595 0.017966
0.221915 0.0169196 0.219056 0.0161917
0.231849 0.0149553 0.229388 0.0151198
0.24226 0.0113894 0.238795 0.0107626
0.245789 0.0157735 0.241552 0.0151626
0.245783 0.0145075 0.242143 0.0151287
0.253158 0.0112255 0.248838 0.0103478
0.258916 0.0131486 0.255041 0.0138943
0.260457 0.0145727 0.256792 0.0141423
0.262353 0.0104545 0.259084 0.00932146
0.264485 0.00999566 0.261193 0.0102059
0.265245 0.0124963 0.26169 0.012739
0.272685 0.0142118 0.269874 0.011488
0.282464 0.0233863 0.278967 0.0231972
0.277102 0.0105553 0.27428 0.00988335
0.287147 0.0127035 0.28312 0.0119548
0.299335 0.016247 0.294122 0.0160986
0.289937 0.00760312 0.284725 0.00854387
0.288036 0.0108158 0.28488 0.00993543
0.3094 0.0119704 0.305442 0.0115604
0.290075 0.011371 0.286426 0.0108021
0.296654 0.0125934 0.29283 0.0136463
0.29556 0.00816479 0.29148 0.00677599
0.310845 0.0123337 0.307207 0.0128568
0.308341 0.0121167 0.303857 0.0117495
0.31174 0.0230119 0.307843 0.0229761
0.310894 0.00847098 0.306262 0.00984497
0.321697 0.0204719 0.318493 0.0194618
0.320936 0.013611 0.317407 0.0132333
0.339389 0.0263119 0.33467 0.0253794
0.319467 0.0128554 0.315826 0.0134965
0.32035 0.014281 0.315772 0.013385
0.325594 0.0182934 0.321692 0.0172395
0.334227 0.0203241 0.330031 0.0196837
0.344662 0.0213466 0.339134 0.0218166
0.339961 0.0143925 0.334564 0.0141664
0.340895 0.022709 0.337702 0.023265
0.34021 0.00900197 0.335643 0.00892491
0.364665 0.023617 0.359486 0.0221936
0.348794 0.0160387 0.343517 0.0154578
0.363853 0.018184 0.360718 0.015933
0.357986 0.0217759 0.354339 0.0225449
0.356895 0.017465 0.351333 0.0163108
0.371825 0.0333652 0.366995 0.0305377
0.364095 0.0175273 0.360286 0.0187656
0.363701 0.0201834 0.36014 0.0197688
0.379885 0.0243183 0.3753 0.0242521
0.372278 0.0221662 0.367341 0.0216096
0.377774 0.0148964 0.374073 0.0158641
0.371064 0.00950587 0.370049 0.0096633
0.380735 0.0303814 0.378282 0.0287711
0.383436 0.0184445 0.379647 0.0167364
0.391338 0.0216045 0.388309 0.0200551
0.400485 0.017326 0.396598 0.01694
0.387458 0.0235533 0.383467 0.022891
0.392341 0.0164197 0.387137 0.0158343
0.404445 0.032232 0.399631 0.0334406
0.418843 0.0259992 0.412879 0.0263425
0.391035 0.0146406 0.385841 0.0145192
0.40578 0.0303907 0.403036 0.0319135
0.410378 0.0296618 0.405122 0.0288277
0.398452 0.012975 0.393128 0.0149962
0.425799 0.0213768 0.422889 0.0227467
0.421564 0.0337321 0.417603 0.033243
0.436086 0.0324669 0.431264 0.0305515
0.416264 0.0140461 0.411172 0.0175031
0.425806 0.0306725 0.422388 0.0314716
0.424618 0.0274178 0.420948 0.0270116
0.421468 0.0143778 0.416311 0.0151477
0.434257 0.0277432 0.432062 0.0248944
0.441591 0.0284976 0.437021 0.0265596
0.44082 0.0311008 0.436484 0.030304
0.432769 0.0205974 0.429152 0.0182586
0.428335 0.0209032 0.424645 0.0195205
0.463734 0.0250382 0.458968 0.023814
0.448644 0.0273259 0.446308 0.0272981
0.457334 0.0153019 0.45433 0.0148145
0.448342 0.0175941 0.44598 0.0173841
0.445324 0.0189405 0.441843 0.0198163
0.458965 0.0294055 0.453148 0.0278228
