0.0792681 0.0413627 0.0789564 0.0409264
0.0841198 0.0320805 0.0836799 0.0316549
0.10926 0.0416054 0.108419 0.0410629
0.112559 0.0547228 0.111857 0.0542589
0.116196 0.05116 0.115414 0.0506835
0.123917 0.0500895 0.123087 0.0495876
0.103206 0.0456815 0.102527 0.0452627
0.0803484 0.0379593 0.0799132 0.0375689
0.120068 0.0527263 0.119256 0.0522233
0.0855521 0.0540201 0.0852588 0.0533977
0.106807 0.0570078 0.106205 0.0563973
0.0857986 0.0289915 0.0852866 0.0285745
0.0962499 0.0466656 0.0956469 0.0460097
0.097484 0.0422174 0.0970193 0.0417787
0.0897415 0.0438314 0.0892832 0.0432818
0.0812647 0.0413007 0.0808574 0.0408544
0.135154 0.0504018 0.13423 0.0500237
0.101853 0.0473994 0.101271 0.0468464
0.079588 0.0382704 0.0792641 0.0377676
0.118966 0.0460787 0.118284 0.045676
0.0812917 0.0441267 0.0810658 0.0435068
0.104012 0.0537508 0.103614 0.0532057
0.0964435 0.0379986 0.0958439 0.0374891
0.0867663 0.0429822 0.0863893 0.0424228
0.0947161 0.0581682 0.0945066 0.0575609
0.104714 0.0518408 0.104157 0.0511813
0.0920069 0.0469834 0.0916455 0.0463395
0.101031 0.0551251 0.100549 0.0545022
0.114454 0.0528196 0.113912 0.0521984
0.104828 0.0502299 0.104303 0.049562
0.100943 0.0460391 0.100332 0.0455558
0.0926325 0.0485742 0.0922273 0.0478633
0.0978921 0.058569 0.0977779 0.0578978
0.102423 0.0568535 0.10194 0.0561996
0.0939287 0.0428676 0.0935483 0.0422524
0.098909 0.0464564 0.0984392 0.0458981
0.0978635 0.0474517 0.097464 0.046905
0.0960181 0.0554602 0.0956199 0.0547612
0.083143 0.0552753 0.0829931 0.0545219
0.0996135 0.0455889 0.0991999 0.0451734
0.122143 0.0511056 0.121486 0.0506719
0.134075 0.0429675 0.133224 0.0424957
0.0744849 0.0260567 0.0743943 0.0257792
0.0769828 0.0361722 0.0770025 0.0358068
0.11549 0.0568309 0.114918 0.0561334
0.0935918 0.055788 0.0934862 0.0550549
0.0872733 0.040445 0.0871147 0.0399796
0.074605 0.0309411 0.0746434 0.0305577
0.0861361 0.051521 0.0860138 0.0508062
0.0992499 0.054751 0.0989139 0.0541109
0.0658259 0.0254995 0.0657409 0.0251287
0.103107 0.0487765 0.102735 0.0481195
0.130281 0.0551493 0.129676 0.0544005
0.0920973 0.0431811 0.0918196 0.042601
0.123017 0.0476702 0.122309 0.0472285
0.0811664 0.0486117 0.0809686 0.0481682
0.0597141 0.01992 0.0600016 0.0195668
0.0909084 0.0542257 0.0909893 0.0533868
0.113034 0.0421036 0.112513 0.0417224
0.0977834 0.0514644 0.0975474 0.0507985
0.0898627 0.0255314 0.0894082 0.0251224
0.0804935 0.038003 0.080551 0.037333
0.115878 0.0568252 0.115453 0.0561681
0.108353 0.0465906 0.107859 0.0460373
0.0806574 0.0527465 0.0805948 0.0521048
0.114397 0.0477299 0.114054 0.0469228
0.0828123 0.0376663 0.0827404 0.0370365
0.0871715 0.0393955 0.0868572 0.0389637
0.0996405 0.0499242 0.0991774 0.0493235
0.0948526 0.0452977 0.0946869 0.0445949
0.108465 0.043412 0.108101 0.0428932
0.0942791 0.0530247 0.0939032 0.0523852
0.0844925 0.0433625 0.084577 0.0426283
0.0969858 0.0447461 0.097055 0.0440814
0.0968079 0.0459186 0.0967476 0.0452042
0.0891988 0.0476185 0.0896966 0.0468615
0.130441 0.0509561 0.130039 0.05005
0.0872274 0.0391645 0.0872849 0.0384816
0.125275 0.0440206 0.12457 0.0434618
0.122629 0.0457435 0.12223 0.0451417
