0.326521 0.0243409 0.321285 0.0232545
0.467204 0.00817678 0.459701 0.00840597
0.483553 0.028556 0.476412 0.0290618
0.479439 0.00811678 0.472545 0.00802634
0.483122 0.00544131 0.475186 0.00431287
0.511753 0.044426 0.506019 0.0484
0.48788 0.00435017 0.480473 0.00341622
0.493255 0.0202038 0.485934 0.0226157
0.492697 0.00995771 0.485195 0.00975912
0.491366 0.00530172 0.483516 0.0056462
0.487541 0.00369519 0.480154 0.00399914
0.493468 0.00858389 0.486023 0.00942336
0.513324 0.0344854 0.506454 0.0358045
0.511964 0.0250964 0.504882 0.0249417
0.509486 0.0223697 0.501687 0.0222681
0.497212 0.00659506 0.489945 0.00683347
0.559407 0.0865452 0.556782 0.0897921
0.544563 0.063155 0.537902 0.0648852
0.538316 0.04706 0.532057 0.0439794
0.518085 0.0250652 0.510181 0.0250389
0.516268 0.0238554 0.508921 0.0236724
0.545586 0.0415086 0.539806 0.0429253
0.53791 0.026464 0.530611 0.0301583
0.524494 0.0266073 0.520031 0.0278208
0.55772 0.0438865 0.553634 0.0432393
0.550136 0.0467703 0.542474 0.0473337
0.587527 0.0652119 0.582017 0.0670685
0.527566 0.0174245 0.521636 0.0171975
0.57099 0.0833385 0.565231 0.0824227
0.566375 0.0604638 0.558236 0.0606116
0.606267 0.0964135 0.599223 0.0971689
0.598249 0.112621 0.591099 0.114827
0.613498 0.118554 0.606731 0.117075
0.621589 0.0932991 0.613592 0.0948354
0.642957 0.140117 0.637368 0.1426
0.574535 0.0415496 0.567116 0.0412187
0.654943 0.096105 0.650945 0.0963161
0.626287 0.100162 0.620391 0.100172
0.608824 0.0868554 0.603214 0.0844731
0.626521 0.122192 0.622024 0.125072
0.626433 0.062332 0.621371 0.0661403
0.630064 0.0697836 0.626106 0.0694562
0.688748 0.130566 0.684961 0.131183
0.716711 0.0992112 0.712856 0.100614
0.640458 0.0837596 0.633378 0.0859114
0.684124 0.0937082 0.680392 0.0950159
0.654737 0.0703885 0.64723 0.0740039
0.669003 0.0919694 0.664663 0.0954934
0.638493 0.101674 0.634731 0.104277
0.606923 0.0438636 0.604669 0.0426727
0.725416 0.109882 0.717863 0.111261
0.710896 0.0878257 0.705779 0.0892749
0.729109 0.122677 0.72605 0.126651
0.658246 0.0653094 0.655226 0.0688946
0.681774 0.0777932 0.674295 0.0778995
0.679324 0.133836 0.676459 0.135362
0.649492 0.108258 0.643125 0.109281
0.690192 0.0942785 0.684555 0.100458
0.671383 0.112455 0.665802 0.109692
0.674079 0.0487423 0.667735 0.0454076
0.716288 0.119075 0.70951 0.12074
0.717059 0.095882 0.711118 0.0984391
0.766786 0.134028 0.763781 0.134477
0.723423 0.117127 0.718725 0.120112
0.715111 0.050461 0.711353 0.0536878
0.785289 0.108515 0.782587 0.110884
0.788624 0.129253 0.781771 0.130727
0.674674 0.0663258 0.666146 0.0684483
0.675571 0.0708122 0.671443 0.0703988
0.77134 0.120047 0.76673 0.119836
0.731343 0.111373 0.729787 0.111806
0.71961 0.105327 0.711874 0.107633
0.761618 0.153095 0.75893 0.153454
0.758734 0.112548 0.755708 0.112287
0.760066 0.0774648 0.755531 0.0735683
0.759816 0.10308 0.758185 0.101402
0.769731 0.124784 0.76296 0.125334
0.803921 0.0980818 0.801581 0.0988702
0.744455 0.0967252 0.741304 0.0981285
0.761504 0.109887 0.760368 0.110807
0.799072 0.0735506 0.792529 0.0719626
0.78747 0.0951701 0.785587 0.0966023
0.728939 0.0653642 0.726009 0.0680969
0.770307 0.106046 0.767288 0.105719
0.766959 0.0885772 0.762822 0.0884178
0.782193 0.0963494 0.782457 0.0966429
0.813785 0.119827 0.810767 0.11813
0.799454 0.0687231 0.793087 0.0696647
0.755937 0.0997253 0.75169 0.101434
0.786484 0.0836918 0.778755 0.0836712
0.780593 0.0894123 0.772385 0.0899308
0.778481 0.116965 0.775095 0.118015
0.805567 0.0829932 0.801807 0.085446
0.811925 0.101123 0.807394 0.102863
0.76004 0.0714456 0.75649 0.0733214
0.832552 0.102935 0.831172 0.102667
0.824368 0.0875029 0.823125 0.0857779
0.817175 0.0685706 0.810653 0.0715405
0.775848 0.0772961 0.769177 0.0819203
0.813773 0.0850478 0.811809 0.0871725
