0.170462 0.0335357 0.169348 0.0332389
0.154645 0.0398836 0.153653 0.0395394
0.157881 0.0397303 0.156856 0.0393989
0.137644 0.041846 0.136791 0.0414625
0.162664 0.039427 0.161633 0.0390655
0.159458 0.0360918 0.158446 0.0357907
0.16726 0.0356537 0.166193 0.0353341
0.173169 0.0242783 0.172055 0.0240531
0.159549 0.0304818 0.158555 0.0302374
0.137316 0.0393119 0.136548 0.038918
0.1721 0.0185771 0.171025 0.0184277
0.15687 0.0318304 0.155912 0.0315611
0.15055 0.0401807 0.149688 0.0398023
0.169682 0.0272777 0.168642 0.0270287
0.158608 0.0277315 0.157676 0.0274961
0.174659 0.014971 0.173569 0.0148415
0.152631 0.0386884 0.15172 0.0383053
0.157467 0.0294706 0.156535 0.0292155
0.141938 0.0429197 0.141154 0.0425245
0.161853 0.0274887 0.160878 0.0272605
0.152141 0.0273792 0.151232 0.0271455
0.166571 0.0224787 0.165559 0.0222918
0.143512 0.0458194 0.14271 0.0454052
0.144342 0.0396825 0.143553 0.0392952
0.154038 0.0433186 0.153179 0.0429006
0.139352 0.0425984 0.138615 0.0421897
0.15428 0.0383833 0.153394 0.038038
0.161471 0.0346746 0.160542 0.0343441
0.164731 0.0384119 0.163771 0.0380447
0.15312 0.0406281 0.152256 0.0402557
0.16522 0.0256268 0.164227 0.025413
0.163275 0.02585 0.162321 0.0256029
0.170741 0.030559 0.169725 0.0302886
0.174533 0.0201569 0.173494 0.0199512
0.160173 0.0341221 0.159262 0.0337767
0.16727 0.0206814 0.166272 0.0205034
0.170007 0.0186288 0.168983 0.018418
0.143217 0.0394187 0.142409 0.039082
0.159859 0.0349583 0.158933 0.0346432
0.162756 0.0316583 0.161802 0.0313519
0.175429 0.0158195 0.174356 0.0156919
0.167904 0.0217544 0.166911 0.0215374
0.158306 0.0336742 0.157377 0.0333838
0.141254 0.0453389 0.140503 0.0449078
0.169076 0.0216627 0.168059 0.0214815
0.146055 0.0399741 0.145253 0.0396087
0.153855 0.030673 0.15301 0.0303824
0.167491 0.0245517 0.166514 0.0243392
0.163097 0.0338137 0.162154 0.0334708
0.166135 0.0195508 0.165129 0.0193896
0.179427 0.00662514 0.178332 0.00657327
0.16991 0.0226874 0.168905 0.0224594
0.158771 0.032449 0.157894 0.0321295
0.162353 0.0319271 0.161414 0.0316006
0.168057 0.0197009 0.167068 0.0195206
0.14792 0.0261908 0.147121 0.0259226
0.16452 0.030445 0.163589 0.030119
0.154118 0.045729 0.153271 0.0452947
0.169638 0.0322911 0.168629 0.0319955
0.157693 0.0439611 0.156804 0.0435379
0.149225 0.0390218 0.148392 0.0386783
0.158428 0.0170828 0.15757 0.0169148
0.181709 0.00662048 0.180601 0.00657699
0.175689 0.0169446 0.174631 0.0167829
0.158718 0.0386618 0.157857 0.0382877
0.147745 0.0370506 0.146925 0.0367223
0.171683 0.0209184 0.170675 0.020745
0.163908 0.0216199 0.162972 0.0214244
0.140768 0.0285027 0.14012 0.0282004
0.146717 0.0384088 0.145959 0.0380282
0.161951 0.0247211 0.161071 0.0244401
0.165858 0.0237347 0.164932 0.0234433
0.164148 0.0332721 0.163204 0.032972
0.175317 0.00910557 0.174283 0.00901012
0.168663 0.0210954 0.167715 0.0208326
0.153421 0.0308338 0.152606 0.0305034
0.16421 0.027847 0.163288 0.0275773
0.152265 0.0217472 0.151499 0.0215365
0.16207 0.0386676 0.161164 0.0382863
0.159748 0.0290661 0.158839 0.0288098
