0.0472648 0.00237277 0.0475406 0.00228414
0.115112 0.000805898 0.113651 0.00100191
0.118713 0.002483 0.117508 0.00214538
0.123866 0.00299656 0.122429 0.00326922
0.135126 0.00927729 0.133361 0.0089617
0.145219 0.0105257 0.144141 0.00968279
0.176878 0.0305274 0.175463 0.029799
0.170063 0.0115655 0.167427 0.0119598
0.172417 0.0161701 0.169833 0.0151961
0.179515 0.0123581 0.177929 0.0118008
0.204869 0.0270153 0.203699 0.026012
0.217921 0.0232646 0.216694 0.021224
0.216796 0.0310821 0.215896 0.0310407
0.229149 0.019967 0.22662 0.0199786
0.226633 0.0289677 0.224077 0.0282265
0.23183 0.0202089 0.230041 0.0183312
0.246023 0.024376 0.245573 0.0241667
0.247998 0.0143699 0.243906 0.0142946
0.253332 0.0184988 0.250118 0.0180848
0.257952 0.0138289 0.254363 0.0139031
0.266587 0.011861 0.263278 0.0116904
0.270412 0.0215468 0.267336 0.0205483
0.274234 0.0192079 0.271756 0.0194514
0.282592 0.0126585 0.279454 0.0126524
0.290587 0.0275011 0.287301 0.0252565
0.301543 0.0261057 0.29792 0.0235921
0.293752 0.0154865 0.292247 0.0162783
0.302819 0.0260263 0.298667 0.0252321
0.308872 0.0247504 0.306345 0.0237142
0.323094 0.0226529 0.319777 0.0223831
0.304057 0.0152886 0.300439 0.0137191
0.325796 0.0163837 0.32167 0.0161328
0.3174 0.0108083 0.313701 0.0094263
0.331554 0.0148222 0.32843 0.0159859
0.348214 0.0353889 0.345644 0.0378531
0.347408 0.0239249 0.342097 0.0241349
0.336014 0.0184587 0.3323 0.0175103
0.354147 0.0371667 0.351083 0.038417
0.348913 0.0110401 0.345417 0.0121284
0.360345 0.0278997 0.356697 0.02829
0.369154 0.0404115 0.365829 0.0393193
0.355786 0.0263297 0.351911 0.0269014
0.366305 0.0370311 0.362384 0.0367654
0.363073 0.019353 0.359895 0.020764
0.378022 0.027675 0.373175 0.0287824
0.375606 0.0138622 0.371342 0.0145166
0.367939 0.0197845 0.362972 0.0204045
0.399834 0.0211335 0.395702 0.0216828
0.418131 0.0562936 0.414423 0.0545298
0.394395 0.035565 0.391276 0.0370198
0.398774 0.056912 0.395097 0.0575344
0.40834 0.0292424 0.40226 0.0295101
0.395229 0.0266436 0.389891 0.0264509
0.399313 0.019983 0.394348 0.0205006
0.404766 0.0372487 0.400231 0.0377231
0.408789 0.0229346 0.406662 0.0241237
0.429533 0.033451 0.426034 0.0332595
0.414058 0.0365255 0.409358 0.0343987
0.440351 0.0356107 0.438777 0.0331593
0.423083 0.0406734 0.419565 0.0392802
0.443903 0.0491992 0.43953 0.0493033
0.42438 0.0212524 0.422923 0.0240237
0.448833 0.0379289 0.445488 0.037754
0.461433 0.0543017 0.460391 0.0539887
0.453955 0.0370202 0.450275 0.0372447
0.467064 0.0464072 0.463165 0.0460353
0.463151 0.0490168 0.458662 0.047811
0.464839 0.049232 0.4629 0.045955
0.484327 0.0436422 0.480071 0.0408807
0.461469 0.0467941 0.459378 0.0477331
0.482924 0.0516314 0.478182 0.049461
0.475744 0.0302828 0.4707 0.0317531
0.473419 0.0305575 0.466445 0.0321785
0.495445 0.035028 0.490288 0.0353848
0.486086 0.0413211 0.481856 0.042996
0.509318 0.0566506 0.506726 0.0574653
0.492896 0.047956 0.488982 0.0483271
0.494132 0.0364437 0.489405 0.0364408
0.501219 0.0575757 0.491673 0.0568741
0.492669 0.0235359 0.492236 0.0224204
0.507433 0.0455255 0.504486 0.0484274
0.5068 0.0429932 0.504936 0.0411856
0.470452 0.0156844 0.469217 0.0174784
0.520041 0.050616 0.51557 0.0511831
0.552468 0.0510436 0.54729 0.0488754
0.531817 0.033418 0.524519 0.0346736
0.530509 0.0479777 0.522876 0.0457667
0.53565 0.045134 0.530933 0.0460283
0.522336 0.0504566 0.519586 0.0543517
0.541313 0.0370063 0.54073 0.0369612
0.571014 0.047461 0.569131 0.0448612
0.583725 0.0379311 0.577141 0.040963
0.552952 0.0397718 0.550049 0.0378265
0.571303 0.0515974 0.5628 0.0488244
0.541833 0.0484078 0.535841 0.0468888
0.574138 0.0380447 0.570302 0.0317268
0.560909 0.0612714 0.555606 0.0617146
0.553927 0.0447469 0.549957 0.043616
0.562774 0.0370487 0.556946 0.0357031
0.561678 0.0337799 0.553937 0.0327193
