0.0568829 0.00974454 0.0565329 0.00933911
0.115607 0.00135556 0.114137 0.00123409
0.121792 0.00209922 0.120456 0.00238677
0.130168 0.0115339 0.128593 0.0110449
0.151718 0.0320914 0.149663 0.0308805
0.147986 0.00743231 0.146568 0.00737749
0.161472 0.0240513 0.159918 0.0232143
0.170384 0.0189771 0.169176 0.019956
0.180257 0.0121085 0.179041 0.0116029
0.194453 0.0216983 0.192395 0.0214761
0.201615 0.0177855 0.199179 0.0185822
0.20925 0.0135873 0.206855 0.0137874
0.224456 0.0234834 0.223485 0.0235198
0.242371 0.0527392 0.239345 0.0523042
0.23615 0.0222789 0.232316 0.0216091
0.24662 0.0210256 0.245458 0.0205817
0.267871 0.020185 0.264289 0.0192846
0.26133 0.0199352 0.259332 0.0216648
0.268454 0.0220184 0.265534 0.0198452
0.287879 0.0544416 0.284111 0.0533532
0.285076 0.0304381 0.282564 0.0294756
0.287004 0.0152621 0.284891 0.0162439
0.296434 0.0283873 0.293304 0.0285552
0.304593 0.0315662 0.301344 0.0307252
0.318604 0.0433751 0.314083 0.0442515
0.318994 0.0275758 0.314352 0.0283916
0.338561 0.0458509 0.335018 0.0467538
0.332273 0.0385543 0.327718 0.035842
0.329702 0.0266046 0.327062 0.0272486
0.334017 0.0165614 0.330033 0.0161978
0.328586 0.0308753 0.326002 0.0325503
0.339851 0.0226857 0.333793 0.0247472
0.368076 0.0465958 0.363548 0.044561
0.364357 0.0326128 0.360967 0.0332065
0.350549 0.0299458 0.346087 0.0301935
0.359735 0.0290871 0.355124 0.0273092
0.380977 0.0484714 0.378234 0.0489898
0.396423 0.0533764 0.39176 0.0524871
0.39153 0.0427287 0.38899 0.0429077
0.406635 0.0640817 0.402603 0.0651498
0.372602 0.0185458 0.369831 0.0175475
0.399936 0.0344194 0.395441 0.033929
0.414671 0.0348318 0.410802 0.0324309
0.403676 0.0430133 0.39791 0.0425397
0.400986 0.0212383 0.395187 0.0211985
0.403604 0.0476097 0.39959 0.0472349
0.422475 0.049028 0.419242 0.0490805
0.43082 0.0409697 0.426317 0.0420304
0.418056 0.0413341 0.414904 0.0414296
0.442076 0.0336752 0.439708 0.0344207
0.440651 0.0588781 0.43544 0.0576941
0.450427 0.0545881 0.446877 0.0566672
0.45527 0.0389546 0.450977 0.0403008
0.460331 0.0312242 0.45628 0.0326176
0.447013 0.0473076 0.442919 0.0469018
0.468653 0.0754761 0.465001 0.0762664
0.44987 0.0412475 0.444173 0.0390123
0.450931 0.0436859 0.446858 0.0448923
0.466143 0.0390228 0.461673 0.0429185
0.468679 0.0598225 0.461635 0.0594994
0.465288 0.0741574 0.458992 0.0710648
0.487862 0.0619605 0.485146 0.0642373
0.515133 0.0408048 0.510459 0.0413988
0.500817 0.0552981 0.496082 0.0535187
0.479882 0.0305873 0.476003 0.0319847
0.490793 0.059586 0.487488 0.0591413
0.475957 0.030254 0.471141 0.0307487
0.49363 0.0322234 0.488265 0.0327498
0.523354 0.0664565 0.518832 0.0661942
0.528298 0.0478678 0.523353 0.046753
0.52484 0.0475522 0.521015 0.048491
0.534473 0.0516832 0.532701 0.0486521
0.524945 0.0318222 0.520117 0.033768
0.517853 0.0465216 0.517781 0.0514504
0.517601 0.0557856 0.513938 0.0524217
0.52914 0.0450923 0.526009 0.0445705
0.57086 0.0428358 0.566977 0.048151
0.541967 0.045879 0.537324 0.0427722
0.541807 0.0568241 0.53828 0.0566652
0.533461 0.0706564 0.532316 0.0724778
0.614682 0.0723469 0.610438 0.0737943
0.553162 0.0579366 0.553617 0.060021
0.592925 0.044335 0.589337 0.0467265
0.538706 0.0497441 0.534755 0.047151
0.583906 0.071171 0.57664 0.0651325
0.576516 0.0778632 0.574704 0.0786232
0.593056 0.0442171 0.588071 0.04522
0.620106 0.0618998 0.616909 0.0613641
0.56296 0.050123 0.561751 0.0485599
0.568094 0.0371058 0.567021 0.0373005
0.589826 0.0539656 0.585205 0.0558874
0.599359 0.0521479 0.598399 0.0583184
0.583912 0.0484023 0.582657 0.0483618
0.607227 0.0610472 0.605069 0.0645318
0.594879 0.0421293 0.591842 0.0412397
0.622925 0.0522879 0.61922 0.050212
0.618083 0.068912 0.613438 0.0718271
0.63792 0.0826094 0.635877 0.0801179
0.614535 0.0538196 0.61012 0.0506229
0.6411 0.0650039 0.638258 0.0635895
