0.0462694 0.00120605 0.046639 0.0011447
0.11478 0.000820515 0.113368 0.000955548
0.120268 0.00695689 0.11861 0.00646118
0.121781 0.00294172 0.120103 0.00271957
0.126245 0.00330375 0.124586 0.003291
0.138438 0.0113472 0.136835 0.0114134
0.145915 0.0107657 0.144174 0.0107184
0.147855 0.0100555 0.146588 0.0101637
0.160895 0.0126184 0.159141 0.0137694
0.172078 0.0245549 0.170766 0.0249152
0.177812 0.0193269 0.175479 0.0184111
0.189708 0.0210075 0.187248 0.0203033
0.199115 0.0242658 0.196899 0.0242407
0.195335 0.0153347 0.194102 0.0155068
0.199809 0.012194 0.197529 0.013192
0.211898 0.0215391 0.210455 0.0215991
0.21943 0.013315 0.217084 0.0123112
0.230266 0.0180014 0.227483 0.0166041
0.236427 0.0225362 0.234115 0.0231997
0.229707 0.0139781 0.227103 0.0136248
0.243414 0.0134573 0.239808 0.0130503
0.238725 0.0144477 0.235097 0.0140403
0.256053 0.0115021 0.251883 0.0112519
0.248021 0.0146675 0.244907 0.014518
0.256216 0.0153477 0.253592 0.0147287
0.263086 0.0160266 0.258297 0.0147499
0.266979 0.0158865 0.262373 0.0157431
0.270592 0.0162587 0.264997 0.0151606
0.272964 0.00969413 0.268601 0.0111098
0.269034 0.0137998 0.267353 0.0150002
0.281479 0.0164495 0.2765 0.0176445
0.282071 0.0124037 0.277653 0.0120605
0.280569 0.00722372 0.277474 0.00642906
0.289703 0.014082 0.286923 0.0146563
0.290466 0.0152638 0.28632 0.0146158
0.29799 0.0192653 0.292308 0.0174786
0.301111 0.0120284 0.295156 0.0130643
0.299968 0.00898564 0.294877 0.00781125
0.310583 0.0104622 0.305901 0.01038
0.308615 0.0163581 0.305593 0.0160493
0.313668 0.0193015 0.308955 0.0180193
0.317655 0.0187809 0.314437 0.0189624
0.323315 0.0133428 0.319391 0.0134878
0.329536 0.024947 0.32334 0.0255297
0.336338 0.0156075 0.33123 0.0154217
0.329858 0.0128407 0.325362 0.0115342
0.338252 0.0155293 0.334509 0.0153843
0.331459 0.0205053 0.328169 0.019554
0.332805 0.0166766 0.330066 0.0169043
0.335881 0.0174009 0.331516 0.015458
0.342928 0.0216459 0.338287 0.0223145
0.345384 0.0167489 0.339838 0.0172898
0.346998 0.00721497 0.343859 0.00862944
0.344348 0.0135867 0.341819 0.0130626
0.367292 0.0324987 0.362428 0.033856
0.354438 0.0151468 0.349253 0.0137237
0.373821 0.0271168 0.370373 0.0262075
0.354075 0.015572 0.351224 0.0173712
0.370237 0.022384 0.366208 0.0210788
0.372056 0.0199583 0.367245 0.019261
0.393873 0.0337333 0.389594 0.0342371
0.368762 0.0175745 0.362511 0.0163973
0.384828 0.0291357 0.380339 0.0293327
0.398975 0.0382486 0.395143 0.0398569
0.375397 0.0215975 0.370469 0.0210149
0.390105 0.0222403 0.387383 0.0226283
0.394108 0.0275967 0.390387 0.0284036
0.388957 0.0175285 0.3845 0.0193018
0.388568 0.016822 0.383167 0.0164576
0.396876 0.01954 0.392835 0.0238717
0.406874 0.0311249 0.403207 0.0303015
0.412293 0.0262932 0.405813 0.0266589
0.413007 0.0235757 0.410226 0.0261511
0.401544 0.0278133 0.399292 0.0289621
0.404039 0.0197184 0.401246 0.0193561
0.414791 0.0294186 0.410754 0.0287663
0.409473 0.0226187 0.405995 0.0221008
0.430765 0.0282542 0.424914 0.0257822
0.431943 0.0302791 0.430002 0.0283149
0.422372 0.0208713 0.416564 0.022277
0.422741 0.0206434 0.420261 0.023065
0.429075 0.0287667 0.424201 0.0299049
0.440155 0.0347007 0.43618 0.0369586
0.418669 0.0286244 0.41482 0.0262899
0.438076 0.0321763 0.433385 0.0301372
0.444535 0.0282667 0.440963 0.0298869
0.4496 0.0295818 0.443181 0.0270665
0.441734 0.0318803 0.433039 0.0294746
0.460321 0.0408645 0.454249 0.0409493
0.466193 0.0366754 0.461329 0.0410819
0.454517 0.0195653 0.449451 0.0196909
0.449569 0.0162491 0.444619 0.0183115
0.464172 0.0309181 0.457805 0.0336096
0.466071 0.015605 0.465112 0.0184567
0.478568 0.0390896 0.472588 0.0400249
0.494075 0.0409138 0.489506 0.0378179
0.482242 0.0380428 0.478922 0.0404538
0.472501 0.0268115 0.469694 0.0272626
0.474163 0.04568 0.470928 0.0439814
0.465693 0.0349325 0.461618 0.0320232
