0.0544681 0.00228194 0.054527 0.00218169
0.0546878 0.00253134 0.0547222 0.00243387
0.0535812 0.00196756 0.0536773 0.00190173
0.0546968 0.00177198 0.0547591 0.00171896
0.0535658 0.00292586 0.0536418 0.002807
0.0541482 0.00219022 0.0542277 0.00210282
0.0548659 0.00191499 0.0548844 0.00184317
0.0544634 0.00290251 0.0545244 0.00279744
0.0543416 0.00391383 0.0544084 0.00389021
0.0538913 0.00633337 0.053948 0.00618912
0.053014 0.00400264 0.0530896 0.00393106
0.0525521 0.00644498 0.0526351 0.00629823
0.0526008 0.00505977 0.0525822 0.00493279
0.0526943 0.00598708 0.0527329 0.005843
0.0500101 0.00556261 0.0500501 0.00540685
0.0518195 0.0056797 0.0518489 0.00552658
0.0516103 0.00445196 0.0516625 0.00428241
0.0467202 0.00293566 0.0468348 0.00287559
0.0476109 0.00384906 0.0476994 0.00374724
0.0512524 0.00405332 0.0513066 0.00390417
0.0472762 0.00555616 0.0473579 0.00542514
0.0487453 0.00939752 0.0487758 0.00920381
0.0459196 0.00410909 0.0460414 0.00395404
0.0467623 0.00303905 0.0468539 0.00291552
0.0516552 0.00743419 0.0516395 0.00727068
0.0456519 0.00450514 0.0457833 0.00437972
0.0443364 0.00308957 0.044452 0.00297736
0.0441817 0.00193894 0.0443414 0.00191967
0.0432526 0.00143293 0.0434594 0.00141069
0.045958 0.00605709 0.0460978 0.00586541
0.0445813 0.006309 0.0447731 0.00614296
0.0458028 0.00663281 0.0459346 0.00645367
0.046804 0.00954141 0.0469061 0.00938995
0.0458155 0.0058719 0.0458707 0.00566774
0.0463294 0.00393494 0.0464274 0.00381981
0.0444912 0.00475661 0.0446545 0.00453312
0.0447744 0.0042341 0.0449461 0.00408777
0.0435886 0.0046064 0.043728 0.00442841
0.0445589 0.00575028 0.0447365 0.00552439
0.0460598 0.00853698 0.0461144 0.00829367
0.0418026 0.00213387 0.0419918 0.00200246
0.0423981 0.00263565 0.0426472 0.0025539
0.0427642 0.00313813 0.0430147 0.0029722
0.0436902 0.00475505 0.0439035 0.00454465
0.0405538 0.00168818 0.0408621 0.00164145
0.0420598 0.0027281 0.0423085 0.00256312
0.04423 0.00593823 0.044407 0.00571918
0.0441969 0.00610621 0.0444054 0.00581991
0.0419164 0.00360082 0.042159 0.00346594
0.0430032 0.00504026 0.0432491 0.00484591
0.0425048 0.00183861 0.0427548 0.00175986
0.0410088 0.00184385 0.0413114 0.00180598
0.0443139 0.00647075 0.0444934 0.00620808
0.0411725 0.00188087 0.0415745 0.00169281
0.0420047 0.00166424 0.0423043 0.00161684
0.0402861 0.00212367 0.0406535 0.00209328
0.0413425 0.00220531 0.041678 0.00207893
0.0434054 0.00465727 0.0436397 0.00440883
0.0418564 0.00352189 0.0421502 0.00334157
0.0404055 0.00144598 0.0408455 0.00142219
0.0410593 0.00192389 0.0413864 0.00181374
0.0437023 0.00298945 0.0438738 0.00278501
0.0441447 0.00460889 0.0444794 0.00447492
0.0418976 0.00379628 0.0422371 0.00358566
0.0419268 0.00343627 0.042258 0.00322483
0.0412748 0.00232069 0.0416075 0.00230913
0.0413213 0.00209892 0.0416937 0.00204436
0.042481 0.0035844 0.0427638 0.00341123
0.0412875 0.00191581 0.0416794 0.00181405
0.0416833 0.00251753 0.0420585 0.00243131
0.0408218 0.0023686 0.0411534 0.00214949
0.0412516 0.00236096 0.0416393 0.00220534
0.0416816 0.00130569 0.042093 0.00127756
0.0414968 0.00188634 0.0419195 0.00186156
0.0422161 0.0029869 0.0425556 0.00279816
0.0411404 0.00163644 0.0415525 0.00163913
0.0417816 0.00217339 0.0421245 0.00208082
0.0409108 0.00243154 0.0413653 0.00237818
0.0439812 0.00395551 0.0442436 0.00372024
0.0413848 0.00240164 0.0418382 0.00238243
