0.112349 5.56631e-06 0.111775 5.3696e-06
0.112348 4.56151e-06 0.111775 4.48578e-06
0.112351 4.20595e-06 0.111778 4.1146e-06
0.112349 3.34839e-06 0.111775 3.35837e-06
0.112353 5.76569e-06 0.111779 5.6399e-06
0.11235 2.10493e-06 0.111776 2.04828e-06
0.112355 5.44667e-06 0.111781 5.30746e-06
0.112356 5.58354e-06 0.111782 5.48443e-06
0.112355 3.08524e-06 0.111781 2.98393e-06
0.112353 6.09538e-06 0.111779 6.0197e-06
0.112353 5.62063e-06 0.111779 5.54907e-06
0.11234 1.15193e-05 0.111766 1.14203e-05
0.112325 2.02896e-05 0.11175 2.02285e-05
0.112297 3.26608e-05 0.111723 3.25273e-05
0.112158 9.87267e-05 0.111584 9.80148e-05
0.112083 0.000160201 0.111509 0.000159936
0.111882 0.000274441 0.111309 0.00027347
0.111498 0.000448598 0.110927 0.000445935
0.110794 0.000720973 0.110225 0.000718122
0.109165 0.00115972 0.108603 0.0011539
0.106392 0.00202648 0.105841 0.00202042
0.105495 0.00369807 0.10495 0.00368197
0.103553 0.00518841 0.103016 0.00516588
0.0976428 0.00695055 0.097132 0.00692026
0.0947743 0.00603505 0.0942744 0.00600927
0.0898616 0.00865584 0.0893839 0.00862071
0.0818767 0.00671229 0.0814292 0.00668431
0.0782938 0.00868666 0.0778613 0.00865439
0.0773389 0.00564224 0.0769104 0.00562185
0.0744701 0.0102431 0.074057 0.0102044
0.0693111 0.00425858 0.0689164 0.00424792
0.0687611 0.00228193 0.0683699 0.0022765
0.0681522 0.00345791 0.0677564 0.00343928
0.0695028 0.00854122 0.069104 0.00850982
0.0681035 0.00430152 0.0677087 0.00429157
0.0659629 0.000488163 0.0655777 0.000491468
0.067412 0.00399177 0.06702 0.00398191
0.0655677 0.000110168 0.0651825 0.000109961
0.0655295 0.000104237 0.0651427 0.000103096
0.0656059 0.0001792 0.0652222 0.00017958
0.0656431 0.000352772 0.06526 0.00035336
0.065633 0.000253101 0.0652452 0.000249617
0.0654495 0.000165836 0.0650666 0.000165111
0.0653619 0.000235487 0.0649791 0.000232316
0.0652976 0.000484911 0.0649162 0.000480612
0.0650863 0.000461923 0.0647089 0.000457024
0.0648067 0.000792036 0.0644327 0.000785808
0.0650332 0.000463145 0.0646569 0.000457747
0.0628542 0.00129828 0.0625045 0.00128317
0.061883 0.00132632 0.0615421 0.00131042
0.0610942 0.00172546 0.0607638 0.0017033
0.0606034 0.00187779 0.0602764 0.00185416
0.0597076 0.0034489 0.059396 0.00340127
0.0579433 0.00373703 0.0576536 0.00368215
0.0531318 0.00385108 0.0529199 0.00379151
0.0515186 0.00260138 0.0513413 0.00255245
0.0521908 0.00409104 0.052001 0.00402075
0.0525442 0.00429961 0.0523461 0.00423192
0.0505394 0.00171626 0.050383 0.00167478
0.0497328 0.00152042 0.0495904 0.00148717
0.0485422 0.000896205 0.0484321 0.000888916
0.049283 0.000689265 0.0491501 0.000680528
0.04762 0.00147192 0.0475127 0.00145128
0.0466235 0.00160557 0.0465303 0.00159156
0.0469917 0.00226586 0.0468955 0.00224663
0.0458737 0.00347052 0.0457763 0.00342881
0.0446292 0.00338835 0.0445525 0.00336292
0.044027 0.00351667 0.0439538 0.00348459
0.0418946 0.00229627 0.0418444 0.00227397
0.0421474 0.00393435 0.0420972 0.00389612
0.0414209 0.00346293 0.041379 0.00343155
0.041051 0.003891 0.0410187 0.00385411
0.0401048 0.00165287 0.0400767 0.00162844
0.0430011 0.00481541 0.0429496 0.00476529
0.0423947 0.00451139 0.0423502 0.00446165
0.0391531 0.000953899 0.039147 0.000934105
0.0401455 0.0028221 0.040123 0.00278799
0.0403533 0.00262425 0.0403293 0.00258672
0.0387765 4.06418e-05 0.0387816 3.65633e-05
0.0389303 0.000317228 0.0389301 0.000304855
