0.549223 0.0241989 0.54512 0.0240781
0.558912 0.0359051 0.554742 0.0357772
0.547244 0.0122391 0.543112 0.0120573
0.54199 0.00720914 0.537975 0.00710921
0.546198 0.00999327 0.542152 0.00986141
0.549649 0.0161637 0.545546 0.016032
0.542123 0.00603079 0.538073 0.00588185
0.546506 0.019411 0.542449 0.0191779
0.552681 0.0290424 0.548537 0.0288832
0.542465 0.019908 0.538407 0.0196543
0.538795 0.0142823 0.534869 0.0140899
0.534965 0.00411903 0.531062 0.0039779
0.539821 0.0196412 0.535856 0.019409
0.536592 0.0090441 0.532648 0.00879236
0.530565 0.00427804 0.526763 0.00412577
0.543505 0.0212188 0.539553 0.0210166
0.531998 0.00504179 0.528142 0.00483915
0.53096 0.00458134 0.527166 0.00448602
0.531277 0.00333977 0.527472 0.00331293
0.53096 0.00963232 0.527214 0.00936605
0.528195 0.00690664 0.524484 0.00672722
0.525227 0.00274335 0.521569 0.00259416
0.528726 0.00580985 0.525003 0.00556596
0.524543 0.00283006 0.520962 0.00269947
0.527906 0.00750245 0.524161 0.0073163
0.524525 0.0053631 0.520874 0.00521982
0.521877 0.00173994 0.518472 0.00175292
0.522324 0.0024166 0.518871 0.00232968
0.523028 0.00463931 0.519471 0.00454598
0.52316 0.00719551 0.519628 0.0069042
0.521461 0.00264819 0.517968 0.00256616
0.521911 0.0042203 0.518404 0.00416118
0.520064 0.00321329 0.516617 0.00306049
0.519835 0.00258603 0.516425 0.00255501
0.519259 0.0019631 0.515792 0.00187067
0.518871 0.00349624 0.515448 0.00341087
0.518113 0.00283258 0.514733 0.00277297
0.517821 0.00399719 0.514461 0.00392968
0.517888 0.00389774 0.514442 0.00381835
0.516373 0.00403643 0.513056 0.00399453
0.51646 0.00206613 0.513048 0.00199387
0.51767 0.00396932 0.514267 0.00396834
0.51678 0.00242952 0.513379 0.0024439
0.515662 0.0027262 0.512246 0.00259318
0.515497 0.00726652 0.512026 0.0070406
0.514519 0.00466378 0.511152 0.00453927
0.516248 0.00348691 0.512824 0.00344686
0.516215 0.00273424 0.512843 0.00269321
0.516294 0.00188409 0.512879 0.00185476
0.516051 0.00488395 0.512605 0.00485408
0.513233 0.0042946 0.509891 0.00427678
0.513871 0.00742325 0.510479 0.00727677
0.515526 0.00420448 0.512082 0.00419037
0.51411 0.00690107 0.510695 0.00679268
0.517309 0.0142851 0.51384 0.0139538
0.514912 0.00602712 0.511555 0.00596754
0.515331 0.00336177 0.511967 0.00343003
0.511911 0.00552537 0.50858 0.00552486
0.512276 0.00618047 0.508906 0.00615222
0.511174 0.0060377 0.507812 0.00603167
0.510672 0.0091832 0.507311 0.00917131
0.508304 0.00716095 0.504987 0.00707784
0.509054 0.0062915 0.50575 0.00625473
0.511912 0.00666224 0.508622 0.00646431
0.506477 0.0101487 0.503238 0.0101329
0.505661 0.011235 0.50236 0.0111721
0.508155 0.0139911 0.504733 0.0138457
0.507259 0.00828474 0.504122 0.0081479
0.502628 0.00968009 0.499492 0.00958343
0.509359 0.0102675 0.506145 0.0101264
0.506504 0.00785902 0.503285 0.00785632
0.503791 0.00958594 0.500518 0.00945629
0.509767 0.00578599 0.506502 0.00561145
0.505511 0.0119986 0.502456 0.0120327
0.500403 0.0136051 0.497215 0.0134639
0.489592 0.012635 0.486556 0.0126596
0.492623 0.0107952 0.4897 0.0106541
0.501638 0.0164848 0.498615 0.0163019
0.492278 0.0164378 0.489599 0.0162928
0.492326 0.0155933 0.48952 0.0152354
