0.791273 0.00039422 0.787692 0.000390672
0.791274 0.000423089 0.787696 0.000419384
0.79101 0.000279928 0.787435 0.000277341
0.79128 0.00035718 0.787689 0.000348106
0.790947 0.000213178 0.787367 0.000211743
0.791135 0.000210331 0.787561 0.000203131
0.791214 0.00048645 0.787632 0.000482018
0.791149 0.000479408 0.787576 0.000477181
0.791009 0.000479654 0.787433 0.000461635
0.791227 0.000352032 0.787641 0.00034706
0.791067 0.000313651 0.787499 0.000312166
0.791327 0.000416258 0.787747 0.000411157
0.791126 0.000362925 0.787552 0.000356084
0.791057 0.000503349 0.787476 0.00049909
0.79122 0.000399651 0.787642 0.000398972
0.791388 0.000328033 0.787807 0.000323959
0.791486 0.000401124 0.787905 0.000392637
0.791108 0.000291732 0.787535 0.000292596
0.790999 0.000326048 0.787429 0.000330158
0.791078 0.000234587 0.787499 0.000233552
0.791025 0.000319982 0.787452 0.000320197
0.791166 0.000331944 0.787591 0.00033085
0.791267 0.000401743 0.787686 0.000399272
0.791083 0.000280504 0.787506 0.000277486
0.791245 0.00046233 0.787669 0.000456129
0.791546 0.000332182 0.787961 0.00032148
0.791044 0.000261784 0.78747 0.000264555
0.790949 0.000344361 0.787373 0.000347517
0.791373 0.00040512 0.787798 0.000414243
0.791083 0.000314105 0.7875 0.00032297
0.790966 0.000524369 0.787396 0.000520593
0.791091 0.000574322 0.787519 0.000574258
0.791167 0.000531254 0.787593 0.000525704
0.79116 0.000369503 0.787586 0.000366242
0.791274 0.00026841 0.787697 0.000264748
0.791217 0.000384348 0.787638 0.000383702
0.790968 0.000297886 0.787392 0.000309243
0.790888 0.000360763 0.787314 0.000356201
0.791223 0.000323116 0.787645 0.000317155
0.791007 0.000250833 0.787424 0.000251531
0.791105 0.000266548 0.787532 0.000268535
0.790968 0.000408971 0.787393 0.0004093
0.791113 0.000413927 0.787535 0.000416174
0.790793 0.000437576 0.787221 0.000437084
0.791141 0.000575051 0.787564 0.000562431
0.790855 0.00044562 0.787281 0.000444393
0.791001 0.000449792 0.787417 0.000452101
0.790901 0.000489917 0.787323 0.000478774
0.791138 0.000418495 0.787565 0.000421876
0.790648 0.000458068 0.787068 0.000454738
0.790783 0.000506589 0.787212 0.000504849
0.791098 0.000549209 0.787524 0.000550862
0.791334 0.000715213 0.787753 0.00071421
0.790741 0.000534278 0.787167 0.00053432
0.791024 0.000361528 0.787455 0.000360622
0.790796 0.000386573 0.787231 0.000385282
0.79076 0.000608931 0.787187 0.00061165
0.790785 0.000831619 0.787216 0.000824028
0.790635 0.000319045 0.787062 0.000323
0.790782 0.000303829 0.787199 0.000309813
0.790454 0.000623958 0.786884 0.000626919
0.791293 0.000686114 0.787709 0.000677675
0.790634 0.000517964 0.78705 0.000509388
0.790353 0.000771446 0.786783 0.000777753
0.790946 0.000442344 0.787377 0.000438401
0.79061 0.000814107 0.787038 0.000825428
0.790536 0.00068356 0.786957 0.000686411
0.790518 0.000605653 0.786945 0.000615257
0.790361 0.000576833 0.786789 0.000577938
0.790561 0.000788388 0.786981 0.000778521
0.79033 0.000661228 0.786755 0.000658175
0.790468 0.00048602 0.786884 0.000491174
0.790404 0.000468154 0.786836 0.000467284
0.790502 0.000793618 0.786933 0.000799736
0.790061 0.000925959 0.786479 0.000929466
0.789541 0.0010987 0.785948 0.00110761
0.78968 0.000899308 0.786104 0.00090021
0.790231 0.000598426 0.786657 0.000595389
0.790128 0.000803774 0.78654 0.00079316
0.789529 0.000723851 0.785948 0.000719194
