0.180253 0.0152167 0.178815 0.0152669
0.176237 0.00916645 0.174855 0.0090954
0.18507 0.00903343 0.184147 0.00907722
0.183621 0.0122385 0.182153 0.0118239
0.183161 0.0123171 0.18179 0.0123425
0.178694 0.00833716 0.176787 0.00874427
0.180027 0.0142034 0.178582 0.0147097
0.181328 0.00995116 0.179906 0.0101581
0.182592 0.0175573 0.181507 0.0171947
0.182706 0.00864179 0.180514 0.0087603
0.193779 0.0118295 0.19228 0.0120308
0.186169 0.0125688 0.184461 0.0131564
0.18902 0.0103593 0.187018 0.0097985
0.175658 0.00687103 0.174025 0.00623089
0.18469 0.00959578 0.183387 0.00983267
0.183854 0.0132873 0.182288 0.0136225
0.178921 0.00814664 0.178242 0.00826642
0.187511 0.0134993 0.186203 0.0132065
0.183213 0.00787743 0.18174 0.00801252
0.185492 0.0110287 0.183967 0.0113975
0.187876 0.0118908 0.186057 0.0118504
0.179849 0.0140886 0.178522 0.013556
0.18694 0.0148296 0.185841 0.0139541
0.183902 0.00930915 0.182786 0.00937477
0.188277 0.0123078 0.186849 0.011906
0.190544 0.0115331 0.189439 0.0114126
0.18514 0.0108754 0.183534 0.0110621
0.180568 0.0100201 0.179278 0.0097181
0.17818 0.00595621 0.176591 0.00542481
0.185539 0.0101103 0.184511 0.00977053
0.188901 0.0112921 0.187615 0.0110146
0.179009 0.0120615 0.177786 0.0115888
0.189671 0.0124428 0.188517 0.0123614
0.185739 0.00558641 0.183708 0.00562703
0.187098 0.0121609 0.186061 0.0119354
0.190446 0.0104264 0.188811 0.0105331
0.179996 0.00881055 0.178375 0.00886678
0.18629 0.00978208 0.184969 0.00975107
0.190514 0.0106205 0.188925 0.0104916
0.184565 0.00784883 0.183091 0.00808517
0.182726 0.00629842 0.181438 0.00647946
0.18348 0.0075788 0.181936 0.00773689
0.18992 0.0125941 0.188951 0.0125204
0.182649 0.00864084 0.181066 0.00901044
0.186865 0.0114524 0.185549 0.0114527
0.19024 0.00963431 0.188656 0.0101494
0.18894 0.0087562 0.187345 0.00880915
0.193172 0.00965204 0.191648 0.00986933
0.197739 0.00828959 0.196212 0.00828437
0.189723 0.00960121 0.188046 0.00903226
0.185622 0.0144335 0.184213 0.0140352
0.187258 0.0103021 0.185346 0.0102225
0.18262 0.00655079 0.180893 0.00686012
0.182439 0.0107567 0.180962 0.01078
0.183653 0.00720199 0.182875 0.00676626
0.190041 0.0141873 0.188483 0.0141751
0.188407 0.0137696 0.186418 0.0133291
0.192527 0.00986936 0.191121 0.00993543
0.193167 0.0137363 0.191349 0.0137052
0.18673 0.0124223 0.185393 0.01233
0.185786 0.00949564 0.184484 0.00939017
0.188903 0.0127203 0.187134 0.0128803
0.186655 0.0121393 0.185085 0.0117005
0.18666 0.0109367 0.185368 0.0105779
0.189478 0.00974449 0.187905 0.0103849
0.195622 0.0099988 0.193985 0.0101429
0.19265 0.00795104 0.191081 0.00813933
0.186243 0.0117115 0.184991 0.011802
0.191087 0.0147751 0.19016 0.0144181
0.191584 0.0143964 0.190221 0.0144053
0.187943 0.0099442 0.186956 0.0100587
0.184577 0.00979735 0.18376 0.00954546
0.196874 0.00820437 0.195493 0.00801069
0.19426 0.0141163 0.193288 0.0141096
0.191797 0.0115898 0.190572 0.0123946
0.188836 0.00855347 0.187235 0.00835815
0.191289 0.00885322 0.189652 0.00864279
0.192737 0.0096903 0.191074 0.00985806
0.190837 0.0117363 0.189447 0.0111523
0.190213 0.00929671 0.188386 0.0086917
