0.0475566 0.00223222 0.0477516 0.00203924
0.114789 0.000805561 0.113361 0.000548832
0.12104 0.0104308 0.119616 0.0100389
0.127738 0.00997574 0.126089 0.00931617
0.137875 0.0267191 0.136012 0.0259356
0.140706 0.0105503 0.138586 0.00986496
0.141482 0.00853187 0.140458 0.00831958
0.151255 0.00934949 0.149059 0.00895061
0.16494 0.0148927 0.164401 0.015898
0.171718 0.0129337 0.170293 0.0128087
0.179957 0.0159953 0.176651 0.015534
0.184642 0.0145692 0.183042 0.0149289
0.207581 0.0200776 0.204462 0.0194751
0.215712 0.0227476 0.21462 0.0226406
0.222903 0.0199142 0.21972 0.0183261
0.228951 0.0172863 0.226547 0.0176463
0.229545 0.0225357 0.226301 0.0226678
0.23289 0.02298 0.230784 0.0226478
0.247421 0.0189013 0.24448 0.0179526
0.265213 0.0327569 0.263127 0.0327316
0.261386 0.0137721 0.258514 0.0133082
0.255088 0.0247076 0.251056 0.0244014
0.265999 0.0157611 0.26344 0.0149923
0.271709 0.0185762 0.26941 0.0194633
0.281754 0.0163539 0.279354 0.0154785
0.286489 0.0161085 0.282844 0.0165121
0.290921 0.0209119 0.287914 0.0204252
0.286533 0.0156383 0.283357 0.0183095
0.30559 0.0238749 0.303009 0.0240526
0.293069 0.0126161 0.289589 0.0115231
0.305621 0.0367474 0.302284 0.0370658
0.31488 0.0235356 0.309468 0.0228851
0.331307 0.0239469 0.328352 0.0234269
0.321711 0.0245265 0.316643 0.0237627
0.312941 0.0198356 0.308888 0.019795
0.321747 0.0203497 0.318758 0.0214821
0.347147 0.0297425 0.342255 0.0310024
0.346335 0.0263068 0.342336 0.0253591
0.345396 0.0241237 0.34174 0.0252514
0.346883 0.0311262 0.340422 0.0290951
0.344223 0.0263446 0.338647 0.0257321
0.33561 0.0217523 0.331565 0.0221287
0.360866 0.0426548 0.357865 0.041701
0.361475 0.0307888 0.356545 0.0298743
0.362521 0.0289131 0.357866 0.0300911
0.371359 0.031559 0.36661 0.0308444
0.387025 0.0298229 0.381624 0.0289712
0.376778 0.0264486 0.371816 0.0266663
0.380079 0.023798 0.377825 0.0238371
0.391628 0.0382309 0.387658 0.0354315
0.391768 0.0237201 0.384516 0.0247701
0.396128 0.0282104 0.392944 0.0293962
0.383266 0.0271982 0.378725 0.0290113
0.412415 0.0328237 0.409956 0.0330143
0.396865 0.0314933 0.392869 0.0288167
0.410247 0.0300629 0.404749 0.0312635
0.404111 0.020715 0.40006 0.0203132
0.416725 0.0236325 0.411711 0.0253957
0.405153 0.0180618 0.40176 0.0211657
0.431812 0.0245104 0.425233 0.0242282
0.421562 0.0379597 0.417098 0.0366662
0.428305 0.0334811 0.422862 0.0316633
0.419174 0.0289883 0.413598 0.030118
0.433409 0.0445905 0.432805 0.0444217
0.431141 0.0212295 0.427118 0.0225577
0.428011 0.030721 0.423264 0.0320892
0.438896 0.0502671 0.433353 0.0492459
0.44541 0.0403226 0.440098 0.0413674
0.459343 0.0332284 0.456059 0.0323447
0.472672 0.0564961 0.469429 0.0590125
0.452837 0.051641 0.450607 0.0525524
0.451911 0.0299185 0.448333 0.0293059
0.473236 0.027091 0.469642 0.0286881
0.476148 0.0269772 0.471971 0.0267783
0.458009 0.0264232 0.452232 0.0258675
0.480696 0.043085 0.475602 0.0467994
0.473142 0.0463048 0.471986 0.0460197
0.462649 0.0368958 0.45795 0.036763
0.490439 0.0360554 0.483986 0.0370429
0.516982 0.0884494 0.511425 0.0882131
0.466603 0.0234668 0.462604 0.0221088
0.484222 0.0299388 0.48397 0.0303722
0.470195 0.0370449 0.466821 0.036038
0.497307 0.0432276 0.492348 0.0427444
0.517656 0.0459363 0.511868 0.0463931
0.498582 0.0348638 0.492667 0.0346138
0.499595 0.0430084 0.496033 0.0404696
0.500016 0.0342542 0.493536 0.0339359
0.495626 0.0411625 0.490844 0.0408724
0.521213 0.0386032 0.515647 0.0362073
0.524573 0.0582821 0.51964 0.0607685
0.51802 0.0501445 0.51356 0.0516322
0.54033 0.0724907 0.537274 0.0754707
0.526636 0.0498031 0.520691 0.0492978
0.515536 0.044391 0.510706 0.0420447
0.556407 0.0738466 0.55266 0.0694533
0.534206 0.0500882 0.530745 0.0502592
0.541155 0.0525617 0.53953 0.0488688
0.525113 0.0442306 0.51978 0.0431631
0.551768 0.0392565 0.548282 0.0418956
