0.554593 0.0567488 0.54645 0.0564613
0.792772 0.000613609 0.784466 0.000432262
0.795332 0.00349374 0.787456 0.00345213
0.795325 0.00266416 0.78733 0.00180973
0.808157 0.0160229 0.799588 0.0161163
0.798992 0.00221091 0.791638 0.00315199
0.802317 0.00469177 0.793943 0.00464886
0.809274 0.011795 0.800403 0.0110346
0.81502 0.0124824 0.805258 0.0117896
0.810974 0.00868644 0.803786 0.0081307
0.8146 0.0106349 0.806943 0.00965921
0.822565 0.0110085 0.813178 0.0103476
0.82171 0.00841607 0.813279 0.00908573
0.830818 0.0131966 0.821172 0.0128922
0.834568 0.0172202 0.826445 0.0156876
0.831812 0.0110495 0.823388 0.010449
0.836946 0.0116059 0.826179 0.00997307
0.846152 0.011413 0.836712 0.011803
0.844128 0.0172091 0.832545 0.0173041
0.840584 0.0115948 0.83015 0.00926696
0.849751 0.0125634 0.84119 0.012064
0.85387 0.0111377 0.843197 0.00990978
0.845915 0.0093173 0.837019 0.00928549
0.850469 0.0107717 0.842655 0.0107747
0.850555 0.00871026 0.840489 0.00824538
0.862421 0.0148969 0.852022 0.0143864
0.862178 0.0135866 0.853045 0.0132747
0.861515 0.00553971 0.85116 0.00355186
0.862498 0.00727828 0.850842 0.00573413
0.861465 0.00782505 0.85242 0.00639293
0.860195 0.00493383 0.849553 0.00511415
0.860358 0.00754104 0.849471 0.00672785
0.864793 0.00791389 0.855702 0.00600625
0.867612 0.00967392 0.859243 0.010496
0.867889 0.00787778 0.856073 0.00691073
0.869101 0.00865304 0.859622 0.00830802
0.871632 0.0054366 0.862436 0.00455672
0.865406 0.00648588 0.856111 0.00555243
0.87512 0.00859172 0.865207 0.00809382
0.874932 0.00631336 0.864802 0.00627094
0.877107 0.0080036 0.865002 0.00871926
0.876984 0.00737102 0.866813 0.00650588
0.881704 0.00899783 0.872132 0.00855392
0.87712 0.00609332 0.866566 0.00576164
0.883452 0.00870267 0.873568 0.00819818
0.881365 0.00789126 0.871149 0.00745219
0.880412 0.0075563 0.869926 0.00688234
0.881273 0.00760579 0.871927 0.00999093
0.884032 0.00914092 0.874361 0.00933946
0.878525 0.00651985 0.868587 0.00631727
0.882827 0.00853224 0.87255 0.00910515
0.889696 0.0139267 0.88089 0.0144889
0.886308 0.0062676 0.874917 0.00624692
0.880805 0.00600883 0.872483 0.00630031
0.887268 0.0104908 0.877816 0.00880149
0.889571 0.0095888 0.880919 0.00872266
0.890056 0.00685903 0.878128 0.00737094
0.884187 0.00796706 0.874016 0.00706088
0.889401 0.00759975 0.878751 0.00713964
0.891171 0.00769097 0.881057 0.00815129
0.884874 0.00668253 0.875444 0.00747619
0.88743 0.00540155 0.877782 0.00509189
0.891008 0.00471627 0.879076 0.00585216
0.889181 0.00880114 0.881025 0.00756792
0.89755 0.0127025 0.888287 0.0115862
0.891724 0.00702833 0.880247 0.0066824
0.890975 0.00574702 0.880249 0.00628534
0.896406 0.00738349 0.886636 0.00826255
0.891745 0.00904784 0.881864 0.0072128
0.892762 0.00598359 0.884704 0.00619743
0.894636 0.00571704 0.885428 0.00486305
0.901275 0.0138783 0.891658 0.0106599
0.895691 0.00545675 0.885972 0.00765106
0.895808 0.0095816 0.886288 0.00839232
0.902928 0.0102911 0.893347 0.0102114
0.901588 0.0111673 0.892897 0.0128734
0.904552 0.0117526 0.894919 0.0117733
0.906265 0.00780711 0.896518 0.00824726
0.899063 0.0105047 0.889671 0.0103094
0.902965 0.00697396 0.893563 0.00823701
0.903944 0.0134147 0.893774 0.014434
0.906632 0.0103148 0.896482 0.012194
0.907331 0.0128209 0.898439 0.0125461
0.904621 0.00871612 0.894408 0.0111441
0.911109 0.00777223 0.899664 0.00846306
0.912285 0.0124912 0.903774 0.0138062
0.908273 0.00914174 0.898469 0.00964443
0.908638 0.0109442 0.898865 0.011072
0.907229 0.00697096 0.898291 0.00851311
0.908249 0.00945859 0.899199 0.00892004
0.917127 0.0142244 0.907393 0.0146644
0.908793 0.0100491 0.900159 0.00940763
0.91242 0.0183393 0.902627 0.0212612
0.914019 0.00410297 0.904597 0.00538526
0.913501 0.00951378 0.904923 0.0101899
0.918329 0.0142299 0.911335 0.0154214
0.910243 0.00805926 0.902617 0.00808014
0.912087 0.00838142 0.902731 0.00898847
0.914753 0.0121824 0.905624 0.0102652
0.916106 0.00861693 0.906696 0.00848434
