0.0500685 0.0101028 0.0503525 0.00997253
0.0587955 0.0347288 0.0589571 0.0342205
0.0531629 0.0242635 0.0533751 0.0238055
0.0528045 0.0298077 0.0531641 0.0293458
0.0566716 0.0308052 0.0568592 0.0303258
0.0542489 0.0247712 0.0544338 0.0242786
0.0444192 0.013553 0.0448642 0.0132771
0.043582 0.00637618 0.0439784 0.00606946
0.0411688 0.00841451 0.0415679 0.00812549
0.0392326 0.00644461 0.0397758 0.00632088
0.0462444 0.0172612 0.0466644 0.0168514
0.051389 0.0243465 0.0515949 0.0238845
0.0421979 0.00928642 0.0426063 0.00898673
0.0498768 0.0149418 0.0500688 0.0146218
0.0388282 0.0113964 0.0393888 0.0110763
0.0435905 0.0105061 0.0440285 0.0101914
0.0455369 0.0247637 0.0459632 0.0242481
0.0457699 0.0137325 0.0462238 0.0134515
0.0409634 0.0099626 0.0414386 0.00966008
0.0539763 0.0315435 0.0542711 0.0310731
0.0423308 0.00907244 0.0429335 0.00909708
0.0549543 0.0247202 0.0552231 0.0242741
0.0369812 0.00506884 0.0375573 0.004889
0.0549031 0.0288308 0.0553143 0.0282812
0.0383282 0.00345243 0.0389062 0.00329683
0.0413115 0.00966706 0.0417457 0.00943266
0.04951 0.0341748 0.0500623 0.0336675
0.0404845 0.011746 0.0410544 0.0114946
0.0354937 0.00326959 0.0361003 0.00334137
0.0429971 0.0133382 0.0436079 0.01312
0.0427964 0.0103275 0.0435756 0.0103134
0.0488868 0.018302 0.04928 0.0178721
0.0401757 0.00583772 0.0407559 0.00564303
0.0393732 0.00667336 0.040051 0.00660271
0.0421763 0.00588757 0.0427052 0.00574297
0.0490077 0.0237663 0.0495026 0.0233304
0.0524768 0.0287335 0.0528928 0.0283734
0.0419864 0.00507787 0.0425636 0.00525457
0.0461597 0.0127955 0.0467445 0.0125877
0.0459052 0.023517 0.0464752 0.0233032
0.0417929 0.00962052 0.0423876 0.00945946
0.0466227 0.00897896 0.0470503 0.00867828
0.0405659 0.00691836 0.0411176 0.00677378
0.0410087 0.00523417 0.0416087 0.00516675
0.0370944 0.00479237 0.037797 0.00485123
0.0545678 0.042688 0.0549274 0.0421813
0.0511203 0.0184278 0.0515076 0.0181761
0.0396174 0.00402874 0.0402458 0.00399834
0.0437956 0.0157632 0.0443782 0.0155468
0.0519215 0.0214445 0.0524506 0.0214817
0.0515608 0.0227807 0.0521739 0.0225719
0.0458311 0.0137444 0.046498 0.0137514
0.0516126 0.0195239 0.0520124 0.019109
0.0449431 0.0087799 0.0455911 0.00881658
0.042977 0.00484462 0.043507 0.0047005
0.0531732 0.0314903 0.0535415 0.0310367
0.0516708 0.027482 0.0520793 0.0269443
0.0444243 0.0113665 0.0450986 0.0114063
0.0382302 0.00461797 0.0387815 0.00457298
0.0425139 0.0110771 0.0429544 0.0108854
0.0582818 0.0355656 0.0586351 0.0350317
0.0560174 0.0324889 0.0563248 0.0318748
0.0533272 0.0420343 0.053822 0.0415364
0.0512341 0.0190407 0.0517669 0.0186875
0.056197 0.03451 0.0567122 0.0339368
0.0640742 0.0427362 0.0643039 0.0420823
0.0428687 0.00700926 0.0434988 0.00719198
0.0423316 0.00624563 0.0430139 0.00622672
0.0460997 0.0153535 0.0465699 0.0151557
0.050593 0.0143121 0.051021 0.0141472
0.0427907 0.00843556 0.0432802 0.00822629
0.0387924 0.00361054 0.0394426 0.00361215
0.0405829 0.0131881 0.0410564 0.013028
0.0479573 0.0203639 0.0484937 0.0199658
0.0609753 0.0416158 0.0614268 0.0412603
0.0600141 0.029322 0.0604178 0.0287703
0.0592332 0.0257571 0.0596976 0.0251593
0.0524677 0.0232136 0.0527938 0.0228533
0.0597183 0.0314409 0.0598494 0.0309729
0.057058 0.0329802 0.0572587 0.0325453
