0.0499593 0.00290501 0.0498709 0.0028026
0.0515598 0.00187967 0.0514166 0.00182274
0.0522345 0.00332078 0.0520767 0.00322239
0.0514649 0.00294873 0.0513181 0.00285707
0.0488868 0.00130068 0.0488397 0.00125339
0.0506682 0.00390108 0.0505564 0.00375028
0.0501965 0.00496361 0.0501229 0.00481149
0.0505526 0.00397028 0.0504824 0.00381931
0.0498548 0.00318223 0.0497994 0.00306877
0.0470391 0.00176349 0.0470944 0.00168782
0.0461706 0.00375593 0.0462825 0.00355324
0.044643 0.00233065 0.0448247 0.00219846
0.0462631 0.00228602 0.0463901 0.00218217
0.0450405 0.00217397 0.0452325 0.0020824
0.0450509 0.00318964 0.045236 0.00304435
0.0456192 0.00227363 0.0457583 0.00219986
0.0447259 0.00216503 0.0449603 0.0020414
0.043823 0.0018 0.0441086 0.00165484
0.0443947 0.00325933 0.0446609 0.00311784
0.0423882 0.00147366 0.0427534 0.00137905
0.0435177 0.00267457 0.0437876 0.00253897
0.0435665 0.00237225 0.0438758 0.00223705
0.0422092 0.00218238 0.0425755 0.00207598
0.0413896 0.00202124 0.0417681 0.00189929
0.0423086 0.00206365 0.0426827 0.0019678
0.0425424 0.00251578 0.0429077 0.00237546
0.040547 0.000774717 0.0410387 0.000750176
0.0419487 0.00196869 0.0423549 0.00187326
0.0416134 0.00241597 0.0420183 0.00225894
0.0408947 0.00184484 0.0413868 0.0017558
0.0408858 0.00201145 0.0413752 0.00191155
0.0400049 0.000616555 0.0405176 0.000609531
0.0403153 0.0010323 0.0408226 0.00100654
0.0407828 0.00102678 0.0412738 0.000961428
0.0395141 0.000719258 0.0400533 0.000722009
0.0401079 0.00227922 0.0405572 0.00223278
0.0394054 0.00263867 0.0398954 0.00256444
0.0378477 0.0021918 0.0383511 0.00215052
0.0385904 0.00220685 0.0391141 0.00221184
0.0388147 0.00332424 0.0392925 0.00328835
0.0369408 0.00330173 0.0374305 0.00327176
0.0368353 0.00283174 0.0373651 0.00284215
0.0350262 0.00353037 0.0355099 0.00355414
0.0343622 0.00346342 0.0348186 0.00346644
0.030908 0.00304017 0.0313756 0.00304458
0.030223 0.00460736 0.0306713 0.00460793
0.031111 0.00288424 0.0314979 0.00289613
0.0300302 0.00365776 0.0305075 0.00368275
0.0261685 0.00278401 0.0265882 0.00278137
0.0269467 0.00330283 0.0273712 0.0033275
0.0270669 0.00357547 0.027553 0.0035965
0.0257573 0.0032152 0.0261875 0.00325624
0.0248249 0.00349158 0.0252313 0.00353728
0.0255366 0.00188586 0.0259331 0.00190941
0.0254546 0.00222561 0.0258897 0.00226498
0.0234588 0.000622829 0.0238727 0.000612801
0.0250771 0.00239483 0.0255128 0.00242563
0.0239779 0.00190592 0.0244012 0.00189096
0.0236216 0.000965924 0.0240181 0.000992266
0.0233339 0.00129081 0.0237563 0.00130609
0.023221 0.00120523 0.0236341 0.0012579
0.0238411 0.00161714 0.0242486 0.0016168
0.0236747 0.00167414 0.0240869 0.00168095
0.0229146 0.000607026 0.0233045 0.00060987
0.022985 0.00108856 0.0233603 0.00111124
0.0232678 0.00143508 0.0236396 0.00145842
0.022411 0.00184835 0.0228218 0.00187374
0.0225436 0.00239519 0.0229582 0.0024506
0.0231327 0.00310258 0.0235198 0.00311558
0.021047 0.00244728 0.0213958 0.00247404
0.0236159 0.00168304 0.0240303 0.00169414
0.0226678 0.00157726 0.0230437 0.00161961
0.0212449 0.00342202 0.0216379 0.00346588
0.0199912 0.00372015 0.0203235 0.00377566
0.0217286 0.00415507 0.0220759 0.00422543
0.0200364 0.00517993 0.0203451 0.00529942
0.0232048 0.00355071 0.0235975 0.00360467
0.0208606 0.00439744 0.0212347 0.0045089
0.0207579 0.00431463 0.0210864 0.00435752
0.0232894 0.00217295 0.023694 0.00224148
