0.776046 0.00481343 0.772424 0.00484203
0.771779 0.00529243 0.76814 0.00532299
0.77605 0.00690383 0.772434 0.00693959
0.773452 0.00524987 0.769824 0.0052706
0.772923 0.00746332 0.769289 0.00749976
0.770734 0.00624207 0.767088 0.00627692
0.773998 0.0048827 0.770364 0.00490507
0.773094 0.00422427 0.769457 0.00424617
0.772745 0.00633637 0.769103 0.00637009
0.768047 0.00322067 0.76439 0.00324043
0.775955 0.00487723 0.772336 0.00490464
0.768335 0.00527673 0.764662 0.00530777
0.771332 0.0061574 0.767684 0.00619246
0.77382 0.00670178 0.770189 0.00674002
0.772782 0.00638585 0.76913 0.00642929
0.771295 0.00750584 0.767643 0.00755497
0.770617 0.00571759 0.766946 0.00576372
0.770641 0.00645669 0.766975 0.0064967
0.774401 0.00722826 0.770763 0.00728131
0.771724 0.00785704 0.768058 0.00791205
0.775325 0.00781213 0.771691 0.00786376
0.765966 0.00512269 0.762258 0.00515693
0.769758 0.00760875 0.766083 0.00767601
0.768563 0.00629819 0.764879 0.00634418
0.766023 0.00694995 0.762313 0.00700003
0.770799 0.00501477 0.767121 0.00505174
0.77042 0.00694279 0.766742 0.00699296
0.766332 0.00892006 0.762626 0.0089791
0.767142 0.00990335 0.763425 0.00998662
0.763011 0.0117194 0.759266 0.0118144
0.765478 0.0105743 0.761749 0.01066
0.761322 0.00890534 0.757571 0.00897604
0.760493 0.0161713 0.756727 0.0162904
0.765359 0.00638778 0.761643 0.00643664
0.761818 0.0114744 0.758043 0.0115663
0.766555 0.0105203 0.76282 0.0106141
0.761245 0.0077753 0.757479 0.00784742
0.76248 0.0120701 0.758718 0.01219
0.758139 0.0137739 0.75433 0.0139224
0.759535 0.00552889 0.755747 0.00556666
0.758807 0.0132392 0.754993 0.0133699
0.763467 0.00753554 0.759714 0.00760646
0.764732 0.0106477 0.760965 0.0107559
0.758542 0.0156236 0.754731 0.0157777
0.755246 0.00855644 0.7514 0.00862995
0.758477 0.0144706 0.754668 0.0146012
0.753869 0.0144396 0.749996 0.0145865
0.750317 0.00961024 0.746419 0.00971143
0.75534 0.0173416 0.751493 0.0175114
0.757861 0.0111685 0.754036 0.0112657
0.753627 0.0136632 0.749766 0.0137933
0.748144 0.0154982 0.74422 0.0156469
0.74421 0.0118593 0.740255 0.011978
0.748078 0.0151567 0.744135 0.0153134
0.747132 0.0151871 0.743202 0.0153535
0.738514 0.0107455 0.73446 0.0108423
0.742969 0.0167771 0.739003 0.0169394
0.739163 0.0218187 0.73514 0.0220481
0.740499 0.0152274 0.736484 0.0154204
0.749671 0.0133598 0.745752 0.0135144
0.744341 0.0137226 0.740334 0.0139173
0.747664 0.0162001 0.743721 0.0163636
0.737466 0.0125774 0.733445 0.0127089
0.743711 0.0120227 0.739739 0.0121398
0.742903 0.013916 0.73891 0.0140827
0.751763 0.0122376 0.747863 0.012385
0.728075 0.0191971 0.723942 0.0194027
0.734382 0.0170835 0.730271 0.0172627
0.730626 0.0154 0.726459 0.0155902
0.736976 0.0270185 0.732904 0.0273108
0.736625 0.021479 0.732524 0.0217452
0.726289 0.013373 0.722097 0.0135046
0.73178 0.0173704 0.727655 0.0175679
0.735203 0.0164541 0.731124 0.0166182
0.721234 0.0188948 0.716976 0.0191161
0.726881 0.0192571 0.722662 0.0194722
0.736209 0.0115821 0.732119 0.0117325
0.729014 0.0187701 0.724858 0.0189981
0.73203 0.014943 0.727843 0.0151566
0.721812 0.0140471 0.717529 0.0142238
