0.112365 2.4275e-06 0.111791 2.41201e-06
0.112365 2.70577e-06 0.11179 2.69765e-06
0.112365 1.49171e-06 0.111791 1.51894e-06
0.112365 2.04154e-06 0.111791 1.90523e-06
0.112364 1.29092e-06 0.11179 1.15165e-06
0.112366 1.92233e-06 0.111792 1.81207e-06
0.112366 1.37053e-06 0.111791 1.26625e-06
0.112366 1.58003e-06 0.111792 1.61336e-06
0.112366 2.69169e-06 0.111791 2.68481e-06
0.112364 3.8839e-06 0.11179 3.80463e-06
0.11236 4.30657e-06 0.111786 4.14309e-06
0.112356 8.60066e-06 0.111782 8.53153e-06
0.112337 1.74767e-05 0.111762 1.73706e-05
0.112268 5.49711e-05 0.111694 5.45773e-05
0.112241 9.45642e-05 0.111668 9.39243e-05
0.112075 0.000141346 0.111501 0.000140565
0.111852 0.000352934 0.111279 0.000351619
0.11131 0.000578567 0.11074 0.000575606
0.110371 0.00107168 0.109804 0.00106737
0.110072 0.00171362 0.109506 0.00170607
0.107085 0.00244075 0.106534 0.00242864
0.104193 0.00382091 0.103654 0.00380376
0.103098 0.00404563 0.102565 0.0040263
0.0969981 0.00377104 0.096494 0.00375459
0.0969925 0.0088108 0.0964821 0.00877627
0.0897258 0.00838057 0.0892504 0.00834477
0.0831043 0.0074135 0.0826578 0.00738161
0.0758937 0.00346117 0.0754778 0.00344774
0.07478 0.00783621 0.0743663 0.007808
0.0749501 0.00662242 0.0745379 0.00659642
0.0702002 0.0061413 0.0698018 0.00611674
0.069291 0.00363779 0.0688972 0.00363036
0.0676542 0.00162369 0.067268 0.00162186
0.0670695 0.00152545 0.0666826 0.00152296
0.0663986 0.000827095 0.0660133 0.000824075
0.0656758 0.000112799 0.0652925 0.000114389
0.0658665 0.00042696 0.0654827 0.000427855
0.0658496 0.000323143 0.0654657 0.000322225
0.0656008 0.000156991 0.0652175 0.000158362
0.065617 0.000109233 0.0652328 0.000109045
0.0654612 7.5626e-05 0.0650788 7.49121e-05
0.0656135 0.00021332 0.0652299 0.000212016
0.0656321 0.000486771 0.0652502 0.000486771
0.0654708 0.000273207 0.0650893 0.000270138
0.065341 0.000259469 0.0649603 0.000255958
0.0647506 0.000639916 0.0643764 0.000632928
0.0646381 0.000830099 0.0642656 0.000820754
0.0647579 0.000803738 0.0643843 0.000795003
0.0634028 0.00184143 0.0630434 0.00182137
0.0628464 0.00147203 0.0624958 0.0014537
0.0610583 0.00337278 0.0607293 0.00333211
0.0605641 0.00308243 0.0602416 0.00304308
0.0583667 0.00525896 0.0580766 0.00518493
0.0551013 0.00360516 0.0548548 0.0035492
0.0515113 0.00220983 0.051329 0.00216846
0.0553403 0.005 0.055099 0.00492617
0.0505963 0.00214485 0.0504268 0.00209913
0.0509903 0.00334407 0.0508224 0.00328395
0.0492131 0.00153795 0.049082 0.00150265
0.0498062 0.00174886 0.0496527 0.00171133
0.0483627 0.00146626 0.0482406 0.00143435
0.0494322 0.00121558 0.0492992 0.00118674
0.0480729 0.00103602 0.0479641 0.001027
0.0469641 0.00187832 0.0468605 0.00185748
0.0475554 0.0017901 0.0474519 0.00177703
0.0459268 0.0033796 0.0458359 0.00334742
0.0447432 0.00344643 0.0446665 0.00341953
0.0427513 0.00302647 0.0426925 0.00299855
0.0425253 0.00333504 0.0424695 0.00330222
0.0411565 0.00236766 0.041116 0.002341
0.0443676 0.00514247 0.0443018 0.0050958
0.0414871 0.00386887 0.0414512 0.00382773
0.0402024 0.00268891 0.0401793 0.00265499
0.0403672 0.00338903 0.0403435 0.003354
0.04087 0.00332882 0.0408385 0.00329193
0.0407567 0.00264513 0.0407239 0.00260753
0.0402634 0.00368283 0.0402444 0.00364316
0.0390373 0.00058246 0.0390329 0.000564342
0.0396879 0.00252977 0.0396771 0.00249608
0.0403677 0.00428212 0.0403542 0.00423855
