0.439141 0.0222931 0.437014 0.0218136
0.429849 0.0129563 0.4279 0.0127482
0.424847 0.0204303 0.422627 0.0201976
0.426078 0.0109744 0.423815 0.0108922
0.415086 0.00610043 0.412893 0.00599819
0.436222 0.0335545 0.433711 0.0330354
0.417397 0.0129024 0.415052 0.0125428
0.421481 0.00761768 0.419173 0.00748464
0.429438 0.0335417 0.426926 0.0330157
0.417681 0.0143303 0.41548 0.0141962
0.433578 0.0427364 0.431116 0.042292
0.422833 0.0246194 0.420475 0.0241839
0.426261 0.0150646 0.423825 0.014825
0.417875 0.0110809 0.415537 0.0109166
0.424327 0.0288341 0.421929 0.0284131
0.421358 0.027163 0.418882 0.0267295
0.417818 0.0132729 0.415577 0.01303
0.439597 0.0465612 0.437066 0.046202
0.42879 0.0252613 0.426121 0.0247549
0.437323 0.0376031 0.434587 0.0369745
0.423352 0.0361087 0.421019 0.035545
0.418071 0.0208471 0.415738 0.020492
0.418188 0.0163196 0.415811 0.016137
0.434985 0.0481154 0.432487 0.0475228
0.42827 0.036373 0.425742 0.036034
0.42586 0.0300515 0.423532 0.0295771
0.411819 0.0232335 0.409515 0.0228891
0.425251 0.0407155 0.422912 0.0402052
0.404848 0.00771146 0.402633 0.0077031
0.423586 0.0236581 0.42098 0.0231129
0.421243 0.0238999 0.418822 0.0234097
0.420399 0.03511 0.417966 0.0346963
0.401896 0.011982 0.399634 0.0119331
0.413991 0.015177 0.411567 0.0149623
0.417933 0.0357162 0.415568 0.0353215
0.404128 0.0252696 0.401911 0.0248814
0.40054 0.0126746 0.398295 0.0125209
0.428001 0.0389119 0.425396 0.0385462
0.394477 0.0167415 0.392167 0.0167213
0.418375 0.0446602 0.415897 0.0440603
0.396391 0.0129776 0.394244 0.0129548
0.413437 0.0134673 0.410975 0.0132806
0.398733 0.0160947 0.39649 0.0159907
0.406516 0.0250313 0.404206 0.0247678
0.40519 0.0339705 0.4028 0.0335977
0.396841 0.0146951 0.394596 0.0143853
0.40083 0.0487529 0.398611 0.0482646
0.400429 0.0286442 0.397941 0.0282594
0.400176 0.0381066 0.397778 0.0375332
0.394412 0.0256889 0.392046 0.0254648
0.396559 0.0294502 0.394279 0.0293031
0.393077 0.0211207 0.390623 0.0208593
0.386984 0.0304279 0.384837 0.0302795
0.404071 0.0375586 0.401598 0.0369264
0.390882 0.0252734 0.388595 0.0250555
0.391783 0.0215473 0.389321 0.0211306
0.40729 0.0301748 0.404793 0.0298106
0.393489 0.0426624 0.391188 0.0421259
0.377613 0.0226331 0.375442 0.0222748
0.392428 0.0421805 0.390104 0.0415597
0.372097 0.0161458 0.370096 0.0159861
0.388968 0.0148196 0.38655 0.0147599
0.376216 0.0248419 0.373912 0.0243253
0.391049 0.0238129 0.388806 0.0235992
0.390337 0.0522578 0.38796 0.0517808
0.396877 0.0334468 0.394426 0.0332251
0.375219 0.0077166 0.373236 0.0075836
0.394183 0.051621 0.392013 0.0511668
0.36395 0.0113671 0.361955 0.0111522
0.363221 0.019151 0.36145 0.0186083
0.387 0.0375674 0.384597 0.0369937
0.372827 0.0364723 0.370933 0.0357494
0.363251 0.0111852 0.361436 0.0110641
0.376472 0.0515478 0.374585 0.0509909
0.368499 0.0132866 0.36677 0.0133386
0.380549 0.0194498 0.378529 0.0192639
0.369058 0.019309 0.367244 0.0189162
0.35805 0.00922372 0.356389 0.00899088
0.361537 0.0116704 0.359776 0.0115823
0.378663 0.0414895 0.377244 0.0411649
