0.749005 0.0123481 0.745173 0.0124443
0.75777 0.0100514 0.753995 0.0101304
0.755634 0.00836527 0.751841 0.00842406
0.759316 0.0113972 0.755565 0.0114786
0.762395 0.00723574 0.758644 0.00729644
0.760604 0.00908592 0.756855 0.00913702
0.763435 0.0102421 0.759672 0.0103121
0.759805 0.0120978 0.756023 0.0121801
0.769385 0.00997977 0.765677 0.0100396
0.761396 0.00881729 0.757658 0.00886674
0.763231 0.00754077 0.75945 0.00759684
0.768447 0.0055435 0.764754 0.00555049
0.767503 0.00436213 0.763791 0.0043795
0.768928 0.00800811 0.765219 0.00804235
0.769278 0.00652382 0.765557 0.00657578
0.76796 0.00819796 0.764234 0.00823906
0.770774 0.00693883 0.767056 0.00699152
0.771032 0.00296613 0.767336 0.0029752
0.769709 0.00704812 0.766015 0.00708477
0.771271 0.00406723 0.767594 0.00408226
0.772052 0.00710907 0.768333 0.00714682
0.767389 0.00560548 0.763687 0.00562407
0.770222 0.00794106 0.766521 0.00799271
0.763987 0.00993571 0.760279 0.0100108
0.763443 0.0100576 0.759721 0.0101392
0.751311 0.0140604 0.747509 0.0141823
0.742989 0.0114835 0.739129 0.0115373
0.746219 0.0131184 0.742347 0.0132506
0.732681 0.00967688 0.728668 0.00974215
0.728094 0.00853237 0.724002 0.00865312
0.729194 0.0103763 0.725152 0.0105041
0.727974 0.0146073 0.723839 0.014796
0.727728 0.00798247 0.723522 0.00813297
0.722904 0.00411938 0.71857 0.00421056
0.721194 0.00137733 0.716867 0.0013919
0.724502 0.00940151 0.72012 0.00955702
0.721798 0.00181365 0.717418 0.00189492
0.721701 0.00193569 0.717301 0.00196637
0.721999 0.000713435 0.717587 0.000737698
0.722084 0.00136602 0.717659 0.00141886
0.722302 0.000842496 0.717842 0.000851979
0.722943 0.000408842 0.718492 0.000424614
0.722499 0.000699202 0.718035 0.000715571
0.722751 0.000515331 0.718294 0.000526592
0.722873 0.000497997 0.718417 0.000515199
0.722725 0.000641355 0.718288 0.000663053
0.722796 0.000576023 0.718362 0.000600067
0.72172 0.00131441 0.717268 0.00130455
0.721488 0.00211333 0.717064 0.00210607
0.719781 0.00153277 0.715401 0.00153183
0.719273 0.00355291 0.714896 0.00350306
0.715652 0.0034202 0.711332 0.00334418
0.715471 0.00594416 0.711159 0.00585701
0.708262 0.00590742 0.704103 0.00583273
0.7088 0.00663512 0.7046 0.00653233
0.70585 0.00721384 0.701715 0.00711079
0.702293 0.00555735 0.698221 0.00545956
0.701819 0.00610781 0.697789 0.00604409
0.699913 0.00753208 0.695875 0.00734225
0.69635 0.00265344 0.692412 0.00260024
0.695451 0.00219067 0.691588 0.00215464
0.696302 0.00364802 0.692393 0.00361507
0.696692 0.00689645 0.692787 0.00680226
0.694565 0.00273267 0.690682 0.00268538
0.690655 0.00399961 0.68683 0.00392488
0.689647 0.00531713 0.685906 0.00524143
0.688306 0.00658252 0.684571 0.0064661
0.682054 0.00833651 0.67847 0.00808142
0.681855 0.00947832 0.67833 0.00927467
0.67841 0.00599498 0.674902 0.00580344
0.679393 0.00503953 0.675969 0.00488168
0.678005 0.00782331 0.67457 0.00746517
0.680982 0.00931912 0.677462 0.00906703
0.676554 0.00860784 0.67322 0.008378
0.674253 0.00658438 0.670931 0.00634654
0.671017 0.00165018 0.667987 0.00160337
0.672346 0.0033492 0.669242 0.0031799
0.67421 0.0102125 0.671074 0.00990748
0.670833 0.00104359 0.667821 0.0010017
0.671895 0.00295226 0.668836 0.00279281
