0.695742 0.0142629 0.692185 0.014298
0.691246 0.0166538 0.686844 0.0157991
0.699837 0.0135327 0.695499 0.0121717
0.706307 0.0147987 0.69913 0.0142952
0.69842 0.0244348 0.694542 0.0244436
0.707637 0.0197462 0.701352 0.0203703
0.712651 0.0201271 0.706881 0.0219945
0.703425 0.0198309 0.697339 0.0205942
0.707736 0.0197367 0.700868 0.0194491
0.699382 0.0199876 0.694408 0.0205329
0.69971 0.0200773 0.694608 0.0205862
0.696897 0.0135673 0.690334 0.0144646
0.711242 0.020707 0.706461 0.0196783
0.693445 0.0135281 0.689284 0.0135179
0.692557 0.0179674 0.686897 0.0186924
0.695323 0.0183115 0.693377 0.0177544
0.699653 0.0161459 0.694235 0.0169283
0.697943 0.0168143 0.693099 0.0155115
0.698212 0.0185877 0.691793 0.0161079
0.700943 0.0215666 0.696611 0.0199978
0.690821 0.0147783 0.686 0.0129567
0.694655 0.0158837 0.690102 0.0126835
0.697546 0.0186608 0.692602 0.0177811
0.711091 0.0190976 0.705621 0.0187972
0.697827 0.0156404 0.693203 0.0134083
0.707302 0.0211006 0.702414 0.0195345
0.692789 0.00586871 0.68798 0.00693891
0.694917 0.0178271 0.691034 0.0176904
0.681049 0.0184808 0.675316 0.0193916
0.700313 0.0246247 0.697397 0.0231557
0.707245 0.0218716 0.701302 0.0209913
0.704605 0.0249451 0.697794 0.0244268
0.696074 0.0192701 0.691999 0.0185866
0.698033 0.0183509 0.695262 0.0175107
0.692227 0.0246011 0.684655 0.0248909
0.690398 0.0161053 0.684344 0.0163841
0.695784 0.0219801 0.691519 0.0212577
0.691748 0.0131345 0.688349 0.0114399
0.696947 0.023021 0.692599 0.0217926
0.695315 0.0138801 0.68841 0.0137264
0.690912 0.0161713 0.683011 0.0162166
0.684281 0.0187314 0.679116 0.0166185
0.698438 0.0237646 0.692374 0.020806
0.699958 0.0175495 0.694422 0.0154803
0.686818 0.0196704 0.680766 0.0181699
0.684259 0.024837 0.678216 0.025184
0.696751 0.0211737 0.691311 0.023008
0.691345 0.0162521 0.686961 0.0149928
0.693808 0.0220882 0.688245 0.0198754
0.692598 0.0246602 0.685647 0.0238859
0.68616 0.0217393 0.681902 0.0211664
0.688325 0.0205089 0.683279 0.0201907
0.679265 0.0220054 0.672704 0.0203278
0.689089 0.0231021 0.683844 0.0236964
0.698948 0.0176562 0.692082 0.0173784
0.690118 0.0251788 0.685019 0.0243555
0.687671 0.0143726 0.682393 0.0172786
0.677581 0.0146556 0.671006 0.0156278
0.698716 0.0176306 0.693154 0.0159231
0.67487 0.0118936 0.671946 0.0106304
0.692328 0.0244123 0.688567 0.0250616
0.685414 0.0216649 0.680622 0.0215826
0.680895 0.0167367 0.677605 0.0154076
0.686399 0.0229686 0.679324 0.0231421
0.682915 0.0107226 0.678271 0.0124204
0.68513 0.0146684 0.680101 0.0149412
0.687951 0.0178496 0.679661 0.0188129
0.689446 0.0322136 0.682855 0.0330386
0.670433 0.0159777 0.66449 0.0148864
0.671901 0.0200028 0.668026 0.0190678
0.674367 0.0140718 0.670298 0.0138585
0.682918 0.0135705 0.676346 0.0140345
0.687514 0.0209241 0.681846 0.0235144
0.680906 0.016401 0.676518 0.0160136
0.678639 0.0257524 0.674178 0.0249161
0.675215 0.0233169 0.669375 0.0199216
0.674863 0.0183073 0.668687 0.0191111
0.690677 0.0240235 0.684931 0.0224449
0.680532 0.0209607 0.674669 0.0190612
0.674606 0.0174803 0.671033 0.0171749
