0.542897 0.0179826 0.534664 0.017579
0.793758 0.00192865 0.785815 0.00232318
0.793456 0.00074298 0.785267 0.000393663
0.796343 0.0016933 0.78818 0.00229337
0.80351 0.00864309 0.794786 0.00906434
0.801207 0.00308306 0.793723 0.00368041
0.807537 0.0097431 0.799469 0.00898415
0.812909 0.0088515 0.805297 0.00849485
0.809693 0.00531277 0.800562 0.00374869
0.818191 0.00855913 0.809521 0.00947736
0.819383 0.00850887 0.810958 0.00740214
0.82295 0.00811722 0.815771 0.00672909
0.828964 0.0138312 0.818744 0.0137246
0.825534 0.00988479 0.816801 0.00928547
0.832224 0.00914679 0.824996 0.00759534
0.837981 0.0108044 0.828386 0.00964432
0.838382 0.0119241 0.828912 0.0123115
0.836919 0.00988656 0.82827 0.0102302
0.848704 0.0125341 0.838135 0.0117734
0.857438 0.00669331 0.846608 0.00806439
0.849772 0.00820229 0.840153 0.00722729
0.851049 0.00954935 0.842308 0.00817334
0.857398 0.0130201 0.846739 0.0146797
0.854683 0.00933554 0.846832 0.00832118
0.867741 0.019224 0.858374 0.0193723
0.861594 0.00699442 0.853155 0.00800666
0.8593 0.00904056 0.849579 0.00809927
0.866452 0.00873184 0.856576 0.00919159
0.867431 0.00854092 0.856289 0.00985156
0.870897 0.0080425 0.861503 0.00805048
0.864631 0.0069159 0.854808 0.00655681
0.867973 0.0100611 0.856229 0.00912547
0.868447 0.00633777 0.858935 0.00626882
0.873359 0.00713285 0.861258 0.00624592
0.872571 0.00781065 0.861786 0.00819518
0.874897 0.0064334 0.863038 0.00563608
0.872648 0.00787667 0.862568 0.00839292
0.87286 0.00566854 0.864027 0.00578454
0.879324 0.00936337 0.870588 0.00913824
0.877769 0.00685832 0.866523 0.00650415
0.877826 0.0105336 0.868573 0.00961839
0.882924 0.0133665 0.874584 0.0150899
0.879554 0.00832367 0.868564 0.00712054
0.888717 0.0110398 0.879284 0.0115144
0.888343 0.014467 0.877835 0.0157858
0.879356 0.00680894 0.871305 0.00718978
0.890921 0.0123586 0.88082 0.0134999
0.880969 0.00677713 0.871959 0.00629723
0.879052 0.00410227 0.869836 0.00473172
0.885983 0.00640311 0.875722 0.00656666
0.894976 0.013171 0.884825 0.0135875
0.891655 0.0105286 0.882013 0.0110206
0.88987 0.00929955 0.881485 0.011159
0.885587 0.00289167 0.87521 0.00331679
0.892797 0.0115796 0.884766 0.0135333
0.893313 0.00720446 0.882937 0.00895899
0.893953 0.0110679 0.882773 0.0112989
0.895431 0.00995872 0.884966 0.00972652
0.890722 0.00619333 0.882257 0.00605717
0.898002 0.0190649 0.890339 0.0191266
0.889795 0.00520287 0.880126 0.0051055
0.897407 0.0139214 0.887864 0.0155776
0.895333 0.00814552 0.885366 0.00852855
0.897241 0.00722136 0.888453 0.00869355
0.898277 0.0105725 0.889874 0.0118891
0.900669 0.0125712 0.891625 0.0128094
0.899896 0.0179538 0.889834 0.0180454
0.897919 0.00799347 0.886788 0.00890873
0.898152 0.00858434 0.889175 0.00850169
0.903007 0.00895592 0.893575 0.0103649
0.90084 0.00508962 0.891879 0.0061654
0.904146 0.00848495 0.89524 0.00763387
0.899185 0.00911082 0.886483 0.00944828
0.903676 0.00989605 0.896216 0.0114855
0.900969 0.00449858 0.890838 0.00670429
0.905528 0.00994053 0.896103 0.0100379
0.906611 0.00806647 0.896964 0.00763506
0.911931 0.0143603 0.901346 0.0143103
0.907335 0.0101309 0.89764 0.0107818
0.904587 0.00973317 0.895317 0.00882342
0.902678 0.00585931 0.893452 0.00773487
0.911324 0.0141131 0.901985 0.0152496
0.911365 0.0106242 0.902751 0.0106945
0.914817 0.0136512 0.905451 0.0145732
0.907094 0.00570512 0.897652 0.00861873
0.914013 0.0118667 0.905389 0.0119875
0.915363 0.0121304 0.904497 0.0142474
0.91405 0.0110058 0.903657 0.0107549
0.909593 0.0109094 0.900269 0.0100666
0.910758 0.00833725 0.899985 0.00776538
0.911813 0.0118595 0.90349 0.0114007
0.924242 0.0165025 0.914687 0.018827
0.922399 0.0120299 0.913626 0.011011
0.914962 0.0104387 0.907418 0.0106786
0.920677 0.00826936 0.912053 0.00747963
0.924146 0.00945337 0.913959 0.00804084
0.921546 0.00850255 0.912956 0.0107113
0.923131 0.0117757 0.913763 0.0125982
0.915378 0.00844838 0.907299 0.00796629
0.928857 0.0167777 0.921589 0.020172
