0.17723 0.0177598 0.175762 0.0180675
0.172935 0.0188551 0.171608 0.0189908
0.170411 0.0178426 0.169139 0.0180469
0.180019 0.0121305 0.178587 0.0122493
0.167449 0.0164514 0.166433 0.0161122
0.165449 0.013408 0.164212 0.0131942
0.18095 0.0148816 0.179715 0.0149796
0.171371 0.0177132 0.169974 0.0180686
0.172969 0.0217676 0.171965 0.0213518
0.159548 0.0133677 0.158289 0.0129492
0.173265 0.0234111 0.171714 0.0236833
0.177945 0.0171255 0.176771 0.0167927
0.179917 0.0157188 0.178681 0.0157386
0.178204 0.0194479 0.176577 0.0195276
0.173881 0.0177909 0.172939 0.0177809
0.169594 0.019755 0.168262 0.0198197
0.177843 0.0157919 0.17688 0.0154748
0.162019 0.0195625 0.160843 0.0192893
0.178237 0.0185061 0.176663 0.0186591
0.17796 0.0159824 0.17647 0.0161092
0.164162 0.0143301 0.162895 0.0143069
0.171371 0.017786 0.169934 0.0174043
0.163243 0.0139559 0.162137 0.0135974
0.162983 0.0145375 0.161823 0.01449
0.167818 0.017813 0.166315 0.0178019
0.180568 0.0198666 0.179059 0.0192257
0.176335 0.0189575 0.175134 0.0190264
0.178614 0.0164681 0.177222 0.0163778
0.172794 0.0165573 0.171037 0.01661
0.171774 0.0163385 0.170509 0.0162011
0.168832 0.0159166 0.167769 0.0157931
0.177131 0.0155148 0.176093 0.0150913
0.163866 0.0137119 0.162153 0.0137117
0.177867 0.0173955 0.176174 0.0173147
0.176403 0.0145335 0.175356 0.0142069
0.174722 0.0174821 0.17331 0.0172786
0.169244 0.0146785 0.167536 0.0148671
0.177382 0.0192335 0.176563 0.0187544
0.163411 0.0127013 0.162066 0.012392
0.16537 0.0161365 0.164141 0.0162593
0.175719 0.0188224 0.174052 0.0188278
0.167946 0.0115989 0.166531 0.0118298
0.163619 0.018144 0.162376 0.0180144
0.175922 0.0190842 0.174655 0.0187495
0.171776 0.0189995 0.170465 0.0189603
0.178596 0.0183533 0.177312 0.0184479
0.161406 0.0154184 0.159836 0.0154911
0.179696 0.0178502 0.178526 0.0178598
0.173164 0.0164648 0.171518 0.0169686
0.173516 0.0163599 0.172539 0.0163873
0.163946 0.0138605 0.162554 0.0140874
0.175877 0.015718 0.175028 0.0154038
0.165133 0.0111782 0.164166 0.0112081
0.181487 0.0176253 0.18049 0.0176542
0.173396 0.018499 0.172154 0.0185137
0.16902 0.0185364 0.167559 0.0183885
0.175484 0.0129307 0.174267 0.0131299
0.176604 0.016815 0.175335 0.0170253
0.163985 0.0153986 0.162914 0.0157501
0.178291 0.0173192 0.177108 0.0173494
0.165828 0.0138987 0.164881 0.0137438
0.164783 0.0110827 0.163431 0.0109914
0.175256 0.0162389 0.174366 0.0166537
0.180598 0.0165786 0.178951 0.0168996
0.172777 0.0195631 0.171443 0.0194017
0.175929 0.0148067 0.174975 0.0151128
0.177194 0.0145453 0.17562 0.0149113
0.165569 0.0155424 0.164054 0.0160467
0.172514 0.0143937 0.170791 0.0142583
0.174937 0.0176827 0.17377 0.0171613
0.170666 0.0167362 0.168739 0.0168075
0.178444 0.0201433 0.1773 0.0197416
0.175055 0.0175181 0.173503 0.0178895
0.166254 0.016732 0.165518 0.016595
0.178441 0.0137774 0.177005 0.0141089
0.17859 0.0131853 0.177079 0.0130519
0.182743 0.0153557 0.181622 0.014331
0.176137 0.0170293 0.175029 0.0170202
0.179082 0.0142006 0.177871 0.014598
0.165912 0.0194407 0.164723 0.0187796
