0.112369 1.13961e-06 0.111794 1.18592e-06
0.112368 1.00757e-06 0.111794 1.04205e-06
0.112369 6.95958e-07 0.111794 7.19372e-07
0.112369 1.46624e-06 0.111794 1.51467e-06
0.112369 7.94107e-07 0.111794 8.31975e-07
0.11237 9.06524e-07 0.111795 9.40368e-07
0.11237 1.1318e-06 0.111795 1.17375e-06
0.112369 6.58764e-07 0.111795 6.84341e-07
0.11237 1.1179e-06 0.111795 1.14525e-06
0.112371 1.21422e-06 0.111796 1.23645e-06
0.112371 9.14492e-07 0.111796 9.34723e-07
0.112369 2.13019e-06 0.111794 2.1518e-06
0.112366 4.20454e-06 0.111792 4.202e-06
0.112359 1.12122e-05 0.111784 1.12264e-05
0.112346 2.1624e-05 0.111771 2.15487e-05
0.112305 3.43431e-05 0.11173 3.4147e-05
0.112248 7.36443e-05 0.111674 7.30583e-05
0.112204 0.000109257 0.11163 0.000108538
0.112043 0.000279518 0.11147 0.000278107
0.111981 0.000282794 0.111408 0.000281446
0.111528 0.000517544 0.110958 0.000515166
0.110902 0.000664702 0.110334 0.000661296
0.110547 0.00157566 0.109981 0.00156762
0.109984 0.00167028 0.109421 0.00166215
0.106288 0.00255205 0.105745 0.00253875
0.106542 0.00368942 0.105995 0.00367077
0.103187 0.00470697 0.102658 0.00468399
0.102052 0.00440137 0.101528 0.00438045
0.0949674 0.00588035 0.0944776 0.00585211
0.0919401 0.00772152 0.0914626 0.00768586
0.0878515 0.00632523 0.087392 0.00629709
0.0839742 0.00899846 0.0835322 0.00895857
0.083936 0.0081282 0.0834946 0.00809344
0.0746346 0.00474596 0.0742322 0.00472743
0.0745092 0.00692195 0.0741038 0.00689449
0.0757788 0.00908412 0.0753708 0.00904537
0.0713594 0.00346937 0.070966 0.00345767
0.0720763 0.00559037 0.0716807 0.00556927
0.0672438 0.00185682 0.0668633 0.00185112
0.0716791 0.0116999 0.0712783 0.011651
0.0673277 0.00119127 0.0669444 0.0011889
0.0666228 0.00134246 0.0662414 0.00134093
0.0657677 0.000238487 0.065386 0.000237084
0.0666975 0.00160912 0.0663145 0.001607
0.0659113 0.000297248 0.0655294 0.000296555
0.0658313 0.000408505 0.0654497 0.00040797
0.0658182 0.000270942 0.0654352 0.000270972
0.0657131 0.000211907 0.0653311 0.000210602
0.0657874 0.000335039 0.0654042 0.000333098
0.065542 0.000396106 0.0651601 0.000393604
0.0657297 0.000738332 0.0653465 0.000733677
0.0651754 0.000870832 0.0647975 0.000863661
0.0645463 0.00182604 0.0641757 0.00180973
0.0635974 0.00174904 0.063235 0.00173067
0.0627359 0.00341472 0.0623854 0.00337986
0.0623533 0.00310553 0.0620059 0.00307002
0.0625136 0.00246302 0.0621634 0.00243459
0.0593759 0.00353699 0.0590649 0.00349299
0.0560505 0.00135413 0.055784 0.00133531
0.056366 0.0028236 0.0560953 0.00278356
0.0550982 0.0045746 0.0548496 0.00451029
0.0535483 0.00306458 0.0533188 0.0030175
0.0530418 0.00231758 0.0528246 0.00227789
0.0573331 0.0129581 0.057092 0.012856
0.0517353 0.0027137 0.0515467 0.00266845
0.0514268 0.00488174 0.0512466 0.0048057
0.0490832 0.00131061 0.0489411 0.00128521
0.0502804 0.00209063 0.0501322 0.00205583
0.04907 0.00234404 0.0489413 0.00232493
0.0495282 0.00416176 0.0493864 0.0041031
0.0489364 0.00480471 0.0487914 0.00472899
0.0480931 0.00262933 0.0479695 0.00261228
0.0468469 0.00629806 0.0467368 0.00621559
0.0463899 0.00578403 0.0462819 0.00571213
0.0443843 0.00484619 0.0443082 0.00480705
0.0438355 0.0040122 0.0437601 0.00397806
0.0442199 0.00469925 0.0441443 0.0046561
0.0439028 0.0039445 0.0438287 0.00390367
0.0423235 0.00386208 0.0422645 0.00381508
0.0398845 0.00162253 0.0398613 0.00159321
