0.525359 0.000824601 0.51773 0.000834874
0.792807 0.000344905 0.783819 0.000318215
0.793951 0.00059118 0.784497 0.000433913
0.797007 0.00497108 0.787588 0.00408743
0.796431 0.00273633 0.787784 0.00189069
0.804681 0.0109626 0.7953 0.0106821
0.803004 0.0051213 0.793397 0.00361239
0.806978 0.0111516 0.797788 0.0108803
0.813154 0.013796 0.801949 0.0129305
0.813813 0.00923464 0.803356 0.0077965
0.818682 0.0115467 0.808188 0.0119508
0.820992 0.0100212 0.810122 0.0092127
0.822443 0.0197192 0.814579 0.0173927
0.81892 0.00600536 0.808848 0.00507946
0.826726 0.00996934 0.816788 0.0104098
0.83173 0.013283 0.82041 0.0117848
0.829313 0.0107802 0.820172 0.00965497
0.832744 0.0117905 0.822522 0.0101688
0.83239 0.00679616 0.821743 0.0072049
0.839443 0.00595697 0.827262 0.00671901
0.835338 0.00963193 0.824974 0.00924975
0.841571 0.00840773 0.832233 0.00693093
0.844575 0.0120122 0.835685 0.0117104
0.84724 0.00765009 0.837154 0.00841391
0.843041 0.00506365 0.831411 0.00639125
0.849922 0.0100442 0.839893 0.00840631
0.846917 0.00895172 0.835968 0.00789236
0.852124 0.00699597 0.840325 0.00705141
0.846767 0.00576971 0.836369 0.00435495
0.851017 0.00564611 0.840253 0.0040137
0.859986 0.0065848 0.847204 0.00737518
0.856318 0.0060523 0.84528 0.00639444
0.860257 0.00885539 0.848615 0.00879139
0.857856 0.00430807 0.846591 0.00479683
0.859268 0.00486022 0.848663 0.00657809
0.860502 0.00568762 0.849523 0.00409134
0.862198 0.00461467 0.851958 0.00381979
0.861912 0.00575898 0.851282 0.00435298
0.864087 0.00487925 0.851852 0.00465586
0.861594 0.00675025 0.850672 0.00563498
0.866956 0.00441079 0.856054 0.00373369
0.863331 0.00579257 0.852799 0.00410554
0.866519 0.00367171 0.852602 0.00492623
0.867612 0.005387 0.856859 0.00397841
0.865854 0.00596026 0.85451 0.00393488
0.865617 0.00455219 0.854867 0.00392728
0.866499 0.00418703 0.856181 0.00455317
0.868949 0.00672019 0.857517 0.00526114
0.868671 0.00540938 0.856812 0.00373339
0.871495 0.00282735 0.859356 0.0043406
0.872419 0.00281605 0.860229 0.00276292
0.870721 0.00366025 0.859583 0.00273622
0.871353 0.00457201 0.859839 0.0041332
0.875121 0.00342055 0.863764 0.00313502
0.870394 0.00323642 0.859851 0.00425124
0.872733 0.00290606 0.860091 0.00286367
0.875335 0.00277752 0.862296 0.00339287
0.874332 0.00330662 0.862852 0.00424271
0.873233 0.00267485 0.863605 0.00231839
0.877682 0.00240026 0.865385 0.00199128
0.874967 0.00437876 0.864442 0.00213664
0.873394 0.00312169 0.862986 0.00251369
0.877365 0.00589437 0.865689 0.00496813
0.876878 0.0024081 0.865183 0.0026568
0.876984 0.00364609 0.865396 0.00238704
0.876161 0.00353087 0.865821 0.00290862
0.880373 0.00493918 0.868218 0.00579835
0.879183 0.00282408 0.867236 0.00293309
0.879443 0.00535303 0.867404 0.00416257
0.879977 0.00581826 0.869337 0.00536534
0.881476 0.00435049 0.870761 0.0039281
0.877201 0.00208585 0.868354 0.00259076
0.880093 0.00434993 0.867862 0.00326225
0.881038 0.00493661 0.872593 0.00474455
0.882364 0.00481599 0.870162 0.00548197
0.880713 0.00408069 0.869199 0.00395364
0.88119 0.00362758 0.869671 0.00307391
0.88284 0.00342525 0.87288 0.00441537
0.886337 0.00512343 0.873967 0.00457763
0.884821 0.00336795 0.873446 0.00335651
0.88355 0.00343174 0.872127 0.00321403
0.885275 0.00390012 0.874472 0.00501716
0.884825 0.00429184 0.87457 0.0047931
0.885921 0.00241582 0.874806 0.00381508
0.888669 0.00549588 0.876179 0.00516101
0.885763 0.00686543 0.874761 0.0055311
0.886004 0.00455821 0.876083 0.00467642
0.887726 0.00582622 0.875289 0.00463459
0.888142 0.00333702 0.87703 0.00257875
0.887096 0.00316216 0.875746 0.00461146
0.886819 0.00553566 0.876662 0.00420952
0.888336 0.00520188 0.877324 0.0045612
0.888442 0.00589779 0.879528 0.00557168
0.890844 0.00632343 0.87992 0.00613217
0.88836 0.00480727 0.876891 0.00322364
0.887613 0.0056096 0.878137 0.00576442
0.890277 0.00465834 0.880001 0.00535745
0.888817 0.00475089 0.877994 0.00489732
0.891671 0.00506449 0.880712 0.00470104
0.891538 0.00423129 0.880988 0.00363517
