0.180967 0.015087 0.179462 0.0148918
0.174713 0.00996072 0.173137 0.0100529
0.179225 0.00872885 0.177518 0.00925774
0.183002 0.00823592 0.18082 0.00791155
0.178694 0.00467932 0.177039 0.00440071
0.184948 0.0125012 0.183512 0.0123092
0.176223 0.0112221 0.174745 0.0112513
0.17915 0.0102674 0.177756 0.0102728
0.179651 0.00596227 0.178327 0.00610094
0.182597 0.0109646 0.181017 0.0111669
0.17599 0.00626512 0.174448 0.00687813
0.177084 0.00768377 0.175342 0.00754408
0.176837 0.00927211 0.174991 0.00981738
0.18225 0.0133756 0.180661 0.0138287
0.179185 0.0101982 0.177323 0.010349
0.183448 0.0100203 0.182264 0.0102269
0.181 0.0105535 0.17969 0.0101659
0.18696 0.0105509 0.185449 0.0103561
0.178745 0.00945872 0.177156 0.00887709
0.179105 0.00928551 0.177735 0.00909382
0.181743 0.0118693 0.18054 0.0118661
0.183895 0.00791671 0.182301 0.00792579
0.186112 0.00678176 0.184048 0.00682634
0.179359 0.0123785 0.177297 0.012548
0.185033 0.0103576 0.183484 0.0105099
0.185966 0.00897141 0.184319 0.00850079
0.184944 0.0104897 0.183671 0.010882
0.185933 0.016738 0.183994 0.016172
0.180693 0.00787998 0.178811 0.00845425
0.180935 0.00917815 0.179286 0.00925128
0.189658 0.00947481 0.188112 0.00949805
0.187363 0.0114474 0.185929 0.0116991
0.187547 0.0119688 0.185839 0.0120677
0.185875 0.00933895 0.184301 0.00942609
0.178832 0.0027773 0.177597 0.00312596
0.189037 0.00967456 0.187733 0.00938434
0.18678 0.0118717 0.185303 0.012502
0.185414 0.0092077 0.183632 0.00915745
0.179852 0.0115769 0.178202 0.0119146
0.186431 0.00730048 0.185009 0.00743661
0.183568 0.0126272 0.181966 0.0126081
0.184236 0.0097708 0.182181 0.0102257
0.183433 0.0107503 0.181871 0.0107902
0.183087 0.00504527 0.182013 0.00420056
0.183 0.00690924 0.181321 0.00660483
0.183838 0.00610807 0.182019 0.00601202
0.183214 0.00858455 0.181835 0.00844746
0.185402 0.0119696 0.183744 0.0115179
0.18361 0.0090573 0.181801 0.00911487
0.188934 0.00762401 0.187043 0.00774306
0.181278 0.00848002 0.179922 0.0074485
0.194161 0.00895855 0.192437 0.00891044
0.185254 0.00736188 0.183634 0.00725354
0.186328 0.0114608 0.184654 0.0117252
0.187311 0.0127094 0.185495 0.0125946
0.193042 0.0085342 0.190955 0.00858547
0.185804 0.00938118 0.184214 0.00873946
0.180627 0.0107839 0.178723 0.0105761
0.184188 0.00842407 0.182234 0.00794056
0.183219 0.0114967 0.182014 0.0108486
0.182725 0.0120794 0.181067 0.0122943
0.188322 0.0112912 0.186241 0.0111656
0.184602 0.015093 0.18329 0.0151084
0.187408 0.0117982 0.186037 0.0113871
0.18545 0.00619049 0.184722 0.00610803
0.179703 0.0104297 0.177906 0.0107582
0.185703 0.0130197 0.184574 0.013119
0.185581 0.0064746 0.184256 0.00571517
0.185206 0.0101641 0.184324 0.0101477
0.187324 0.0104898 0.186108 0.0110002
0.19102 0.0120632 0.190081 0.0118903
0.189779 0.00913397 0.187933 0.00915335
0.192477 0.00921831 0.190821 0.0090285
0.189566 0.0126713 0.188306 0.0125062
0.188812 0.0122169 0.18754 0.0115008
0.189059 0.0122064 0.187801 0.0124304
0.192193 0.00866787 0.190519 0.00882549
0.194896 0.0149066 0.193383 0.0150202
0.185762 0.0153069 0.183866 0.0158261
0.197013 0.0172285 0.194673 0.0167503
