0.525418 0.000908382 0.517832 0.000953375
0.793323 0.000772035 0.783948 0.000847398
0.793976 0.000935429 0.784669 0.000674733
0.79475 0.00164603 0.785854 0.00151306
0.80095 0.00891088 0.791327 0.00770123
0.802677 0.00932356 0.795027 0.0102146
0.8028 0.0132777 0.794433 0.0127142
0.802675 0.0059664 0.794718 0.00596003
0.814788 0.0127669 0.805388 0.0121756
0.818684 0.0231499 0.81001 0.0218539
0.812509 0.0176492 0.803285 0.0168102
0.81263 0.00946946 0.803642 0.00710986
0.819204 0.010294 0.807651 0.00903508
0.816515 0.0073277 0.808648 0.00677388
0.830605 0.0181071 0.820863 0.0158671
0.815126 0.00485135 0.8055 0.00430978
0.823615 0.0147732 0.814575 0.0126597
0.833693 0.0136906 0.823544 0.0116496
0.836761 0.0143459 0.823799 0.0140898
0.838589 0.0156895 0.827818 0.0150419
0.838147 0.0129533 0.827858 0.0102552
0.833275 0.0128549 0.823804 0.0108647
0.84305 0.0143355 0.832978 0.0136296
0.84503 0.0133467 0.834121 0.0120229
0.845738 0.0112867 0.834425 0.0111291
0.838759 0.00856152 0.827108 0.00566445
0.849277 0.00901461 0.836305 0.0104217
0.844967 0.00738188 0.835151 0.00726268
0.841847 0.00560677 0.830119 0.00480846
0.84967 0.00715466 0.838933 0.00767848
0.849235 0.00868318 0.84079 0.00737444
0.849575 0.0101724 0.839462 0.0100817
0.851606 0.00900798 0.841956 0.00888573
0.847571 0.00448218 0.838401 0.00451212
0.85809 0.00849754 0.847359 0.00739991
0.858934 0.00647384 0.849183 0.00472639
0.862696 0.00668089 0.853741 0.00414193
0.862008 0.00442119 0.851568 0.00429524
0.856983 0.005735 0.845155 0.00493391
0.856618 0.00700406 0.845785 0.00531661
0.866116 0.00554105 0.853023 0.00435802
0.863033 0.00493084 0.850317 0.00529117
0.863819 0.00672861 0.852304 0.00484758
0.86358 0.00593774 0.851041 0.00660099
0.862685 0.0060879 0.850445 0.00561109
0.866216 0.00526199 0.855336 0.00472799
0.86619 0.00682745 0.854649 0.00533013
0.867592 0.0053634 0.855784 0.00461211
0.867681 0.00590734 0.856033 0.0068825
0.869404 0.00427415 0.857202 0.00385155
0.86734 0.00423949 0.856232 0.00391354
0.869419 0.00345883 0.857117 0.00363263
0.866694 0.00502955 0.857791 0.00467337
0.870864 0.00200162 0.858714 0.00315169
0.871306 0.00410058 0.860186 0.00468631
0.870746 0.00369281 0.860449 0.00376188
0.875827 0.00529518 0.863089 0.00442283
0.871333 0.00389553 0.859076 0.00309503
0.871348 0.00348848 0.860932 0.00172694
0.877162 0.00540993 0.864471 0.00378187
0.873866 0.00415786 0.861482 0.00231407
0.871032 0.00372218 0.86069 0.00315754
0.873776 0.00459389 0.863773 0.00387611
0.877279 0.00416337 0.866012 0.00385651
0.878089 0.00309378 0.866522 0.00265869
0.873261 0.00292238 0.862537 0.00220224
0.879027 0.00385788 0.864805 0.00358468
0.880978 0.00700945 0.869318 0.00726637
0.879077 0.00439771 0.86928 0.005453
0.880558 0.00481235 0.869161 0.00430532
0.881517 0.0026552 0.868653 0.00297627
0.879838 0.00407416 0.868491 0.00387343
0.880117 0.00286602 0.868329 0.0036861
0.880651 0.00333865 0.868207 0.00320289
0.879867 0.00333364 0.869676 0.0037493
0.881021 0.00404597 0.870901 0.00392938
0.881571 0.00575584 0.868728 0.00491078
0.882473 0.00575685 0.871495 0.00501623
0.883393 0.0039782 0.873394 0.00301231
0.884705 0.00395974 0.874443 0.00491462
0.880633 0.00271081 0.869473 0.00310879
0.884019 0.00411171 0.873063 0.00302467
0.88423 0.00548203 0.87238 0.00507674
0.884616 0.00618446 0.872702 0.00407492
0.883691 0.00442239 0.871311 0.00346428
0.883925 0.00362547 0.872662 0.00312774
0.885886 0.00301475 0.875399 0.00227377
0.884606 0.00387484 0.873603 0.00439174
0.891154 0.00637939 0.878944 0.00689603
0.885097 0.00374308 0.874513 0.0037595
0.888478 0.00564245 0.878209 0.00353564
0.889292 0.00323723 0.875435 0.00201812
0.884768 0.00497236 0.875141 0.00425112
0.884736 0.00382331 0.8756 0.00413074
0.889941 0.00447148 0.878528 0.00360911
0.890499 0.00309909 0.879533 0.00500478
0.889611 0.00609447 0.877232 0.00631658
0.891545 0.00398337 0.879945 0.00488322
0.890597 0.00495124 0.880328 0.00249923
0.890389 0.00506551 0.879758 0.00441737
