0.0638726 0.0262626 0.0639675 0.0257289
0.0495467 0.00474626 0.049815 0.00458353
0.052113 0.00855661 0.0523247 0.00834893
0.0561838 0.0107296 0.0562765 0.010476
0.0548924 0.0151122 0.0550349 0.0148234
0.0450512 0.00445104 0.0454201 0.00431018
0.050467 0.0162032 0.0507416 0.0159154
0.049983 0.0114786 0.050222 0.01121
0.0549074 0.0212063 0.0550393 0.0207896
0.0435896 0.00645673 0.0440162 0.00625981
0.054575 0.0352467 0.0547634 0.0347354
0.0576118 0.0337459 0.0579131 0.033187
0.0576502 0.0331221 0.0578585 0.0325109
0.0632042 0.0420334 0.0633583 0.0414845
0.0472615 0.0195165 0.0476822 0.0192252
0.0460129 0.0139352 0.0463766 0.0136279
0.0460077 0.0135011 0.0463582 0.0132021
0.0436132 0.0131647 0.0440337 0.012855
0.0393535 0.00343353 0.0399071 0.00334907
0.0392531 0.00322544 0.0397609 0.00308644
0.0413228 0.006615 0.041838 0.00642536
0.040356 0.00629955 0.040851 0.00606075
0.047296 0.0113705 0.0476936 0.0110406
0.048134 0.0162778 0.0483732 0.015869
0.0389196 0.00345427 0.0394973 0.00321571
0.0459595 0.0231446 0.046521 0.0228469
0.042653 0.00511939 0.043181 0.00509403
0.0453858 0.0109954 0.0458905 0.0109459
0.0447677 0.0103219 0.0451426 0.0100068
0.0403849 0.00569444 0.0409685 0.00552931
0.0460694 0.0202405 0.0465367 0.0199067
0.0572998 0.0374032 0.0577258 0.0368858
0.0400276 0.00513935 0.0405676 0.00503731
0.0471341 0.0166794 0.0477387 0.0165097
0.0444054 0.0221275 0.0450912 0.0219651
0.060273 0.0423153 0.0605335 0.0416685
0.0447819 0.00939995 0.0452443 0.00910278
0.0472969 0.0196316 0.0476487 0.0193869
0.0578241 0.029604 0.0580556 0.0291491
0.0591725 0.0261151 0.059336 0.0256522
0.0459994 0.0103783 0.0464891 0.0101494
0.045023 0.00807333 0.0454144 0.00783207
0.0404024 0.00466674 0.0410726 0.00463865
0.050787 0.0198065 0.051357 0.019818
0.0513998 0.0158928 0.0515679 0.0155577
0.0453526 0.00973165 0.0459995 0.00978888
0.0389854 0.0045522 0.0395771 0.00447506
0.0378423 0.00383905 0.0383946 0.00378856
0.0501021 0.021109 0.0505509 0.0208608
0.0641938 0.0419659 0.0644495 0.0413705
0.0369878 0.00342396 0.0375433 0.00335626
0.0414809 0.00637617 0.042044 0.00626241
0.0433605 0.0104323 0.0439091 0.0102465
0.048814 0.0128679 0.0493416 0.0127833
0.0490975 0.0300091 0.0495234 0.0294305
0.0431206 0.00762011 0.0435829 0.0075
0.0510487 0.00999965 0.0514168 0.00999059
0.0472793 0.0180894 0.0477499 0.0176462
0.056979 0.0337192 0.0573897 0.0331444
0.0436882 0.0118165 0.0442547 0.0116126
0.0452696 0.00934541 0.0458609 0.00917209
0.0465959 0.00966637 0.0469798 0.00955824
0.0441548 0.0101533 0.0448192 0.00984176
0.0406445 0.00450773 0.0411797 0.00432582
0.0459162 0.0102599 0.0462869 0.0100696
0.037881 0.00243136 0.0385358 0.00239001
0.0490992 0.0120159 0.0495833 0.0118215
0.0371512 0.00436883 0.0378497 0.00447232
0.0483737 0.0138685 0.0490597 0.013886
0.0421798 0.00670806 0.0428744 0.00665957
0.064418 0.0368646 0.0649703 0.0364434
0.0584743 0.0401053 0.0587996 0.0397122
0.0471964 0.00706277 0.0477239 0.00698431
0.0607689 0.0327648 0.0611246 0.0322177
0.0562794 0.0361546 0.0567594 0.0355882
0.044455 0.0119588 0.045077 0.0117291
0.0441825 0.0121575 0.0447558 0.0121053
0.0432625 0.00490415 0.043896 0.00484943
0.0489394 0.0120301 0.0495099 0.0119078
0.0447128 0.0143895 0.0451364 0.0140893
