0.0467571 0.00147039 0.0472431 0.00144527
0.0471441 0.00221517 0.047634 0.00217611
0.0464205 0.00290423 0.0469477 0.00302305
0.0435632 0.00252941 0.0440577 0.00249209
0.0438927 0.00203892 0.0443908 0.00203542
0.0419709 0.00434363 0.0425232 0.00427145
0.0416384 0.00364015 0.0422361 0.00366092
0.04054 0.0044077 0.0411233 0.00439861
0.040398 0.00365356 0.0409359 0.00354042
0.0384901 0.00159698 0.0390739 0.00162991
0.0396684 0.00418838 0.0403379 0.00433391
0.0368706 0.00173289 0.0375027 0.00171897
0.0367711 0.00127904 0.037325 0.0012608
0.0396066 0.0026739 0.0401743 0.00266249
0.0369117 0.00244428 0.0374978 0.00242349
0.0375065 0.00224683 0.0380914 0.00220265
0.0372937 0.00204923 0.0379113 0.00203031
0.0383573 0.00368437 0.0390195 0.00366616
0.0380532 0.00527984 0.0386603 0.00521891
0.0363882 0.00219335 0.0370351 0.00218363
0.0373425 0.00270788 0.0379717 0.00271675
0.0366736 0.00192448 0.0372928 0.00192936
0.0369931 0.00258592 0.0376547 0.00258513
0.038198 0.0035377 0.0389027 0.00362559
0.0419075 0.0127663 0.0426163 0.0128855
0.0370937 0.00163458 0.0376978 0.00157271
0.0369744 0.00308559 0.0376259 0.00312451
0.0360162 0.00220902 0.0366386 0.00225048
0.0409741 0.00468339 0.0416699 0.00475886
0.0368033 0.00224466 0.0374393 0.00227909
0.038558 0.006651 0.039192 0.00667311
0.0356671 0.00313687 0.0362683 0.00308749
0.0367149 0.00394766 0.0374218 0.00400895
0.0357825 0.00361826 0.036398 0.00355364
0.0369449 0.00523757 0.0375544 0.00521367
0.038726 0.00373757 0.0393944 0.00374157
0.0374149 0.00330669 0.0380527 0.0033531
0.0371796 0.00230573 0.0378236 0.00233337
0.0358226 0.00176767 0.0364551 0.00176673
0.0376003 0.00471548 0.0381971 0.00472529
0.0359876 0.0021506 0.0366926 0.00213215
0.0357734 0.0020257 0.0364392 0.00206668
0.0347874 0.00232198 0.0354339 0.00233304
0.0388148 0.00748486 0.0394199 0.00736949
0.0351717 0.00182506 0.0357806 0.00184397
0.0355805 0.00197026 0.0362285 0.00194628
0.0360785 0.00328298 0.0367204 0.00324642
0.0367734 0.0028274 0.0374598 0.00283239
0.0354754 0.00227159 0.0361362 0.00229737
0.0355221 0.00165577 0.0361248 0.00160161
0.0354526 0.00237957 0.0361043 0.00242235
0.0366952 0.00289961 0.0373153 0.00293503
0.0364005 0.00319113 0.036986 0.00315813
0.0358038 0.00341771 0.0365264 0.00352713
0.0360539 0.0033561 0.036779 0.00346835
0.0354272 0.00432682 0.0360812 0.0044564
0.0347485 0.00213815 0.0354163 0.00220339
0.0379152 0.00449918 0.0385923 0.00451611
0.0338657 0.00207414 0.0345106 0.00215879
0.0342514 0.00257847 0.0348902 0.0026486
0.0350397 0.00345576 0.0357119 0.00347837
0.0366048 0.00226078 0.0372094 0.00229515
0.0350829 0.00271616 0.0357625 0.00279446
0.0350466 0.002535 0.0356738 0.00255382
0.0337155 0.00225394 0.0343781 0.00229396
0.0344324 0.00225408 0.035034 0.00225141
0.0346277 0.00273273 0.0352387 0.00275194
0.0346465 0.00339536 0.0352794 0.00346598
0.0355314 0.00384679 0.0361533 0.0038169
0.0366812 0.00243005 0.0372835 0.002389
0.0345811 0.00212526 0.0352055 0.00215098
0.0351701 0.00298849 0.0358113 0.00302854
0.0339478 0.00259561 0.0345503 0.00258849
0.0333191 0.00222215 0.0339654 0.00223788
0.0332323 0.00337914 0.0338653 0.00337402
0.0351082 0.00349751 0.0357142 0.00348903
0.0345905 0.002907 0.0352502 0.00295638
0.0342505 0.00186031 0.0348307 0.00184589
0.0353975 0.00494819 0.0359847 0.00493153
0.0351443 0.00362257 0.0357846 0.00371264
