0.512546 0.00542976 0.50858 0.00530808
0.510485 0.00233549 0.506553 0.00233183
0.521556 0.0129035 0.517489 0.0127165
0.510786 0.00268581 0.50692 0.00263168
0.514264 0.0039001 0.510361 0.00383814
0.513295 0.00268895 0.509489 0.00265697
0.514041 0.00271599 0.510215 0.00269073
0.514522 0.00464254 0.510664 0.00458078
0.513333 0.00385994 0.509506 0.00379585
0.513004 0.00279511 0.509267 0.0027435
0.512123 0.00428662 0.508459 0.00421294
0.512968 0.00362567 0.509331 0.00360044
0.516334 0.00415937 0.512645 0.00410713
0.514347 0.00348197 0.510698 0.00337673
0.518153 0.00823157 0.514352 0.00799294
0.519365 0.0153722 0.515579 0.0150171
0.512063 0.00327518 0.508508 0.00327276
0.512785 0.00237282 0.509242 0.00234889
0.50971 0.00183124 0.50621 0.00188561
0.514486 0.00318933 0.510879 0.0031351
0.512405 0.00442044 0.508926 0.00442372
0.513034 0.00226325 0.509577 0.00219538
0.511661 0.00406761 0.508179 0.00405275
0.511608 0.0052976 0.508138 0.00527029
0.511509 0.00354946 0.508059 0.00356164
0.5088 0.00433373 0.50538 0.00434629
0.507748 0.00779882 0.504292 0.00776966
0.507543 0.00339352 0.504123 0.00336032
0.510133 0.00320625 0.506692 0.00316251
0.506893 0.00401061 0.503502 0.00404748
0.505474 0.00545529 0.502066 0.00547285
0.503975 0.00794933 0.500544 0.00788395
0.508888 0.00335701 0.505519 0.00333463
0.50604 0.00591695 0.502642 0.00590447
0.507278 0.0025823 0.503905 0.00262382
0.502603 0.00837312 0.499278 0.00836966
0.503697 0.00799834 0.500285 0.00791763
0.502704 0.00428571 0.499374 0.00424593
0.502964 0.00484067 0.499574 0.00479822
0.504011 0.00688265 0.500703 0.00690122
0.502197 0.00733598 0.498862 0.00731676
0.493572 0.010358 0.49023 0.0102412
0.495996 0.0100621 0.492739 0.0100015
0.499988 0.00723178 0.496643 0.0072228
0.499093 0.00793292 0.495772 0.00785481
0.49525 0.00912906 0.491931 0.00907451
0.499338 0.00885732 0.496049 0.00880311
0.494471 0.0103366 0.491294 0.0102998
0.488654 0.0142151 0.485487 0.0140146
0.495104 0.00847674 0.491817 0.00839024
0.49502 0.00662366 0.491791 0.00650029
0.494556 0.00959249 0.491307 0.00948102
0.492547 0.0117772 0.489394 0.0115894
0.492541 0.00647118 0.489335 0.00636399
0.489216 0.0143782 0.486102 0.0141654
0.493579 0.00942042 0.49035 0.00931626
0.489494 0.00932126 0.486294 0.00917812
0.488388 0.0076717 0.485281 0.00757311
0.484237 0.0184035 0.481276 0.0179496
0.49095 0.00878174 0.487733 0.00867698
0.479055 0.0126551 0.47623 0.0123688
0.485284 0.0123283 0.482304 0.0122074
0.478206 0.011698 0.475373 0.0113808
0.478323 0.0169603 0.475363 0.0168157
0.475954 0.0107799 0.473132 0.0106114
0.482389 0.0128399 0.479463 0.0127211
0.475976 0.0130371 0.47321 0.0127353
0.477411 0.0173038 0.474584 0.0170009
0.471661 0.0216523 0.468869 0.0214336
0.461589 0.0201807 0.459027 0.0199648
0.474531 0.0149854 0.471796 0.014733
0.47449 0.0231506 0.47167 0.0229146
0.464141 0.017416 0.461519 0.0172565
0.469887 0.0198514 0.467245 0.0194515
0.472102 0.0177332 0.469433 0.0174522
0.467106 0.0189626 0.464465 0.0187559
0.465106 0.0219651 0.462459 0.0215463
0.452609 0.0231106 0.450039 0.022935
0.458252 0.0230102 0.455866 0.0226237
0.435987 0.0201592 0.433666 0.01999
