0.536818 0.0220434 0.528607 0.0215925
0.792782 0.000398874 0.784159 0.000583124
0.793951 0.00116163 0.785731 0.000977044
0.797305 0.00365067 0.788919 0.00373693
0.796834 0.00191002 0.78867 0.00224912
0.804693 0.00805413 0.795494 0.00745243
0.804891 0.00650749 0.796561 0.00647116
0.804259 0.00442332 0.796233 0.00497522
0.811579 0.00899496 0.80237 0.00766265
0.818485 0.0136226 0.809523 0.0126462
0.823878 0.0179225 0.816785 0.0172509
0.823159 0.0154801 0.81274 0.0139479
0.821652 0.0151199 0.814459 0.0138551
0.826263 0.0130971 0.816877 0.01165
0.833519 0.0119293 0.822956 0.0124576
0.838355 0.0103989 0.828762 0.00958677
0.835394 0.0135965 0.825728 0.0123743
0.839859 0.0143965 0.82983 0.0126295
0.843697 0.0154264 0.834476 0.0130166
0.847235 0.00757434 0.836007 0.00531214
0.84303 0.0102516 0.83353 0.00846888
0.847648 0.00641749 0.837616 0.00585541
0.853218 0.0090446 0.8442 0.00945206
0.851312 0.00766703 0.842913 0.00592959
0.853225 0.0085628 0.843515 0.00785393
0.853003 0.00810717 0.843539 0.00685306
0.856932 0.00862409 0.846186 0.00820646
0.856451 0.00497845 0.84551 0.00606072
0.860073 0.00896419 0.848879 0.00787071
0.866411 0.00718218 0.855964 0.00705551
0.863099 0.0102876 0.852063 0.0103199
0.863677 0.00762982 0.8542 0.00666598
0.866009 0.0102469 0.857171 0.00753884
0.865217 0.00552247 0.854962 0.00631335
0.869177 0.0071885 0.858245 0.0067323
0.867164 0.00613486 0.857007 0.00531112
0.870788 0.0050058 0.860488 0.00605437
0.877075 0.00929422 0.86632 0.00927798
0.871162 0.00472337 0.858863 0.0055467
0.869594 0.00430388 0.859233 0.00482538
0.87483 0.00624012 0.864206 0.00705974
0.874634 0.00422395 0.861507 0.00432696
0.877525 0.00567419 0.867627 0.0055686
0.875998 0.0061337 0.866559 0.00586694
0.875282 0.00993563 0.864768 0.00827255
0.879249 0.00704071 0.868962 0.00459648
0.879117 0.00478073 0.870377 0.00427534
0.87697 0.00682893 0.867938 0.00624582
0.878889 0.00313066 0.867997 0.00438452
0.884259 0.0147592 0.874549 0.0137508
0.876582 0.00310839 0.865577 0.00238417
0.881024 0.00580144 0.871491 0.0064343
0.879178 0.0053653 0.867864 0.00435178
0.88359 0.00536485 0.872748 0.00615782
0.880779 0.00591266 0.870103 0.00583649
0.883514 0.00794782 0.873458 0.00669303
0.884354 0.00630239 0.874637 0.00640376
0.882815 0.00669773 0.872206 0.00635718
0.883884 0.00434242 0.87389 0.0038907
0.88585 0.00810362 0.875484 0.00547378
0.885175 0.00755295 0.877378 0.0059459
0.8912 0.00411922 0.880154 0.00613447
0.897733 0.0162302 0.885931 0.0164002
0.887446 0.0079874 0.877503 0.00702922
0.894246 0.00773892 0.882684 0.00754853
0.891176 0.00964152 0.880549 0.0103156
0.887104 0.00592669 0.877274 0.00696833
0.892733 0.0063415 0.881809 0.0051011
0.893078 0.00706925 0.882348 0.00565861
0.893507 0.00578086 0.882685 0.00611651
0.893743 0.00619075 0.883837 0.00849322
0.895161 0.00794517 0.886349 0.0073863
0.894044 0.0075145 0.884169 0.00596538
0.89943 0.00711011 0.887132 0.00762116
0.896013 0.00626085 0.885801 0.00728009
0.895084 0.00413246 0.885641 0.00614512
0.898579 0.0107537 0.887798 0.00874446
0.900322 0.00904315 0.890055 0.00874054
0.898232 0.00584039 0.887898 0.00686551
0.900344 0.00660663 0.891431 0.00454108
0.899042 0.00596993 0.890023 0.00532138
0.895858 0.00763371 0.885533 0.00714946
0.898962 0.00863867 0.890112 0.0105188
0.902357 0.00974377 0.892428 0.0109196
0.907012 0.00914706 0.898632 0.00977604
0.902831 0.00977856 0.894951 0.00913569
0.90259 0.00791057 0.891551 0.0112166
0.898481 0.00570523 0.889254 0.00594025
0.90483 0.00875452 0.895889 0.00911426
0.906818 0.0116161 0.895913 0.00997766
0.902281 0.00778418 0.892567 0.00870075
0.90674 0.00936611 0.897603 0.0108611
0.910116 0.0119914 0.900206 0.0111692
0.903089 0.00807203 0.894087 0.00677881
0.907524 0.00812214 0.89804 0.00988688
0.911529 0.0162755 0.902738 0.0169269
0.907838 0.00840139 0.899135 0.00828246
0.913763 0.00718123 0.904444 0.00645854
0.901222 0.00776102 0.892598 0.00789435
0.908815 0.00850544 0.900378 0.00720142
