0.192181 0.0108318 0.191314 0.011085
0.185674 0.00639331 0.184432 0.00667646
0.18827 0.0104544 0.186772 0.010779
0.190223 0.00972332 0.188507 0.00946597
0.188611 0.0092207 0.187117 0.00932822
0.19076 0.00967672 0.189205 0.00999164
0.189609 0.00828344 0.188544 0.0080174
0.188593 0.0113893 0.187365 0.0112747
0.183211 0.011674 0.18176 0.0114183
0.18942 0.0118552 0.188507 0.0119242
0.189708 0.0110555 0.188356 0.0109982
0.196627 0.00826894 0.195115 0.00824843
0.190684 0.00931236 0.189556 0.00935529
0.189517 0.0123318 0.1879 0.0125432
0.188261 0.0137351 0.186724 0.0133336
0.195481 0.00994856 0.194302 0.010091
0.189368 0.0108612 0.187777 0.0108248
0.185912 0.0134362 0.184823 0.0130583
0.186295 0.0127171 0.1847 0.0127714
0.183546 0.00906363 0.182448 0.00932933
0.187683 0.00973673 0.186264 0.010078
0.186301 0.0118101 0.185189 0.0118186
0.188923 0.0118018 0.188338 0.0114235
0.185784 0.0113183 0.184767 0.0113342
0.187156 0.0135808 0.185481 0.013287
0.190314 0.0110325 0.189021 0.0110759
0.19616 0.00960345 0.194626 0.00925568
0.188317 0.0110403 0.187105 0.0110587
0.190592 0.00845248 0.188918 0.0088256
0.195708 0.0105924 0.194261 0.0103571
0.191103 0.0104718 0.189307 0.0108383
0.190271 0.00975711 0.189269 0.00930206
0.188669 0.0102691 0.186973 0.0102445
0.189558 0.00854122 0.18834 0.00888259
0.18786 0.0113203 0.186758 0.0111174
0.192281 0.0122079 0.191193 0.0121354
0.191415 0.0112205 0.189976 0.0114993
0.189006 0.0069995 0.187612 0.00700359
0.189551 0.009931 0.188183 0.0105022
0.186917 0.00898707 0.185165 0.00928769
0.197971 0.0106951 0.196759 0.0109461
0.182284 0.00682033 0.181395 0.00738891
0.194803 0.016156 0.193336 0.0158129
0.19234 0.012152 0.190626 0.0124984
0.187317 0.0119882 0.185735 0.0117091
0.192417 0.00904903 0.191534 0.00872638
0.19737 0.0127894 0.195422 0.0131558
0.191763 0.0107986 0.190569 0.0111291
0.196848 0.0146591 0.195298 0.014406
0.189896 0.00724637 0.188133 0.00713049
0.192053 0.0117304 0.190457 0.0113827
0.189682 0.00908465 0.188251 0.00914296
0.18942 0.0112619 0.188467 0.0113748
0.198395 0.00790303 0.197481 0.00741088
0.194626 0.0105986 0.193411 0.0109666
0.192329 0.00672995 0.191015 0.00703489
0.189514 0.0111534 0.187736 0.0110969
0.190685 0.0121737 0.189074 0.0114035
0.190667 0.00951414 0.18871 0.00957901
0.190313 0.00828167 0.188779 0.00787512
0.186884 0.0130415 0.185632 0.0126585
0.194769 0.0147111 0.193375 0.0147968
0.192242 0.0102627 0.191074 0.0106889
0.1926 0.00824094 0.190984 0.00779853
0.194374 0.00766945 0.192723 0.00783293
0.193052 0.0108623 0.191736 0.0104313
0.18863 0.0100453 0.187017 0.00962427
0.192686 0.0141025 0.191551 0.0135579
0.193354 0.00985988 0.191543 0.0105043
0.200476 0.0115467 0.198808 0.0115779
0.193526 0.012083 0.192687 0.0121042
0.193696 0.00933103 0.192933 0.0094854
0.191545 0.00933696 0.189283 0.00991533
0.194345 0.00980256 0.192745 0.00961755
0.188987 0.00964551 0.187258 0.0102178
0.190874 0.00779145 0.18967 0.00784054
0.196141 0.0108911 0.194842 0.010788
0.194168 0.0099644 0.192603 0.0105958
0.189033 0.00668325 0.187514 0.00712014
0.191837 0.00653991 0.190338 0.00674378
