0.50729 0.00914364 0.503745 0.00924252
0.513113 0.0185899 0.509213 0.0183609
0.543768 0.012205 0.540596 0.012268
0.529185 0.0171928 0.526049 0.0172538
0.537143 0.00902606 0.534033 0.00907041
0.534658 0.00725238 0.531487 0.00731601
0.534282 0.00714365 0.531089 0.00720108
0.540453 0.00499445 0.537336 0.00508035
0.53531 0.00689968 0.532137 0.00698543
0.538288 0.00325272 0.535057 0.00326608
0.539903 0.00258865 0.536712 0.00261622
0.537234 0.00401885 0.533995 0.00401512
0.53634 0.0032365 0.533127 0.00330208
0.53701 0.00227952 0.533647 0.00228109
0.536987 0.00294083 0.533605 0.00298516
0.535058 0.00265465 0.531724 0.00263005
0.534781 0.00401029 0.531271 0.00381796
0.534242 0.00235142 0.530918 0.00236812
0.534993 0.00266548 0.531487 0.00266228
0.533907 0.00344943 0.530347 0.00335672
0.538633 0.0106727 0.534967 0.0103022
0.53604 0.00767966 0.532389 0.00743715
0.532875 0.0034065 0.529293 0.00323634
0.535676 0.00491835 0.531925 0.00471428
0.535126 0.00487699 0.531311 0.00476443
0.542905 0.00878475 0.538801 0.00872433
0.54349 0.0115981 0.53937 0.0113265
0.541864 0.00862268 0.537797 0.00837105
0.544464 0.0101331 0.540261 0.00989819
0.55417 0.0277184 0.549912 0.0273437
0.548229 0.0110225 0.544002 0.0107933
0.554268 0.0136437 0.549868 0.0134319
0.560926 0.0205238 0.556477 0.020329
0.561596 0.018132 0.55736 0.0183011
0.573352 0.0294392 0.56886 0.0292239
0.577251 0.020522 0.572722 0.0203892
0.586987 0.0259224 0.582417 0.0258648
0.602787 0.0317515 0.598261 0.0317137
0.596307 0.0165581 0.591756 0.0165065
0.601462 0.0276705 0.596853 0.0276301
0.619283 0.0157139 0.614687 0.015806
0.629406 0.0235322 0.624761 0.0235242
0.639884 0.0211268 0.635239 0.0212374
0.644437 0.0265301 0.639763 0.0265881
0.64602 0.022797 0.641414 0.0228058
0.664418 0.0164207 0.659717 0.0164885
0.662775 0.0125934 0.658111 0.0126163
0.677534 0.0188577 0.672859 0.0189098
0.683154 0.013821 0.678522 0.013848
0.687659 0.0125001 0.683059 0.0124957
0.694473 0.0132559 0.689882 0.0133341
0.687889 0.0163228 0.683276 0.0164123
0.699519 0.00712068 0.694984 0.00713795
0.693422 0.013314 0.688848 0.0133454
0.702381 0.00522271 0.697947 0.00525134
0.700607 0.0112194 0.696171 0.0112784
0.701075 0.0055794 0.696712 0.00549345
0.701314 0.0104262 0.697022 0.0103124
0.698013 0.00788425 0.693779 0.00779031
0.699218 0.0105931 0.69496 0.010481
0.692262 0.00737123 0.688146 0.0074868
0.694857 0.00720701 0.690735 0.00720282
0.694601 0.00559812 0.69056 0.00552607
0.693938 0.00507453 0.689888 0.00500239
0.69143 0.00349385 0.68748 0.00336749
0.690973 0.00482299 0.687044 0.00474211
0.691011 0.0045194 0.687075 0.00446501
0.683884 0.00627289 0.68016 0.00612941
0.686737 0.00794815 0.68293 0.00777879
0.685638 0.00762533 0.681936 0.00743534
0.684789 0.0106154 0.681133 0.0103268
0.675175 0.00594282 0.671836 0.00571526
0.675338 0.00485722 0.67198 0.00467136
0.675916 0.00719769 0.672558 0.00687292
0.677526 0.00860024 0.674157 0.00833806
0.671871 0.00253724 0.668708 0.0023857
0.67398 0.00802746 0.670789 0.00773207
0.673563 0.0103174 0.670461 0.0100018
0.670603 0.00146602 0.66756 0.00132473
0.671837 0.00413224 0.668707 0.00385942
