0.48516 0.00905508 0.481739 0.00883701
0.51063 0.0199619 0.507008 0.0200295
0.49607 0.0159274 0.492406 0.0157964
0.494504 0.019352 0.490749 0.0191927
0.506072 0.0248709 0.502242 0.0247332
0.494189 0.0158488 0.490282 0.0158795
0.493346 0.0139203 0.48947 0.0138294
0.490237 0.0172517 0.486318 0.0172374
0.494028 0.0180354 0.490079 0.0180877
0.486407 0.0244178 0.482462 0.0242762
0.489806 0.0152822 0.485804 0.015255
0.487778 0.0191878 0.483757 0.019225
0.490971 0.0186746 0.486926 0.0185384
0.485989 0.0161108 0.481956 0.0160909
0.494664 0.023756 0.490674 0.0236614
0.477704 0.0106289 0.473607 0.0105641
0.481721 0.0165605 0.477647 0.0164391
0.477404 0.0204708 0.473414 0.0203361
0.484312 0.0137026 0.480176 0.0136337
0.479412 0.0175271 0.475363 0.0173763
0.482606 0.0244952 0.478655 0.0242912
0.474606 0.0127558 0.470642 0.0126716
0.478015 0.025629 0.474076 0.0253274
0.491003 0.0152458 0.486913 0.0150674
0.468872 0.0260709 0.465057 0.0258765
0.489964 0.0443664 0.485926 0.0439861
0.473415 0.0248821 0.469574 0.0245045
0.477253 0.022734 0.47328 0.0224979
0.4772 0.0215574 0.473422 0.0213768
0.48057 0.0183646 0.47667 0.0181044
0.481376 0.0218634 0.47753 0.0216338
0.480486 0.0194653 0.476493 0.0193634
0.476211 0.0184677 0.472295 0.0182113
0.486834 0.015725 0.482866 0.0156325
0.486321 0.0144578 0.482323 0.0143808
0.47043 0.0148642 0.466591 0.0146107
0.472219 0.026346 0.468453 0.0260289
0.475982 0.027887 0.472158 0.0275188
0.477747 0.0218766 0.473891 0.0216676
0.475007 0.0175802 0.471031 0.0173233
0.474497 0.0140433 0.47058 0.0137874
0.467161 0.0225055 0.463458 0.0223199
0.483361 0.0268163 0.47952 0.026455
0.473427 0.0258142 0.469586 0.0253976
0.462464 0.0164666 0.458631 0.0162692
0.474754 0.0154352 0.47097 0.0152329
0.47136 0.0170095 0.467688 0.0166825
0.47415 0.0228742 0.470506 0.0226021
0.4654 0.0194004 0.461905 0.0191232
0.472319 0.0253131 0.468538 0.0249038
0.463748 0.0126012 0.46031 0.0125275
0.464875 0.0184233 0.461151 0.0180165
0.479098 0.0169089 0.47542 0.0167021
0.464543 0.0209184 0.461027 0.0206751
0.456599 0.0149172 0.453064 0.0145179
0.468061 0.0196496 0.46431 0.0195315
0.459372 0.020634 0.456089 0.0203271
0.47462 0.0388466 0.470994 0.0383271
0.466111 0.028246 0.462758 0.0279354
0.473387 0.0145864 0.469786 0.0142985
0.453738 0.0150038 0.450511 0.0148964
0.464215 0.0246694 0.460684 0.0242596
0.453755 0.0186924 0.450269 0.0182099
0.452398 0.0164296 0.449016 0.0161455
0.458568 0.0140273 0.454963 0.0136581
0.448557 0.0187843 0.445284 0.0184111
0.455925 0.033456 0.452593 0.0330505
0.463467 0.0234248 0.460012 0.023146
0.448455 0.0214865 0.445243 0.0210533
0.461106 0.0220251 0.457583 0.0216344
0.44744 0.0238297 0.444228 0.0234068
0.465719 0.0211871 0.462298 0.0207466
0.464057 0.0209702 0.460671 0.0206361
0.451939 0.0251572 0.448641 0.0249662
0.449666 0.013014 0.446451 0.0127478
0.46492 0.0225381 0.46138 0.0222361
0.461049 0.0206777 0.457578 0.0206255
0.463939 0.0184322 0.460538 0.0183889
0.448413 0.022284 0.445122 0.0218726
0.44465 0.0188573 0.441249 0.0184984
