0.0824735 0.00662964 0.0823027 0.006613
0.0676589 0.00616325 0.0673816 0.00614293
0.0544162 0.0100249 0.0542862 0.0100043
0.0448083 0.00700753 0.0448552 0.00687305
0.0401333 0.00212786 0.0403135 0.00204211
0.0404728 0.0041689 0.0406763 0.00401171
0.0387687 0.00445853 0.0390192 0.00431309
0.0364658 0.00199213 0.0368424 0.00192767
0.0360589 0.00194204 0.0364805 0.00186137
0.0365234 0.00221219 0.0369527 0.00212911
0.0366228 0.00392064 0.0370648 0.00381889
0.0349294 0.0013066 0.0354276 0.00124202
0.0352225 0.0015386 0.0357335 0.00150314
0.0357023 0.00318393 0.0361988 0.00305382
0.0363053 0.00302285 0.0368046 0.00296471
0.0344284 0.00108303 0.0350396 0.00111046
0.035496 0.00151922 0.0360338 0.00146744
0.0348874 0.00169884 0.0354445 0.00166089
0.0346225 0.000844588 0.0352475 0.000860388
0.034827 0.000840228 0.0354323 0.000871094
0.0345393 0.00086869 0.0351245 0.000837299
0.0344016 0.000932223 0.0350299 0.000946209
0.0345431 0.00109106 0.0350998 0.00105929
0.0347547 0.000819616 0.0353382 0.000789048
0.0347647 0.00116284 0.0353857 0.00118599
0.0339594 0.000780994 0.0345591 0.000779595
0.0344701 0.00113168 0.035084 0.00110216
0.0345354 0.000739711 0.0351212 0.00072192
0.0343159 0.00115975 0.0349255 0.00116177
0.0345661 0.000837385 0.0351842 0.000805094
0.034698 0.0011548 0.0353413 0.00113532
0.0338739 0.000974569 0.0344802 0.00100469
0.0343537 0.00118032 0.0349443 0.00118864
0.0341071 0.0007926 0.034753 0.000826018
0.0349427 0.00384129 0.0355439 0.00372684
0.0336493 0.000699958 0.0342516 0.000709117
0.0342443 0.000844494 0.0348537 0.000838429
0.034278 0.00092057 0.0348913 0.000916081
0.0337038 0.00132845 0.0343107 0.00133318
0.0341495 0.00113586 0.0347856 0.00115249
0.0341837 0.000701303 0.0348367 0.000747075
0.034544 0.00139232 0.0351578 0.00135315
0.0342973 0.0011516 0.0349247 0.00118675
0.0339005 0.000698226 0.0344868 0.000730585
0.0341536 0.00126435 0.0347531 0.00127991
0.0339875 0.00145941 0.0346001 0.00148341
0.0338723 0.00109538 0.0345068 0.00114566
0.0334761 0.00130908 0.0340593 0.00132465
0.0337044 0.00134407 0.0343235 0.00138218
0.0333639 0.00114862 0.033994 0.00116823
0.0340105 0.00180614 0.0345958 0.0018512
0.0337733 0.00235951 0.0343505 0.00233288
0.0327913 0.00171466 0.0333773 0.00176239
0.0329233 0.000811553 0.0335445 0.000826531
0.0330949 0.000837462 0.0336929 0.000879755
0.0340989 0.00131399 0.0347497 0.00133168
0.0334075 0.00186699 0.0339941 0.00190852
0.0337754 0.0010361 0.034383 0.00105333
0.0336676 0.00180261 0.0342615 0.00180821
0.0316426 0.00128866 0.0321856 0.00133478
0.0316662 0.00127451 0.0321892 0.00130414
0.0325903 0.00164423 0.0331913 0.00168832
0.0329327 0.0010232 0.0334833 0.00102283
0.032738 0.00241874 0.0333422 0.00246846
0.0324984 0.00184115 0.0330505 0.00187301
0.032257 0.00169924 0.0328373 0.0017252
0.0331338 0.00118408 0.0337253 0.00122081
0.0331894 0.00220389 0.0337994 0.00226348
0.0320097 0.00161732 0.0325589 0.00164266
0.0335246 0.00156715 0.0341253 0.00162787
0.0319722 0.00118692 0.0325152 0.00122661
0.0315461 0.00200999 0.0320938 0.00204625
0.0338837 0.00193442 0.0345375 0.00196205
0.0326708 0.00172487 0.0332793 0.00178287
0.0310139 0.00211634 0.0315757 0.0021735
0.032165 0.00267593 0.0327254 0.00272221
0.0310666 0.00206059 0.0316232 0.0020946
0.0310708 0.00225523 0.0316141 0.00228376
0.031773 0.00301739 0.032338 0.00311077
0.0311859 0.00183526 0.0317414 0.00185398
