0.753695 0.0227449 0.744583 0.0231967
0.796003 0.00473193 0.789155 0.00615789
0.821 0.0316527 0.813521 0.0321772
0.814211 0.0348053 0.806545 0.0342767
0.820095 0.0361134 0.812018 0.0355939
0.847059 0.0420018 0.838261 0.0410721
0.828355 0.0196711 0.82221 0.0196681
0.886022 0.0341729 0.876909 0.0335088
0.838836 0.0312525 0.831448 0.0300502
0.846791 0.0318084 0.839428 0.0317677
0.849442 0.0279702 0.840655 0.0274781
0.860542 0.0258742 0.850595 0.0252511
0.870936 0.0263087 0.862699 0.0268175
0.879924 0.0300636 0.870471 0.0296934
0.878804 0.0294835 0.868389 0.0288927
0.88943 0.0300357 0.879769 0.0300846
0.891997 0.0306038 0.881377 0.0304088
0.873272 0.0192328 0.865842 0.0192599
0.889811 0.0314153 0.882169 0.0326561
0.872791 0.0182689 0.863076 0.0178777
0.88863 0.0234808 0.880461 0.0249208
0.876546 0.0165048 0.867632 0.0172008
0.882387 0.0179483 0.872326 0.0198662
0.895615 0.0236708 0.885129 0.0247687
0.881403 0.0128737 0.870886 0.0117613
0.898643 0.0219854 0.891327 0.0212552
0.91099 0.0199857 0.901962 0.0203373
0.893433 0.0198941 0.885516 0.0204359
0.902375 0.0214134 0.89396 0.0200372
0.907093 0.0289386 0.89876 0.0300702
0.900703 0.023365 0.89123 0.0234451
0.901791 0.0185796 0.89223 0.0163353
0.914626 0.0174999 0.905395 0.0189402
0.911321 0.0175197 0.900557 0.0174499
0.920868 0.0163934 0.913374 0.0152621
0.92007 0.0166662 0.910889 0.0170843
0.916877 0.0206834 0.90755 0.0221654
0.920328 0.0201957 0.912621 0.022596
0.914308 0.0209773 0.904882 0.0207772
0.920719 0.0137033 0.908591 0.0137148
0.92635 0.012441 0.91698 0.0145563
0.918037 0.0233135 0.910029 0.0246806
0.920261 0.0152811 0.909963 0.0188049
0.919363 0.0262454 0.912476 0.028002
0.916516 0.0201462 0.907881 0.0190372
0.919398 0.017296 0.911381 0.0169453
0.911181 0.0142196 0.901317 0.0128349
0.927947 0.0198753 0.917903 0.0196253
0.920327 0.0220577 0.911618 0.0228614
0.91969 0.0149319 0.911671 0.014475
0.921495 0.0173771 0.912318 0.0160616
0.916032 0.0195661 0.909162 0.0216727
0.92702 0.0177562 0.917127 0.0189294
0.927574 0.0246815 0.919597 0.0267878
0.945231 0.0139786 0.939002 0.0131436
0.931504 0.0205147 0.923727 0.0199574
0.930124 0.0263364 0.922539 0.0292071
0.942417 0.0228127 0.936441 0.0262788
0.92601 0.0171311 0.920143 0.0176583
0.935152 0.0156766 0.924838 0.0163135
0.92594 0.0190554 0.916735 0.0188226
0.942407 0.012671 0.933282 0.0132234
0.933568 0.0260959 0.9249 0.0302081
0.934332 0.0255414 0.925748 0.0264181
0.936537 0.0215241 0.926454 0.024537
0.933859 0.0149857 0.927317 0.0159503
0.937446 0.0175381 0.931303 0.0166745
0.939151 0.0179073 0.931102 0.0215859
0.952879 0.0233833 0.945751 0.0254318
0.943684 0.0192291 0.937409 0.0204279
0.939447 0.0173377 0.933569 0.0189578
0.937277 0.0203718 0.929492 0.0230466
0.942449 0.02376 0.938266 0.0244356
0.94436 0.0157479 0.936543 0.0156062
0.936107 0.0142076 0.928735 0.0133587
0.948328 0.0114518 0.940952 0.0111272
0.946463 0.0224945 0.941279 0.0248293
0.95024 0.0213315 0.943423 0.0223951
0.953887 0.0169127 0.947803 0.0172074
0.941157 0.0195901 0.933298 0.0209577
0.946484 0.014443 0.937557 0.0158843
0.931603 0.00909829 0.923304 0.00990915
0.952474 0.019335 0.946367 0.0202234
0.94939 0.018985 0.943526 0.0181683
0.947875 0.0180716 0.94189 0.0186114
0.954458 0.0184441 0.945434 0.0198435
0.957991 0.0146801 0.951023 0.0161641
0.952112 0.0181106 0.946125 0.0180405
0.951681 0.0174756 0.944999 0.0186545
0.951838 0.0200461 0.94565 0.0210375
0.946374 0.0162627 0.941066 0.0175158
0.958911 0.0205824 0.953961 0.020867
0.948557 0.0159266 0.940923 0.0189307
0.94776 0.0112787 0.941918 0.0114757
0.944129 0.00897393 0.937805 0.00946521
0.953135 0.0185979 0.943093 0.0200189
0.959776 0.0138965 0.953938 0.0134685
0.950613 0.0178372 0.942994 0.0170695
0.950417 0.0181519 0.944262 0.0182725
0.949614 0.0119459 0.945074 0.01262
