0.704452 0.00808862 0.700049 0.0091278
0.707337 0.0109307 0.701084 0.00952368
0.700522 0.0163336 0.696894 0.014935
0.710943 0.0220411 0.705252 0.0209426
0.70454 0.0140583 0.698648 0.0135357
0.705755 0.0224749 0.699472 0.0203314
0.70188 0.0151549 0.693544 0.0149356
0.710783 0.0147191 0.704529 0.0149408
0.705782 0.018187 0.699356 0.0165979
0.713066 0.0120674 0.706749 0.0112017
0.702903 0.0142644 0.695341 0.0138953
0.710316 0.0172918 0.704658 0.016459
0.716296 0.0111427 0.709737 0.00971484
0.709809 0.0168394 0.703257 0.0165157
0.704268 0.0161088 0.69868 0.0139461
0.708658 0.0107099 0.702596 0.0101576
0.707859 0.0119992 0.70049 0.0124903
0.70877 0.0175842 0.704299 0.0177634
0.706311 0.0204212 0.699811 0.0217858
0.701863 0.0133459 0.696026 0.0134021
0.720378 0.0155223 0.71501 0.0161542
0.716043 0.0105137 0.708976 0.011324
0.711898 0.0216032 0.706738 0.0224459
0.702403 0.0200414 0.694158 0.020783
0.70382 0.017649 0.698033 0.0186009
0.711118 0.0222149 0.703362 0.0223578
0.703019 0.00962078 0.6965 0.00888208
0.709189 0.0224217 0.701904 0.0198617
0.7037 0.0132993 0.695308 0.0136145
0.715847 0.018863 0.709548 0.0186394
0.709806 0.0221871 0.705766 0.0222659
0.694501 0.0107485 0.688776 0.0086932
0.701177 0.0264423 0.692484 0.0272098
0.706147 0.0187098 0.700588 0.017665
0.696301 0.0206877 0.690294 0.0202918
0.705166 0.0203218 0.697754 0.0203113
0.712109 0.017152 0.70614 0.0163238
0.71227 0.0120116 0.70465 0.0118643
0.697261 0.0164614 0.690436 0.0178617
0.70391 0.0219387 0.696613 0.0195204
0.694995 0.0165412 0.689276 0.0139684
0.693287 0.0130619 0.685866 0.0128225
0.692647 0.0219557 0.686754 0.0225099
0.691761 0.0134456 0.683724 0.0145569
0.699671 0.0172574 0.692896 0.01791
0.701318 0.0188317 0.694739 0.019253
0.694711 0.0203717 0.688922 0.0214857
0.693198 0.0163697 0.68669 0.0164083
0.684694 0.0172516 0.678522 0.0188587
0.703805 0.0190366 0.698343 0.0185872
0.692056 0.0151883 0.683392 0.0118764
0.701468 0.0184778 0.694339 0.019429
0.69514 0.0223264 0.687258 0.0215558
0.691184 0.0181498 0.683083 0.0182455
0.703831 0.0297853 0.698817 0.0280384
0.688667 0.0239912 0.681633 0.0231426
0.691629 0.0122188 0.682525 0.013083
0.693743 0.0138852 0.686911 0.0125057
0.693156 0.0204693 0.68477 0.0200306
0.69192 0.0219228 0.684649 0.0207536
0.687411 0.0191697 0.681856 0.0178246
0.698287 0.0187592 0.69007 0.016253
0.693688 0.0135775 0.687656 0.0129171
0.703049 0.0242005 0.695355 0.0251448
0.686241 0.0164394 0.677399 0.0162134
0.702149 0.0204071 0.693282 0.0215109
0.692409 0.0264513 0.685599 0.024598
0.691221 0.0153739 0.681979 0.0141066
0.694292 0.0171645 0.688891 0.0161101
0.678173 0.0191611 0.66943 0.0198827
0.687106 0.0181801 0.679436 0.0165383
0.691395 0.0173091 0.685582 0.0165435
0.682862 0.0125606 0.674075 0.0143754
0.681661 0.0195558 0.673343 0.0172644
0.698203 0.0210495 0.688576 0.0215532
0.691069 0.0190719 0.684665 0.019286
0.688344 0.0129975 0.680309 0.012638
0.689373 0.0166201 0.681215 0.0165116
0.680916 0.0229179 0.671137 0.0238182
0.684141 0.0150797 0.67613 0.0151378
