0.65598 0.0184864 0.650001 0.0183217
0.654757 0.0168544 0.649202 0.0156249
0.651516 0.0221287 0.645982 0.0206864
0.67045 0.0272848 0.66544 0.0248657
0.642551 0.0255298 0.63568 0.0251485
0.661521 0.0179845 0.656326 0.0171946
0.644509 0.0170638 0.640354 0.0165519
0.659717 0.0197751 0.653396 0.0174739
0.660165 0.0270829 0.655037 0.0263892
0.656893 0.0247887 0.649611 0.0255006
0.663528 0.0347819 0.657035 0.0318576
0.656388 0.022768 0.650822 0.0219272
0.648647 0.0172251 0.642079 0.0177824
0.660137 0.0202746 0.654451 0.0204983
0.651558 0.0219645 0.647078 0.0203731
0.658654 0.021896 0.654378 0.0222939
0.637134 0.0119972 0.630062 0.0132296
0.654281 0.0253241 0.647827 0.0252292
0.651244 0.0232887 0.645554 0.0216343
0.646036 0.0162255 0.640702 0.0171916
0.655928 0.026193 0.650695 0.0271909
0.65414 0.0245238 0.646969 0.0236432
0.650318 0.0310541 0.644758 0.0274577
0.641395 0.0318706 0.636458 0.031349
0.653363 0.0296922 0.647253 0.0281042
0.650614 0.0184411 0.643673 0.0199991
0.651556 0.0229541 0.645474 0.0235177
0.654712 0.0259635 0.649035 0.0256806
0.656426 0.0281774 0.651434 0.0285481
0.648166 0.023072 0.640024 0.0233842
0.656572 0.0281936 0.649544 0.0290218
0.63744 0.0266658 0.628586 0.0267711
0.655976 0.0260577 0.649291 0.025857
0.646923 0.0167767 0.641604 0.0182699
0.6392 0.0247792 0.632927 0.0249701
0.641539 0.0320035 0.635556 0.0291803
0.640013 0.0168035 0.634026 0.0167074
0.653877 0.0217096 0.646283 0.0215373
0.644046 0.0207952 0.637572 0.0214559
0.641534 0.0289336 0.635433 0.0274457
0.641066 0.0174554 0.633944 0.0191578
0.636879 0.0259544 0.627798 0.024274
0.643621 0.0247771 0.637493 0.0262713
0.643405 0.019129 0.637746 0.0175748
0.639947 0.022413 0.633358 0.0209387
0.651459 0.0196867 0.643529 0.0184832
0.631844 0.0252039 0.625359 0.0241949
0.641867 0.0178617 0.636197 0.0205196
0.639219 0.0184552 0.633783 0.0174386
0.643771 0.0188516 0.635314 0.0179017
0.642116 0.0215054 0.635713 0.0207418
0.638014 0.0187937 0.63065 0.0196499
0.638319 0.0325061 0.630976 0.0310521
0.63783 0.0254854 0.630895 0.027767
0.631597 0.0179148 0.624688 0.0173449
0.634216 0.0267781 0.627291 0.0283318
0.628685 0.015939 0.622163 0.014605
0.638931 0.0117429 0.631231 0.0127263
0.637872 0.0197482 0.631527 0.0190522
0.620241 0.0137686 0.611108 0.0133
0.629811 0.0205644 0.624401 0.0207988
0.637506 0.0190125 0.631143 0.0174108
0.641661 0.0233923 0.633899 0.0240414
0.646526 0.0152045 0.638788 0.0138931
0.640596 0.021372 0.632363 0.0207888
0.628731 0.0160608 0.623121 0.0185204
0.625891 0.0221651 0.619295 0.0224257
0.636157 0.0192008 0.630053 0.0183483
0.621641 0.0184919 0.614247 0.0190685
0.633167 0.0253343 0.626537 0.0231056
0.643602 0.0216872 0.637824 0.0184101
0.635777 0.0177632 0.629088 0.0207044
0.632984 0.0243099 0.625622 0.0231288
0.624281 0.0211171 0.616691 0.0215945
0.633237 0.0126087 0.625899 0.0131797
0.632065 0.0268548 0.624667 0.0271675
0.624106 0.0120437 0.616314 0.0135126
0.63079 0.0245111 0.625409 0.0258951
0.634092 0.0246755 0.626048 0.0263348
0.645853 0.0217407 0.640187 0.0199213
