0.788625 1.38404e-06 0.785028 1.59129e-06
0.788627 3.80251e-06 0.785031 4.31446e-06
0.788628 2.23877e-06 0.785032 2.53023e-06
0.788628 1.57152e-06 0.785032 1.8512e-06
0.788628 2.80362e-06 0.785032 3.20785e-06
0.788628 3.20547e-06 0.785033 3.70492e-06
0.788628 3.46251e-06 0.785032 3.92679e-06
0.788629 3.4211e-06 0.785033 3.86445e-06
0.788629 2.50658e-06 0.785033 2.80741e-06
0.78863 1.8919e-06 0.785034 2.15672e-06
0.78863 3.14859e-06 0.785035 3.44394e-06
0.788629 4.34311e-06 0.785033 4.69439e-06
0.788626 6.34695e-06 0.78503 6.65626e-06
0.788616 1.76811e-05 0.785021 1.84048e-05
0.788604 2.69522e-05 0.785008 2.73711e-05
0.788536 4.85871e-05 0.78494 4.97134e-05
0.788458 8.92922e-05 0.784861 9.02113e-05
0.78846 0.000101033 0.784864 0.000101298
0.788055 0.000301288 0.784457 0.000302759
0.787875 0.000326953 0.784279 0.000329362
0.787378 0.00046837 0.783781 0.000470058
0.786909 0.001026 0.783311 0.00102719
0.786201 0.00175107 0.782598 0.00175845
0.783032 0.00261066 0.779425 0.00261448
0.78302 0.00311408 0.77941 0.00312336
0.780768 0.0038912 0.777154 0.00390077
0.774191 0.0050118 0.770547 0.00503296
0.769384 0.00896851 0.765706 0.00901461
0.764358 0.0113016 0.760661 0.0113537
0.75935 0.0107436 0.755616 0.0108097
0.759688 0.0133577 0.755955 0.0134361
0.75264 0.0120686 0.748847 0.0121448
0.742063 0.0111203 0.738166 0.0112307
0.739044 0.0139093 0.735104 0.0140318
0.738437 0.0126449 0.734493 0.0127777
0.734121 0.0103352 0.730107 0.0104646
0.729988 0.00595922 0.725894 0.00607496
0.728889 0.00611865 0.724764 0.00622633
0.730143 0.00829653 0.726019 0.00844645
0.725472 0.00085043 0.721247 0.000900112
0.72616 0.00322111 0.721934 0.00332104
0.725328 0.00247837 0.721072 0.00255606
0.724901 0.000743946 0.720623 0.000790173
0.725396 0.002011 0.72113 0.00209431
0.724792 0.00127991 0.720489 0.00134401
0.724534 0.00058124 0.720213 0.000614099
0.724528 0.000982635 0.720209 0.0010397
0.724244 0.000351188 0.719907 0.000368713
0.724257 0.00090512 0.719929 0.000938895
0.723728 0.000699707 0.719377 0.00071257
0.723694 0.000918442 0.719343 0.000921761
0.722436 0.0014636 0.718089 0.00146158
0.721544 0.00225759 0.717207 0.00226648
0.720709 0.00227298 0.716382 0.00225693
0.721638 0.00168913 0.7173 0.00168733
0.71975 0.00319328 0.715438 0.0031797
0.714197 0.00503827 0.709951 0.00497745
0.712966 0.00651514 0.708742 0.00642201
0.709581 0.00749686 0.705411 0.00739816
0.709561 0.00741016 0.705401 0.0073131
0.70672 0.00530607 0.702595 0.00522693
0.703746 0.00428398 0.699676 0.00421662
0.700603 0.00517398 0.69659 0.00508469
0.704098 0.0087744 0.700043 0.00862224
0.699398 0.00403127 0.695434 0.0039527
0.700144 0.00807244 0.696187 0.0079594
0.696172 0.00307517 0.692279 0.0030021
0.69717 0.00292486 0.693275 0.00286428
0.696874 0.006065 0.692984 0.00593813
0.691648 0.0039962 0.687866 0.00390555
0.693553 0.00507469 0.689739 0.00497837
0.69149 0.00620437 0.687715 0.00607878
0.690013 0.00895512 0.686284 0.00875401
0.688887 0.0104806 0.685207 0.0102356
0.688609 0.00789463 0.684918 0.00769588
0.688386 0.0155548 0.68474 0.0151927
0.681417 0.0106371 0.677947 0.0103512
0.68272 0.0130732 0.679258 0.0127205
0.685864 0.0155094 0.682342 0.0151018
0.67727 0.0100499 0.673997 0.00971641
