0.112312 8.9918e-06 0.111739 9.25667e-06
0.112316 1.45422e-05 0.111742 1.43869e-05
0.112315 5.65874e-06 0.111742 5.59696e-06
0.112315 6.48029e-06 0.111741 6.60521e-06
0.112317 7.35185e-06 0.111743 7.30497e-06
0.112315 6.85505e-06 0.111742 6.89524e-06
0.112324 1.08236e-05 0.111751 1.09196e-05
0.11232 4.82905e-06 0.111747 4.76307e-06
0.112322 7.80791e-06 0.111748 7.64417e-06
0.112322 1.09752e-05 0.111748 1.09948e-05
0.112319 8.2743e-06 0.111745 8.32556e-06
0.11231 1.03484e-05 0.111736 1.04436e-05
0.1123 2.03508e-05 0.111726 1.99227e-05
0.112269 5.66985e-05 0.111695 5.66539e-05
0.112205 7.10004e-05 0.11163 7.14129e-05
0.112065 0.000111501 0.111491 0.000110943
0.111889 0.000250944 0.111315 0.00024905
0.111556 0.000361882 0.110985 0.000360358
0.111229 0.000559435 0.110658 0.000557403
0.110402 0.000912662 0.109833 0.000909191
0.106938 0.00183434 0.106381 0.00182659
0.105533 0.00240869 0.104986 0.00239513
0.106018 0.00354756 0.105464 0.00353371
0.0996472 0.00521553 0.0991227 0.00519947
0.0918877 0.00650956 0.0913853 0.0064878
0.0919013 0.00946148 0.0914113 0.0094247
0.0892542 0.00997365 0.0887679 0.00992916
0.08182 0.00660867 0.0813689 0.0065913
0.0788131 0.00679634 0.078373 0.00677243
0.0710678 0.00426703 0.0706576 0.00425531
0.0727274 0.00891357 0.0723116 0.0088916
0.0701431 0.00747548 0.0697288 0.00744899
0.0687847 0.00532361 0.0683796 0.00531318
0.0668128 0.00101486 0.0664195 0.0010157
0.0660281 0.000466775 0.0656334 0.000460201
0.0661527 0.000543871 0.0657578 0.000539912
0.0659133 0.000496712 0.0655226 0.000491225
0.0658393 0.000488868 0.065449 0.000481135
0.0657043 0.000295761 0.0653168 0.000295727
0.0657145 0.00022398 0.0653287 0.000227227
0.0655315 7.34678e-05 0.0651447 7.44045e-05
0.0656144 0.000176618 0.0652272 0.000175644
0.0654218 0.000144672 0.065037 0.000143588
0.0653778 0.000313161 0.0649959 0.000309783
0.0653644 0.000479694 0.0649834 0.00047869
0.065319 0.000882065 0.0649403 0.0008828
0.0648864 0.000600945 0.0645121 0.000595586
0.0647347 0.000674919 0.0643616 0.000665966
0.0629103 0.00158426 0.0625597 0.00156391
0.0631992 0.00187744 0.0628441 0.00185201
0.0613568 0.00160994 0.0610221 0.00159517
0.0610083 0.00305847 0.060685 0.00301596
0.0574326 0.00291664 0.0571511 0.00287805
0.055537 0.00343199 0.0552976 0.00337855
0.052793 0.00189214 0.0525909 0.00185255
0.0546078 0.00395785 0.0543753 0.00389406
0.0518598 0.00310155 0.0516792 0.00304074
0.0513574 0.00326536 0.0511762 0.00321421
0.0496255 0.00259738 0.0494851 0.00254631
0.0498821 0.00139388 0.0497471 0.00137891
0.048617 0.000546632 0.048494 0.000543156
0.0482989 0.00143888 0.0481903 0.00142478
0.0478113 0.00136747 0.0476987 0.00134652
0.0476868 0.002971 0.0475716 0.00292473
0.0471701 0.00376719 0.0470618 0.00371924
0.0463148 0.00287029 0.0462179 0.00284656
0.0454737 0.00277167 0.0453873 0.00275536
0.0438395 0.00171424 0.0437704 0.00169662
0.0439371 0.00380602 0.0438663 0.00376926
0.0440154 0.00375893 0.0439422 0.00372724
0.0424618 0.00416499 0.0424077 0.00412834
0.0408865 0.0034376 0.0408513 0.00340613
0.040074 0.00169011 0.0400443 0.00166495
0.0394436 0.0014625 0.0394314 0.00143994
0.0418414 0.00541339 0.0418071 0.00536342
0.0396228 0.00160794 0.0396055 0.00157922
0.0387771 8.82117e-05 0.0387812 8.21167e-05
0.0391305 0.000782465 0.0391254 0.000764276
0.0406133 0.00409626 0.0405968 0.00404813
0.0388174 0.000109234 0.0388219 0.000101902
