0.0456553 0.00145788 0.0461171 0.0014152
0.114916 0.000785157 0.113215 0.000761724
0.117019 0.00222543 0.1153 0.00197561
0.127738 0.0198421 0.126395 0.0197071
0.131475 0.0143977 0.129403 0.0140692
0.137553 0.0150596 0.136828 0.0158324
0.149953 0.0266881 0.148115 0.0260927
0.147846 0.0192689 0.145621 0.019292
0.155012 0.0194516 0.153658 0.0192039
0.18056 0.031182 0.178145 0.0299376
0.169735 0.0179455 0.167563 0.0164114
0.167434 0.0163643 0.165691 0.015296
0.176342 0.0188217 0.174978 0.0185116
0.186964 0.0214541 0.184959 0.0206292
0.1994 0.0166866 0.196383 0.0160929
0.20706 0.0270499 0.205597 0.0274593
0.200646 0.0182022 0.19778 0.0178565
0.21573 0.0186847 0.212924 0.0186676
0.207126 0.0130451 0.206118 0.0128395
0.220978 0.0162676 0.21813 0.0155311
0.221368 0.00953933 0.219693 0.00901285
0.224558 0.0112282 0.221567 0.010868
0.233916 0.0094025 0.231229 0.0086532
0.23796 0.017383 0.233702 0.0166077
0.242529 0.0146739 0.240127 0.0143081
0.244681 0.0139566 0.241613 0.0128889
0.24977 0.00640512 0.245041 0.00586753
0.249807 0.0100161 0.24795 0.00894308
0.250237 0.0141272 0.246956 0.0136616
0.257578 0.0117178 0.254446 0.0110846
0.26001 0.0119196 0.255589 0.011587
0.266812 0.00992097 0.264009 0.0101704
0.274394 0.0124561 0.270096 0.0115749
0.272008 0.0049199 0.269466 0.00479996
0.279224 0.0146873 0.274332 0.015797
0.275435 0.0121829 0.271829 0.0118039
0.284056 0.00847923 0.279595 0.00736735
0.285903 0.00871615 0.281557 0.00897146
0.287432 0.0114958 0.283549 0.0108069
0.286327 0.00676013 0.283661 0.00613778
0.291034 0.0120371 0.288873 0.0139871
0.297225 0.0156788 0.293713 0.0155266
0.293905 0.00971995 0.289464 0.0103039
0.30884 0.0202519 0.304001 0.0189485
0.312217 0.0114199 0.307443 0.0107799
0.300942 0.0158091 0.295865 0.0159841
0.309889 0.0146488 0.304135 0.0148031
0.317863 0.0146385 0.310685 0.0120428
0.310759 0.0108415 0.30667 0.0114142
0.316857 0.0135878 0.313781 0.0139052
0.322719 0.0158313 0.31779 0.0151462
0.326932 0.0141234 0.322882 0.0125075
0.319392 0.00901647 0.31627 0.00887154
0.330007 0.0162365 0.325395 0.0147179
0.334524 0.0189527 0.330489 0.0197975
0.327952 0.0185313 0.324796 0.0166665
0.340498 0.0133131 0.338223 0.0157582
0.337101 0.0154505 0.332746 0.0137
0.34051 0.0109571 0.337087 0.0114509
0.350479 0.0222034 0.343909 0.0205346
0.33969 0.012473 0.336352 0.0112075
0.350965 0.0155463 0.345031 0.0149949
0.351862 0.0153196 0.347096 0.0149217
0.344207 0.0122576 0.342853 0.0128613
0.355502 0.0212965 0.352798 0.0211163
0.359624 0.0218348 0.353453 0.0211399
0.358228 0.0241453 0.353287 0.0243005
0.37132 0.0173449 0.369068 0.0191262
0.379179 0.0204599 0.372286 0.0191554
0.368294 0.0142824 0.36281 0.0128975
0.396687 0.0200021 0.392832 0.0216972
0.392511 0.033886 0.387848 0.0356125
0.366369 0.0148811 0.36085 0.0155177
0.38884 0.0126202 0.383973 0.0136176
0.389782 0.0168457 0.385699 0.0169465
0.37847 0.0222414 0.373633 0.0220811
0.388132 0.0143529 0.383299 0.0146587
0.389579 0.0159746 0.386701 0.0172685
0.388458 0.0284844 0.385909 0.0289992
0.39217 0.0271308 0.389136 0.0293681
0.399358 0.0229306 0.393732 0.0218095
0.391463 0.0294012 0.387822 0.0257911
0.407792 0.0339565 0.404027 0.0318558
0.39025 0.020373 0.385187 0.0205176
0.398779 0.0179466 0.394934 0.0184257
0.406498 0.0188271 0.402345 0.0195527
0.410607 0.0148796 0.404822 0.0157185
0.422261 0.0195751 0.41803 0.0201498
0.416041 0.0184734 0.412827 0.0189272
0.427942 0.0284266 0.423113 0.0261734
0.434478 0.020242 0.429745 0.0189028
0.430139 0.0255856 0.426182 0.0270743
0.427981 0.0266412 0.423447 0.0260144
0.439611 0.0304772 0.434279 0.0287834
0.423679 0.0195837 0.419907 0.0207819
0.424947 0.0181347 0.423185 0.018337
0.423996 0.0239314 0.418506 0.0209691
0.430445 0.0190053 0.426756 0.0180612
0.434196 0.0208905 0.430912 0.0200844
0.436914 0.0201507 0.432111 0.0212338
