0.108606 0.0100647 0.107428 0.00985169
0.117541 0.00205339 0.116034 0.00227663
0.136263 0.0138115 0.135679 0.0138305
0.145361 0.0141725 0.143328 0.0139318
0.162485 0.0278835 0.161617 0.0284819
0.219855 0.0705466 0.217054 0.068284
0.190584 0.0258615 0.189297 0.0259246
0.251984 0.0750343 0.248529 0.0731888
0.246973 0.04522 0.245921 0.0450187
0.245005 0.0413201 0.243052 0.0403156
0.24445 0.0357965 0.242055 0.0346852
0.28547 0.0838751 0.282707 0.0808815
0.270118 0.0554804 0.26889 0.0529555
0.284102 0.0387003 0.2802 0.0386923
0.306092 0.0620491 0.302442 0.0619093
0.303859 0.0359488 0.300181 0.0355572
0.3267 0.0635715 0.325449 0.0634566
0.327496 0.0308324 0.323211 0.0299885
0.356423 0.0738154 0.353109 0.0738018
0.360982 0.0665508 0.356522 0.0638577
0.354303 0.0645644 0.350141 0.0621767
0.341574 0.0449368 0.336587 0.0436641
0.413872 0.070887 0.407244 0.0691515
0.37404 0.0532556 0.370119 0.0534248
0.389096 0.0510281 0.383635 0.0515945
0.381096 0.0584754 0.37612 0.0580514
0.384249 0.0656342 0.382924 0.0643956
0.428903 0.0717025 0.424032 0.0706811
0.419725 0.060509 0.416658 0.0606841
0.403371 0.0291729 0.398261 0.0291604
0.424641 0.100806 0.418522 0.0980066
0.427349 0.0645939 0.421721 0.0634546
0.433506 0.0541709 0.429906 0.0547834
0.430593 0.040693 0.424667 0.0405717
0.412392 0.0419464 0.408644 0.041807
0.414927 0.0363476 0.410834 0.034674
0.437374 0.0407804 0.429453 0.0404743
0.450874 0.0344907 0.445119 0.0331793
0.466392 0.0965115 0.464785 0.0955839
0.474734 0.0709569 0.468141 0.0711789
0.481047 0.0479089 0.476978 0.0453959
0.46831 0.0550397 0.465907 0.0553679
0.505774 0.0657116 0.504805 0.0632897
0.512292 0.0557819 0.509697 0.0573616
0.500527 0.0871738 0.493551 0.0832404
0.502579 0.052021 0.498759 0.0531428
0.516482 0.077165 0.511233 0.0784414
0.513673 0.0936082 0.508888 0.093612
0.537804 0.0645046 0.529904 0.0594308
0.531606 0.109224 0.527372 0.107173
0.531523 0.0780439 0.526069 0.0774837
0.535641 0.0817539 0.533134 0.0821225
0.531046 0.0603274 0.526891 0.059098
0.56848 0.117612 0.566081 0.118975
0.526106 0.0627789 0.522258 0.0625607
0.562599 0.0621577 0.558888 0.0617088
0.537266 0.0782849 0.532847 0.0784424
0.563409 0.0707392 0.55458 0.0710958
0.569352 0.0799651 0.567247 0.0813155
0.5614 0.103084 0.556686 0.103737
0.60093 0.0948712 0.596173 0.0953991
0.575124 0.075604 0.56847 0.0738526
0.601673 0.085199 0.595009 0.0850026
0.60529 0.0951227 0.600319 0.099423
0.562952 0.0927175 0.557971 0.0879943
0.597679 0.0570064 0.592835 0.0572427
0.604443 0.0735781 0.599429 0.0745915
0.578464 0.0560007 0.571729 0.056903
0.613601 0.0670696 0.607621 0.0661637
0.58782 0.0698846 0.584305 0.0703844
0.623733 0.0629419 0.620046 0.0636632
0.630664 0.0792962 0.625841 0.0783826
0.617251 0.0704456 0.615991 0.0740383
0.64714 0.0664458 0.644624 0.0681449
0.627332 0.100713 0.621035 0.0988692
0.613209 0.0577732 0.609641 0.0570855
0.633814 0.0811921 0.630387 0.0829173
0.631802 0.0364372 0.625228 0.0377746
0.602208 0.0607074 0.598058 0.0576303
0.632157 0.068438 0.62726 0.0686661
0.677425 0.067466 0.675119 0.0683835
0.653085 0.079478 0.649554 0.0818117
0.633721 0.0446983 0.631759 0.0466609
0.64854 0.0545101 0.643662 0.0527823
0.631814 0.0651496 0.62798 0.0608809
0.677231 0.0604358 0.674255 0.0623267
0.668326 0.0601512 0.666821 0.0629169
0.636216 0.0644782 0.630548 0.0629375
0.681555 0.0526711 0.676746 0.0526356
0.680242 0.0724943 0.678522 0.0759322
0.690098 0.0558574 0.684062 0.0572237
0.66443 0.0831573 0.659478 0.0867858
0.700608 0.0535897 0.695115 0.054273
0.651736 0.0564773 0.647535 0.0555976
0.66154 0.0764883 0.659806 0.0766755
0.750038 0.0769824 0.749555 0.0779394
0.688499 0.0614211 0.68443 0.065255
0.727933 0.0818203 0.725638 0.0826169
0.698887 0.109067 0.691695 0.111165
0.682568 0.0648252 0.679404 0.0633055
