0.0601224 0.00884532 0.0601876 0.0086456
0.055572 0.00591383 0.0557175 0.00574125
0.055735 0.00435082 0.0558811 0.00422147
0.0541391 0.00668445 0.0543036 0.00650931
0.0551033 0.00686613 0.055227 0.00666626
0.0561098 0.00784919 0.056172 0.00765596
0.0521079 0.00633644 0.0522627 0.0061874
0.0562 0.0136252 0.0562596 0.0133894
0.0555594 0.00922162 0.0555622 0.00900501
0.0678235 0.0378699 0.0676822 0.0372539
0.0527093 0.00946573 0.0527944 0.00920167
0.0479805 0.00645356 0.0481729 0.00630438
0.0552048 0.0108569 0.0552421 0.0106057
0.0565195 0.0126821 0.0565088 0.0124531
0.048083 0.0122619 0.0483349 0.0119631
0.0455077 0.00511142 0.0457421 0.0049578
0.0433021 0.00583653 0.0435941 0.00568796
0.0471143 0.00831689 0.0473314 0.00811516
0.0577494 0.0332565 0.0577974 0.0327306
0.0494417 0.013231 0.0496373 0.0129529
0.0503329 0.0162847 0.0504983 0.0159357
0.0521359 0.0223207 0.0523657 0.0219404
0.0412008 0.00455479 0.0415811 0.00438239
0.0494464 0.00963614 0.0496051 0.00936739
0.0467919 0.00816258 0.0470714 0.0078699
0.0456493 0.00371569 0.0459387 0.00364692
0.0460946 0.00930146 0.0463731 0.00913215
0.0437756 0.0054371 0.0440655 0.00527108
0.0465934 0.0133282 0.0468279 0.0129742
0.0545325 0.0344665 0.0547211 0.0339431
0.0422992 0.00357764 0.0426714 0.00354244
0.0456568 0.00693425 0.045976 0.00685327
0.0466462 0.00704992 0.0469516 0.00702323
0.0556423 0.0271675 0.0558283 0.0266513
0.0470749 0.00670278 0.0473213 0.00650782
0.0483864 0.00977256 0.048644 0.00945132
0.0475017 0.00880752 0.047745 0.00851769
0.0427161 0.00447201 0.0430692 0.0043073
0.0483109 0.0114979 0.048516 0.0112739
0.0467946 0.0106547 0.0471063 0.010453
0.0482554 0.0129623 0.0485444 0.012674
0.0525773 0.0211261 0.0528582 0.0208515
0.0476558 0.020076 0.0480371 0.0197204
0.045644 0.00661702 0.046075 0.00656115
0.0443825 0.00653293 0.0446725 0.00633335
0.0485757 0.0167879 0.0489459 0.0165567
0.0591602 0.0209877 0.0592169 0.0206251
0.0414749 0.00393009 0.0419228 0.00386591
0.042545 0.00450157 0.043007 0.00444359
0.0505536 0.0164156 0.0508083 0.0161014
0.0500676 0.00696928 0.0503268 0.00676867
0.0463461 0.00670927 0.04663 0.00647967
0.041635 0.00388078 0.0421391 0.00384395
0.0548277 0.0250531 0.0551058 0.0248494
0.046549 0.00686148 0.0469505 0.00665231
0.0463734 0.00907745 0.046731 0.00879753
0.0461502 0.0143579 0.046566 0.0141853
0.0413376 0.0039124 0.0418378 0.0037539
0.0411479 0.00387499 0.0417345 0.00387852
0.0449269 0.00590791 0.045183 0.00573547
0.0483062 0.00717397 0.0486003 0.00701783
0.0426098 0.00343311 0.0431344 0.00332272
0.0493963 0.010752 0.0496876 0.0104697
0.0526559 0.0214153 0.0529213 0.0211535
0.0450735 0.00507488 0.0455679 0.00499112
0.0568213 0.0251414 0.0571681 0.0247683
0.0439404 0.0100073 0.044256 0.00982359
0.0407523 0.00336128 0.0412092 0.0032655
0.0537999 0.0162362 0.0540769 0.0158776
0.0537347 0.0204642 0.0539801 0.0201454
0.0487746 0.0107981 0.0491562 0.0105835
0.0455121 0.00835106 0.0459831 0.0081641
0.0416557 0.00359422 0.0421423 0.00357542
0.0455083 0.00683831 0.0459281 0.0066864
0.0530702 0.0114104 0.0535636 0.0111551
0.0472343 0.00890818 0.0475706 0.00873528
0.0498057 0.0129878 0.0501647 0.0127309
0.0430018 0.0041227 0.0434303 0.00402633
0.0448899 0.00749727 0.0453422 0.00730943
0.0457828 0.00579842 0.046179 0.00561715
