0.215346 0.00821764 0.21348 0.00786713
0.212283 0.0076483 0.210646 0.00730646
0.214687 0.00493547 0.2128 0.00428176
0.219204 0.00591897 0.217591 0.00643613
0.21195 0.00525274 0.210084 0.00523823
0.214519 0.00718113 0.213313 0.00724781
0.21455 0.0055535 0.213094 0.0052532
0.213282 0.00648499 0.211166 0.00636776
0.214382 0.00676292 0.212885 0.0066783
0.215803 0.00518104 0.214106 0.0056815
0.212257 0.00613816 0.210431 0.00575804
0.217726 0.00468243 0.215669 0.0053873
0.21425 0.00508091 0.212043 0.00396768
0.216872 0.00768452 0.215203 0.00757854
0.210642 0.00719226 0.208805 0.00751649
0.21435 0.0073776 0.212784 0.00695165
0.215813 0.0053144 0.213829 0.00480473
0.218325 0.00671391 0.216877 0.00602495
0.218059 0.00466239 0.216209 0.00443211
0.217904 0.00458622 0.215918 0.00473085
0.216043 0.00857743 0.214026 0.00922165
0.216314 0.00855562 0.214652 0.00838224
0.219578 0.0108588 0.2184 0.0113766
0.221872 0.00747323 0.220116 0.00748622
0.22214 0.00844589 0.220502 0.00789414
0.219019 0.00766262 0.216952 0.00801114
0.218563 0.00799687 0.216905 0.00792327
0.22164 0.00988663 0.220688 0.00976576
0.222243 0.00971651 0.220156 0.00977981
0.217485 0.00901566 0.215382 0.00867416
0.221201 0.0143804 0.219585 0.0154733
0.219756 0.0123043 0.21791 0.0118459
0.213793 0.00598142 0.212225 0.0059735
0.220591 0.00901529 0.217405 0.00912367
0.215839 0.00549707 0.214321 0.00466765
0.220701 0.00916617 0.218166 0.0079907
0.218997 0.0080152 0.21699 0.0073412
0.221408 0.00706048 0.219451 0.00657989
0.21995 0.0140452 0.218245 0.0140031
0.215555 0.0104784 0.214243 0.0102527
0.215119 0.00819905 0.212895 0.00819905
0.216226 0.00579154 0.215427 0.00591062
0.219437 0.00647526 0.217704 0.00662472
0.220278 0.0093348 0.218873 0.00880047
0.216997 0.00412576 0.215122 0.00414461
0.22773 0.00910581 0.225923 0.00840942
0.221698 0.00817371 0.219995 0.00745415
0.222395 0.00476403 0.220649 0.00470406
0.221323 0.00584596 0.219991 0.00640809
0.219444 0.00750947 0.21754 0.00761578
0.220077 0.00551186 0.218059 0.00615557
0.225084 0.00460287 0.223098 0.00434194
0.22419 0.00661063 0.223121 0.0071417
0.223121 0.00698736 0.221388 0.00714909
0.21909 0.00819784 0.217843 0.00791896
0.225137 0.00886245 0.222882 0.00857437
0.224089 0.00959467 0.222277 0.0094421
0.218604 0.00529174 0.216814 0.00570243
0.22027 0.00647231 0.218698 0.00596812
0.223977 0.0128661 0.222359 0.0121573
0.228964 0.019036 0.226597 0.0188584
0.225277 0.007215 0.223274 0.00764675
0.218707 0.00694895 0.21746 0.00623091
0.228954 0.00632668 0.227038 0.00670358
0.222237 0.00510598 0.220278 0.00524931
0.223537 0.0115334 0.222017 0.0118476
0.225572 0.00604231 0.224344 0.00625084
0.22533 0.0108968 0.223188 0.00954039
0.224606 0.0081343 0.223113 0.00762738
0.229968 0.00904686 0.227992 0.00898793
0.220442 0.00673132 0.218323 0.00625995
0.227094 0.00901963 0.225304 0.00900934
0.224587 0.00767335 0.222944 0.00753853
0.22527 0.0110231 0.223317 0.00940864
0.222484 0.00646699 0.222383 0.00714238
0.225716 0.00425897 0.22395 0.00445762
0.227237 0.0129318 0.225379 0.0118807
0.218875 0.00885151 0.217491 0.00858863
0.23273 0.0144409 0.231076 0.0139475
0.2243 0.0063537 0.221404 0.00600245
