0.0512884 0.00697984 0.051255 0.00666493
0.115012 0.000716561 0.113589 0.000432046
0.118782 0.00149814 0.117545 0.00158553
0.12363 0.00500034 0.122093 0.00501406
0.133961 0.00586822 0.132288 0.00526019
0.143561 0.0101397 0.142635 0.0104615
0.152098 0.0153908 0.150905 0.0159407
0.159574 0.0199523 0.158083 0.0198827
0.175233 0.0131955 0.173935 0.0132497
0.181687 0.0122344 0.180091 0.0127784
0.19743 0.0283138 0.194743 0.0270267
0.206797 0.0242325 0.204534 0.0238388
0.20751 0.0161169 0.206611 0.016581
0.22192 0.0254387 0.220004 0.0238058
0.239149 0.0381689 0.237041 0.0374691
0.233458 0.0155354 0.229517 0.015231
0.245639 0.0179523 0.244509 0.0183985
0.257713 0.0169063 0.254001 0.0162798
0.265754 0.0228278 0.264146 0.0220697
0.270026 0.0223579 0.268394 0.0218536
0.268701 0.0158503 0.266046 0.0172278
0.290585 0.0140736 0.286915 0.013534
0.282321 0.0230058 0.279949 0.0219835
0.289509 0.0146452 0.285532 0.0136627
0.297589 0.0285068 0.294735 0.027329
0.314352 0.0442842 0.310254 0.0412193
0.298689 0.0150509 0.295014 0.0142707
0.306502 0.0136672 0.304042 0.0147865
0.310825 0.0206174 0.30783 0.0199537
0.314424 0.0154033 0.310348 0.0153725
0.345555 0.0400371 0.341204 0.0414153
0.329988 0.027129 0.327448 0.0271815
0.352082 0.0472728 0.347827 0.0466882
0.344734 0.0272178 0.342306 0.028269
0.338766 0.0316564 0.335449 0.0294116
0.369558 0.0779965 0.365501 0.0760109
0.361229 0.0328711 0.357196 0.0327863
0.374204 0.0202514 0.371494 0.0206733
0.364717 0.0514157 0.361453 0.0516788
0.357759 0.0144309 0.354564 0.0145408
0.363273 0.0192714 0.35866 0.0189344
0.371452 0.0198329 0.366363 0.0216225
0.382806 0.0202997 0.377124 0.0199272
0.378614 0.0259822 0.374165 0.0251239
0.41181 0.0439683 0.407016 0.0466972
0.393491 0.0285617 0.38864 0.0293244
0.389821 0.0398975 0.386465 0.0412318
0.404237 0.0293013 0.400108 0.0288726
0.426067 0.057078 0.422019 0.0545716
0.394058 0.0221882 0.390067 0.0221452
0.429114 0.0622083 0.423832 0.0630696
0.415383 0.0518206 0.412725 0.0494183
0.415782 0.0327071 0.409672 0.0338447
0.416668 0.0254519 0.415165 0.0284901
0.434164 0.0444962 0.428903 0.0431011
0.428909 0.0536032 0.427382 0.0558885
0.44569 0.0362828 0.441376 0.0346449
0.445034 0.0511521 0.438399 0.0537193
0.447509 0.0407838 0.444001 0.0380896
0.458848 0.0462646 0.453778 0.0470898
0.44287 0.0469687 0.440295 0.0484419
0.460705 0.0411412 0.457834 0.042745
0.476592 0.0712709 0.472711 0.071169
0.459367 0.0408412 0.453218 0.0389782
0.467506 0.0361308 0.463399 0.0354912
0.481318 0.0463779 0.478144 0.0477897
0.46515 0.0220032 0.461095 0.0221109
0.464654 0.0453032 0.461312 0.0444372
0.457663 0.0454582 0.454384 0.0492711
0.494772 0.046801 0.49175 0.0476303
0.476362 0.0336872 0.473792 0.0339785
0.491031 0.0500166 0.485515 0.0496858
0.485266 0.0431416 0.482891 0.0428261
0.49127 0.0490607 0.483524 0.0489711
0.496813 0.0318402 0.493025 0.0349495
0.501539 0.0237677 0.495235 0.0214055
0.482284 0.0362478 0.478712 0.0385145
0.487949 0.0308044 0.481263 0.0315185
0.512487 0.0363728 0.508629 0.0378973
0.540262 0.0608334 0.537455 0.0582156
0.520198 0.0462088 0.516036 0.0478351
0.513018 0.0468981 0.507378 0.05049
0.535914 0.0544425 0.533792 0.0535625
0.540442 0.0539371 0.539252 0.0555446
0.543016 0.0617191 0.540166 0.0602668
0.52444 0.0358342 0.520909 0.0360277
0.56658 0.0690203 0.565596 0.0720719
0.559153 0.056808 0.553034 0.0556655
0.541673 0.0507741 0.53449 0.0499883
0.57291 0.0623563 0.57187 0.0610794
0.590314 0.0613163 0.588864 0.0638057
0.54192 0.0466924 0.539093 0.0436325
0.549345 0.0354637 0.547365 0.0355412
0.561603 0.0394434 0.560229 0.0404659
0.59607 0.0613909 0.590788 0.0665632
0.589409 0.0701133 0.582828 0.0693537
0.5508 0.0263822 0.54681 0.0283379
0.571172 0.0390149 0.568352 0.0386524
0.569269 0.04512 0.564056 0.0461789
0.583203 0.0832223 0.581616 0.0831452
