0.54403 0.00315317 0.540773 0.00309853
0.543768 0.00296863 0.540489 0.00292312
0.54354 0.00425721 0.540288 0.00425344
0.541251 0.0063057 0.537871 0.00627354
0.539841 0.00537219 0.536499 0.00540347
0.537304 0.00529095 0.533882 0.00530524
0.537691 0.0084438 0.534258 0.00849726
0.53145 0.00857932 0.527997 0.00870637
0.537287 0.0195893 0.533734 0.0195953
0.537522 0.00928156 0.534063 0.00925923
0.529405 0.00605896 0.525923 0.00611556
0.525639 0.00805065 0.522099 0.00814773
0.530649 0.0118931 0.5271 0.0119339
0.522606 0.00970773 0.519001 0.0098156
0.528182 0.00922125 0.524579 0.00925066
0.523064 0.0143974 0.519351 0.0143739
0.516702 0.00799028 0.512958 0.00795707
0.516222 0.0117102 0.512554 0.0118332
0.520583 0.0133002 0.516839 0.0133951
0.515206 0.0103966 0.511464 0.0103941
0.514052 0.0115539 0.510354 0.011583
0.517416 0.00916706 0.513713 0.00918956
0.526902 0.0224046 0.523103 0.0222913
0.515897 0.0101131 0.512106 0.0100794
0.510468 0.0156025 0.506671 0.0155306
0.510247 0.00820756 0.506478 0.00822405
0.509036 0.0110903 0.505329 0.0110971
0.509401 0.0074595 0.505603 0.00734091
0.504265 0.00710358 0.500551 0.00703469
0.502722 0.00976718 0.499056 0.00967842
0.510009 0.00925016 0.506257 0.00918156
0.511947 0.00904935 0.508094 0.00889845
0.506471 0.00943057 0.50272 0.00929832
0.508145 0.0114317 0.504375 0.0113023
0.515168 0.013791 0.511277 0.0136207
0.501659 0.00705107 0.497969 0.00694628
0.50318 0.00609662 0.499458 0.00594513
0.504779 0.0106601 0.501071 0.0104837
0.512524 0.0143622 0.508741 0.0141075
0.508986 0.0141811 0.505236 0.0141038
0.50683 0.0140625 0.503097 0.0139461
0.502473 0.0113897 0.498796 0.0111623
0.497598 0.00421852 0.494063 0.00414237
0.502161 0.00684954 0.49847 0.00671733
0.505421 0.0101374 0.501693 0.00988446
0.503395 0.00870003 0.499734 0.00854142
0.498256 0.00603227 0.494685 0.00587045
0.500793 0.00842562 0.497212 0.00824104
0.503054 0.00659293 0.499418 0.00655653
0.507714 0.0121668 0.504019 0.0119808
0.502259 0.0102533 0.498641 0.0100619
0.4962 0.00538963 0.492693 0.00526682
0.502382 0.00560273 0.49876 0.00548209
0.498844 0.00590892 0.495338 0.00576556
0.506537 0.0104835 0.502859 0.0102211
0.500801 0.00661146 0.497186 0.0064305
0.50106 0.00737464 0.497488 0.00721029
0.499549 0.00843516 0.49598 0.00824732
0.501982 0.0140095 0.498385 0.0137183
0.495076 0.00576892 0.491674 0.00562066
0.500505 0.011304 0.496993 0.0110877
0.497823 0.00359621 0.494413 0.0035114
0.497581 0.00651168 0.49411 0.00634962
0.502612 0.0099316 0.499087 0.00979752
0.498509 0.00612393 0.494983 0.0060319
0.495851 0.00475192 0.492406 0.00475155
0.497158 0.00365548 0.493767 0.00355919
0.499395 0.00503768 0.495885 0.00492928
0.496768 0.00434491 0.493326 0.00423713
0.499932 0.00935797 0.496508 0.00923673
0.502544 0.0112007 0.499011 0.0109684
0.496867 0.00514295 0.493499 0.00516021
0.496349 0.0128564 0.492901 0.0126718
0.497696 0.00459653 0.494311 0.00455096
0.495421 0.00777323 0.491951 0.00766943
0.493328 0.00644457 0.489976 0.00641177
0.498867 0.00925251 0.495384 0.00908248
0.498914 0.00733468 0.495537 0.00720757
0.495807 0.00869277 0.49241 0.00854123
0.500762 0.00430251 0.49729 0.00418325
