0.101616 0.00265295 0.101026 0.0026543
0.0987848 0.00390343 0.0981924 0.00390127
0.0976798 0.00242054 0.0970911 0.00241944
0.0986817 0.00336753 0.0980901 0.00336507
0.0997936 0.00340259 0.0992034 0.0034032
0.0986348 0.00240635 0.098044 0.00240816
0.0984472 0.00425172 0.0978621 0.00425015
0.0970966 0.00370124 0.0965082 0.00369711
0.0995769 0.00405296 0.0989905 0.00404976
0.0951364 0.00367974 0.0945502 0.0036755
0.0943433 0.00505148 0.0937536 0.00504282
0.0950772 0.00519458 0.0944864 0.00518734
0.0923055 0.00489778 0.0917249 0.00488987
0.0928351 0.0068233 0.0922504 0.00681139
0.0931279 0.00498001 0.0925499 0.00496963
0.0885653 0.00500349 0.0879858 0.00499047
0.0884332 0.00761832 0.0878562 0.00760389
0.0884646 0.0054881 0.0878935 0.0054746
0.0876506 0.00476648 0.08707 0.00475435
0.0838656 0.00838006 0.0833089 0.00835304
0.0822268 0.00465204 0.0816716 0.00463839
0.0842436 0.00561358 0.0836822 0.0056054
0.0808743 0.00659331 0.0803308 0.00657072
0.0771705 0.00714963 0.0766433 0.00711034
0.083367 0.00934522 0.0828239 0.00930901
0.0790479 0.00916908 0.078512 0.00912826
0.072375 0.0106017 0.0718887 0.0105323
0.0713958 0.00885861 0.0709117 0.00880795
0.0700721 0.00640033 0.0696 0.00636604
0.0687268 0.00734379 0.0682635 0.00729375
0.0669891 0.00837739 0.0665439 0.0083129
0.0587395 0.00958894 0.0584007 0.00948955
0.0591802 0.0127239 0.0588007 0.0126352
0.0521287 0.00996838 0.0518098 0.00987333
0.0463526 0.0073609 0.0460891 0.00728709
0.0514208 0.00729797 0.0511164 0.007245
0.0473586 0.00338107 0.0470818 0.00334759
0.0479145 0.00580229 0.0476345 0.00573326
0.0488889 0.00546528 0.0485853 0.0054082
0.0473219 0.00625862 0.047044 0.00618612
0.0495386 0.0081845 0.0492533 0.00809107
0.0443983 0.00415384 0.0441509 0.00408843
0.0466394 0.00571936 0.0463679 0.00564594
0.0487317 0.00648471 0.0484513 0.0064253
0.0499213 0.00505264 0.049622 0.0050106
0.0495477 0.00581757 0.0492611 0.00576805
0.0461039 0.00618884 0.0458572 0.00611262
0.0520129 0.00502821 0.0517016 0.00499423
0.0459378 0.0029897 0.0456804 0.00296094
0.0493896 0.00491336 0.0491034 0.00486392
0.0477471 0.00482315 0.0474802 0.00476287
0.0524493 0.00497589 0.0521434 0.00494823
0.0498603 0.00446692 0.0495758 0.00442198
0.0509401 0.00585152 0.050648 0.00579568
0.0497177 0.00516961 0.0494338 0.00512866
0.0485079 0.00542427 0.0482397 0.00536701
0.0474022 0.00329872 0.0471449 0.00326393
0.0488615 0.00403385 0.0485915 0.00399595
0.0474594 0.00511873 0.0472123 0.00506114
0.0467812 0.00361402 0.0465413 0.00357943
0.0461142 0.003735 0.0458834 0.00368672
0.0448938 0.00290244 0.0446797 0.00287488
0.0476648 0.00481593 0.0474471 0.00476168
0.0452494 0.00166969 0.045075 0.00166924
0.0457785 0.00413836 0.0455908 0.00408591
0.0445584 0.00389583 0.0443894 0.00384748
0.0450055 0.00172156 0.0448456 0.00171598
0.0435992 0.00253113 0.0434535 0.00250486
0.044895 0.00188825 0.0447484 0.0018414
0.0437859 0.0026059 0.0436392 0.00260872
0.0430536 0.00341813 0.0429332 0.00340972
0.0455179 0.00317613 0.0453881 0.00314533
0.0445438 0.00275951 0.0444298 0.00273898
0.0419529 0.00276297 0.0418384 0.00273949
0.0427387 0.0028001 0.0426412 0.00276466
0.0415071 0.00360168 0.0414079 0.0035705
0.0409442 0.00430923 0.0408511 0.00427218
0.0409707 0.00347771 0.0408923 0.00344412
0.0394175 0.00207374 0.0393743 0.00204272
0.0398131 0.00243591 0.0397647 0.00240051
