0.717421 0.00951841 0.713277 0.00955691
0.728714 0.0148642 0.72461 0.0149319
0.734692 0.0156966 0.730638 0.0157851
0.735209 0.0164778 0.731133 0.0165596
0.732948 0.0196854 0.728873 0.0197678
0.719767 0.0202803 0.715634 0.0203607
0.725079 0.0125459 0.720953 0.0126006
0.712551 0.0180333 0.708376 0.0181174
0.722506 0.0235096 0.718378 0.0236164
0.724713 0.0295158 0.720601 0.0296285
0.719545 0.0156259 0.715403 0.0156922
0.718161 0.0230283 0.714024 0.0231587
0.71173 0.0271634 0.707542 0.0273018
0.698471 0.023554 0.694202 0.0236928
0.679064 0.0203767 0.674735 0.0204794
0.699004 0.0226289 0.694774 0.0227369
0.68767 0.0323056 0.683388 0.0324512
0.691942 0.0347385 0.687647 0.0348624
0.688906 0.0297811 0.684623 0.0299445
0.688242 0.0248869 0.683972 0.0249888
0.694383 0.0462515 0.690108 0.0464671
0.663904 0.0208814 0.659508 0.0209446
0.684458 0.0277846 0.680151 0.0279034
0.659749 0.0357267 0.655374 0.0358821
0.645354 0.0459865 0.640933 0.0461337
0.658499 0.0211832 0.654089 0.0212977
0.634666 0.0235166 0.630206 0.0236226
0.654721 0.0355603 0.650311 0.0356633
0.641977 0.032734 0.637476 0.0328241
0.627704 0.0228272 0.623226 0.0229006
0.642637 0.0348746 0.638229 0.0350223
0.648245 0.0302557 0.643764 0.030466
0.64336 0.0244299 0.638905 0.0244912
0.638238 0.0402337 0.633733 0.0403827
0.632768 0.0389461 0.628262 0.0391103
0.619053 0.0257108 0.614426 0.0257374
0.636562 0.0223681 0.632021 0.0224228
0.626368 0.0269232 0.621747 0.0269154
0.621134 0.0230644 0.616488 0.0231026
0.617837 0.01484 0.613204 0.0149107
0.61722 0.0186354 0.612534 0.0186106
0.623646 0.0224984 0.618981 0.0225441
0.617731 0.0233176 0.613071 0.023317
0.618643 0.0352867 0.613996 0.0353379
0.633879 0.0340654 0.629234 0.0341398
0.62156 0.0321119 0.616876 0.0320962
0.632324 0.0354939 0.627697 0.0355461
0.63665 0.0340885 0.631984 0.0340945
0.613214 0.027388 0.608555 0.027368
0.624383 0.0204019 0.619733 0.0204389
0.635279 0.0212338 0.630674 0.0212796
0.627892 0.0321514 0.623233 0.0321242
0.626428 0.0276726 0.621731 0.0276966
0.62167 0.0271922 0.617036 0.0271761
0.633847 0.0311514 0.629132 0.0312304
0.608636 0.0201904 0.604035 0.0202168
0.618585 0.0255451 0.613893 0.0255363
0.643894 0.0300993 0.639301 0.0302375
0.636944 0.033702 0.632337 0.0338175
0.63119 0.0242159 0.626511 0.0242683
0.626581 0.0186202 0.621996 0.0186919
0.637068 0.020747 0.632597 0.0207794
0.634621 0.0190457 0.630078 0.0191334
0.645228 0.0234059 0.640864 0.0236229
0.636051 0.0204933 0.631461 0.0205374
0.650423 0.0297517 0.645994 0.0299119
0.627126 0.0261415 0.622643 0.0262977
0.64504 0.0152883 0.640647 0.0153713
0.643507 0.0195837 0.639127 0.0197872
0.646695 0.0190232 0.642252 0.0191818
0.661837 0.0188044 0.657568 0.0188529
0.636245 0.0157177 0.632036 0.0157157
0.646246 0.014948 0.642095 0.0150578
0.654997 0.0179722 0.650956 0.0180181
0.645046 0.0229184 0.641135 0.0230291
0.660882 0.0104036 0.65687 0.0104575
0.659699 0.00475752 0.655936 0.00459753
0.659824 0.0153945 0.655875 0.015431
0.659619 0.0146192 0.655974 0.0144934
0.659411 0.0131103 0.655853 0.0129697
