0.71949 0.0103541 0.712075 0.0103462
0.70743 0.0143342 0.699691 0.012697
0.717756 0.0134098 0.711644 0.01378
0.71825 0.0152966 0.711032 0.0171058
0.712723 0.0135791 0.706963 0.0137737
0.716184 0.014147 0.708507 0.015973
0.716402 0.0176846 0.710623 0.0192368
0.712568 0.0167987 0.70258 0.0180884
0.714474 0.0137082 0.705071 0.013838
0.718767 0.0210117 0.711182 0.0215426
0.707989 0.00797063 0.701821 0.00848517
0.717856 0.012119 0.71015 0.0108236
0.720662 0.016818 0.712195 0.0174569
0.709819 0.0134854 0.704205 0.0139409
0.715663 0.0115833 0.70751 0.0121137
0.718673 0.0134561 0.711148 0.0127195
0.71875 0.0124763 0.710266 0.0124181
0.716241 0.0156347 0.709567 0.0165518
0.719996 0.0155283 0.712282 0.014823
0.715489 0.0103459 0.707915 0.0114161
0.712137 0.0189995 0.705034 0.0185852
0.704866 0.0162525 0.699163 0.0160108
0.716819 0.0219305 0.71005 0.0226184
0.706605 0.0141049 0.698831 0.0130341
0.710897 0.0207458 0.703563 0.0211206
0.71561 0.0176622 0.708496 0.0202683
0.712411 0.0204988 0.705056 0.0221903
0.705942 0.0172426 0.699365 0.0177412
0.711405 0.0194444 0.705712 0.0190197
0.723722 0.018068 0.71641 0.016446
0.717321 0.0158313 0.709198 0.0156664
0.717911 0.0201042 0.710214 0.0210434
0.711959 0.0138321 0.705916 0.0135763
0.714036 0.0223662 0.70685 0.0212373
0.706451 0.0171791 0.697999 0.0171111
0.709122 0.0190475 0.701407 0.0188671
0.717359 0.0145538 0.709114 0.0143542
0.715217 0.0214957 0.707605 0.021151
0.711445 0.0152008 0.70436 0.0143548
0.706626 0.0148765 0.698609 0.0157034
0.707427 0.0178324 0.699286 0.0176726
0.70962 0.0203229 0.701984 0.0206733
0.703647 0.0201426 0.697896 0.0206364
0.714089 0.0242995 0.706628 0.0238285
0.700597 0.0169311 0.691053 0.0179146
0.69831 0.0152593 0.690071 0.0179258
0.703297 0.0214442 0.694805 0.0220374
0.695933 0.0130055 0.686036 0.013526
0.704355 0.0138227 0.694621 0.0150629
0.708772 0.0211564 0.701727 0.0211
0.710769 0.0083937 0.70337 0.00912525
0.701167 0.0265638 0.691988 0.0296544
0.702157 0.0179644 0.694051 0.0175284
0.701462 0.0120828 0.692368 0.0142886
0.706166 0.0146754 0.69869 0.0138911
0.704208 0.0257441 0.697069 0.0261296
0.712527 0.0173467 0.703412 0.0185554
0.695229 0.0125997 0.687562 0.0140537
0.713692 0.0220458 0.702992 0.0225411
0.705791 0.0160678 0.698111 0.0156718
0.701561 0.0115613 0.693754 0.0123562
0.700064 0.0217017 0.689547 0.0230465
0.701123 0.0141764 0.692632 0.0146061
0.698112 0.0118405 0.688106 0.00953902
0.702116 0.0203417 0.693053 0.0178126
0.690035 0.0122744 0.680989 0.0131227
0.690889 0.0178464 0.684338 0.019784
0.701022 0.0181283 0.691883 0.0184473
0.693302 0.0110694 0.684726 0.0106107
0.704311 0.0119217 0.693697 0.010991
0.692292 0.0209486 0.680874 0.0215106
0.687022 0.0169523 0.677291 0.0172685
0.696111 0.014713 0.685526 0.0158517
0.68987 0.0176319 0.682555 0.018208
0.698257 0.0158035 0.69022 0.0148916
0.693581 0.0227072 0.684027 0.0249324
0.689684 0.0119787 0.68104 0.0144631
0.693267 0.0148741 0.683492 0.0150219
0.695529 0.0216339 0.687594 0.0193158
0.692686 0.014578 0.683933 0.0146276
