0.461766 0.0151076 0.458927 0.0147714
0.47023 0.0346043 0.467253 0.0339131
0.476773 0.0224142 0.473399 0.0221732
0.452156 0.0226031 0.449142 0.0222222
0.46613 0.0263219 0.462863 0.0257874
0.461795 0.0320507 0.458713 0.0316226
0.459671 0.0157727 0.456406 0.0153787
0.459063 0.022339 0.45572 0.0217556
0.45327 0.0262854 0.45007 0.025718
0.448162 0.0349296 0.445077 0.0345021
0.456388 0.0256028 0.453102 0.0249766
0.447583 0.0248246 0.444304 0.0243108
0.459299 0.0362711 0.455895 0.035807
0.435623 0.0218254 0.432395 0.0213746
0.445278 0.025153 0.44202 0.0246913
0.440012 0.0211531 0.436791 0.0207111
0.46088 0.019643 0.457263 0.0191994
0.457049 0.0224494 0.453621 0.0218891
0.444307 0.0240903 0.441052 0.0235541
0.438544 0.0194777 0.435258 0.0190272
0.433498 0.0341404 0.430451 0.0335089
0.433789 0.0272515 0.430641 0.0266941
0.44652 0.0245792 0.443126 0.0239926
0.443182 0.0276594 0.439881 0.0272776
0.428034 0.0237556 0.425127 0.0231355
0.435408 0.0281317 0.432442 0.0275017
0.447124 0.0332652 0.443751 0.0327237
0.433777 0.027265 0.430761 0.0267269
0.436691 0.0280869 0.433558 0.0275198
0.439845 0.0229834 0.436639 0.0224058
0.438479 0.0242877 0.43532 0.0237674
0.430999 0.0256801 0.427952 0.0251931
0.434783 0.0346288 0.431818 0.0339899
0.420188 0.0211991 0.417435 0.0206889
0.434661 0.0203682 0.43163 0.0200807
0.436159 0.0301852 0.433136 0.0295907
0.440898 0.0236887 0.437736 0.0232226
0.441697 0.0317301 0.438513 0.0310686
0.439392 0.0299627 0.436258 0.0292856
0.445504 0.018944 0.442303 0.0186773
0.440064 0.03095 0.437038 0.0302716
0.429152 0.0259792 0.426315 0.0255121
0.449926 0.0195795 0.446599 0.0190424
0.440816 0.0278784 0.437671 0.0273092
0.431196 0.0185659 0.428167 0.0180712
0.429795 0.0249712 0.426908 0.024514
0.423593 0.0207238 0.420896 0.020138
0.441724 0.0225624 0.438686 0.0220432
0.426856 0.0290608 0.424013 0.0284888
0.425946 0.0302963 0.423055 0.0295335
0.434419 0.0250591 0.431606 0.0246311
0.439151 0.0336846 0.436255 0.0329644
0.434964 0.0329023 0.432061 0.03219
0.445833 0.0240953 0.442619 0.0234612
0.437977 0.0305249 0.434981 0.0300956
0.426909 0.0262629 0.423999 0.0257528
0.434045 0.0314166 0.431106 0.0309852
0.42946 0.0209025 0.426417 0.0204298
0.42624 0.0360517 0.423632 0.0353774
0.414049 0.0221822 0.411397 0.0219946
0.426218 0.0300095 0.423341 0.0296187
0.434512 0.0392765 0.43163 0.0385225
0.43515 0.037021 0.43224 0.0361695
0.428054 0.0345793 0.42527 0.0342115
0.427571 0.0242976 0.424618 0.0237626
0.410562 0.0165651 0.407993 0.0161763
0.427666 0.0218117 0.424787 0.0214761
0.442776 0.0344102 0.439611 0.0337971
0.418221 0.0240935 0.415509 0.0235822
0.427544 0.0192692 0.424644 0.0189783
0.406876 0.0256201 0.404442 0.0252463
0.428441 0.0242123 0.425692 0.0238233
0.408082 0.0141017 0.405722 0.0138676
0.43852 0.0251738 0.43547 0.0247455
0.418728 0.0295034 0.415962 0.028906
0.41843 0.0284465 0.415824 0.0281185
0.426264 0.0279873 0.423241 0.0273815
0.420631 0.0343743 0.417949 0.0339234
0.440304 0.0351202 0.437014 0.0344495
0.426379 0.0224214 0.423431 0.0217366
