0.694956 0.0823468 0.686349 0.0819396
0.79351 0.00104445 0.785465 0.00105183
0.794387 0.00139386 0.786876 0.00124302
0.805823 0.0261458 0.798112 0.0269694
0.805973 0.010635 0.798271 0.00882911
0.820594 0.0189928 0.811379 0.0176807
0.812634 0.0149825 0.804967 0.015186
0.817713 0.0110279 0.810316 0.0103894
0.819798 0.0124619 0.81259 0.0120067
0.820477 0.00888593 0.810512 0.00746179
0.822806 0.00507526 0.814895 0.00591918
0.832315 0.0105582 0.822033 0.0104905
0.828431 0.00627945 0.823254 0.00772154
0.838858 0.0122101 0.828704 0.0110901
0.839921 0.012132 0.831351 0.00931058
0.843259 0.0174309 0.835907 0.0151316
0.847995 0.0173543 0.838157 0.0172532
0.85317 0.0125491 0.843305 0.0127199
0.862851 0.0191779 0.853733 0.0192861
0.854111 0.0118313 0.844258 0.0103841
0.862353 0.0138797 0.852165 0.0142394
0.866607 0.0117552 0.857054 0.0127429
0.865769 0.0135795 0.856571 0.0135988
0.878186 0.0108961 0.869471 0.0125758
0.864619 0.00889912 0.85404 0.00879827
0.86958 0.0126655 0.860335 0.0124
0.874461 0.0104126 0.866033 0.0113073
0.875195 0.0112772 0.866369 0.0121331
0.874496 0.0130384 0.865789 0.0130846
0.872135 0.0107833 0.863696 0.0117345
0.87812 0.0130795 0.867134 0.0127923
0.876505 0.0111535 0.868415 0.00955374
0.882214 0.0162698 0.872524 0.0159286
0.877219 0.0109832 0.86889 0.0114356
0.886683 0.0127985 0.876219 0.0125313
0.885854 0.0093212 0.876483 0.00864537
0.885819 0.0139361 0.876859 0.0135987
0.88877 0.0102832 0.880299 0.00924509
0.888603 0.00815096 0.878552 0.00781609
0.892266 0.0162972 0.881683 0.0161263
0.893821 0.00979205 0.883783 0.0117789
0.884607 0.00540865 0.875694 0.00811671
0.896666 0.0186837 0.886832 0.0189325
0.89685 0.0171041 0.888264 0.020191
0.898753 0.0128705 0.890718 0.0158883
0.893124 0.00827756 0.884294 0.00682775
0.898837 0.0253617 0.889997 0.0272192
0.889625 0.00832271 0.879145 0.00732638
0.896854 0.00824699 0.887393 0.0101851
0.898406 0.0160883 0.890432 0.0148609
0.897755 0.0115535 0.88938 0.0144109
0.901525 0.00944888 0.891006 0.0117095
0.897438 0.0112475 0.888877 0.0122073
0.897436 0.0103894 0.886812 0.00955504
0.89921 0.012021 0.890444 0.0114377
0.905076 0.00973051 0.897029 0.0100129
0.900931 0.00920559 0.890122 0.00996915
0.899381 0.0161434 0.891947 0.0156912
0.909786 0.0194367 0.902298 0.0212895
0.902437 0.0109118 0.894067 0.0117268
0.906679 0.00846429 0.896577 0.00832181
0.912287 0.00712473 0.903426 0.00819272
0.912793 0.0194051 0.903405 0.0200533
0.904582 0.0070361 0.895841 0.00585524
0.909602 0.012314 0.901099 0.0113941
0.912608 0.00805049 0.90277 0.00712813
0.908727 0.01221 0.899186 0.012958
0.911446 0.0146307 0.902923 0.0147962
0.916701 0.0100935 0.906096 0.00889443
0.912715 0.00934472 0.904267 0.0102989
0.917768 0.015873 0.909039 0.0173981
0.920632 0.0128332 0.914532 0.0136385
0.915796 0.0113207 0.90751 0.0114572
0.918013 0.0145082 0.909796 0.0144923
0.914706 0.0153785 0.90647 0.0161095
0.921885 0.0159722 0.914398 0.0172413
0.916078 0.014589 0.90688 0.0151234
0.918537 0.0121925 0.911884 0.0133411
0.913768 0.00753707 0.903493 0.00713928
0.919714 0.00945974 0.910659 0.0113807
0.926129 0.0168405 0.920246 0.0168286
0.919328 0.0150864 0.913224 0.016495
0.918843 0.01486 0.912451 0.0136013
0.927784 0.0162869 0.919622 0.0184007
0.920508 0.00942548 0.911425 0.00910483
0.921007 0.00980986 0.911594 0.00931842
0.923138 0.00787297 0.915071 0.00939049
0.933833 0.0179506 0.924844 0.0174432
0.930555 0.0174728 0.924403 0.0168715
0.925681 0.0125283 0.919661 0.0121277
0.932483 0.0105272 0.922217 0.0104362
0.928785 0.0175083 0.922481 0.0200828
0.927947 0.0151815 0.921327 0.0160162
0.934769 0.0146484 0.927532 0.0126848
0.930938 0.0130159 0.922823 0.0118839
0.923751 0.00824701 0.914436 0.00770313
0.930215 0.00921464 0.924163 0.00980126
0.927976 0.0133605 0.91808 0.0133191
0.930592 0.0122263 0.922001 0.0124995
0.935188 0.016135 0.925204 0.0167926
