0.0467748 0.00294948 0.0473266 0.00293779
0.0452092 0.00358087 0.045748 0.00353026
0.0437882 0.0042542 0.0443452 0.00426236
0.0478983 0.0135199 0.0485171 0.0136377
0.0404455 0.00306465 0.0410215 0.00299722
0.0390151 0.00263352 0.0397057 0.00271864
0.0380191 0.0020433 0.0386764 0.00211508
0.0390364 0.00123993 0.0396979 0.00124205
0.0394322 0.00321873 0.0400735 0.00317822
0.0370624 0.00164229 0.0376971 0.00162469
0.0387807 0.00377782 0.0394277 0.0038739
0.039227 0.00776635 0.0399159 0.0076789
0.0431718 0.0142113 0.0439282 0.0142763
0.0358257 0.00140306 0.0364996 0.00149766
0.0384663 0.0100226 0.0391227 0.00997661
0.0363636 0.00516752 0.0370722 0.00526323
0.0408846 0.0143059 0.041541 0.0143945
0.0422563 0.0198214 0.0429061 0.0197707
0.0356685 0.00248718 0.0363129 0.00251268
0.0371516 0.00486711 0.0377956 0.00491334
0.0352305 0.00243916 0.0358752 0.00244356
0.0361443 0.00248791 0.0368202 0.0025104
0.0368537 0.0031468 0.0375095 0.00314842
0.0356673 0.00169063 0.0363218 0.00168689
0.035363 0.00306989 0.0360001 0.00313086
0.0359256 0.00274412 0.0365699 0.0027351
0.0348094 0.00216132 0.0354428 0.002159
0.0371717 0.00221709 0.0379163 0.0022662
0.0358081 0.00390904 0.0365007 0.00396075
0.0371698 0.00684021 0.0379007 0.00702292
0.0387713 0.00447433 0.0394401 0.00442152
0.0349659 0.00268334 0.0356548 0.0026836
0.0350799 0.00207772 0.0357322 0.00208443
0.03662 0.00262317 0.0372798 0.00264875
0.0351415 0.0025215 0.035796 0.00255779
0.0380379 0.00484868 0.0387688 0.00503755
0.0371169 0.00395716 0.037801 0.00400658
0.0358228 0.00405263 0.0364946 0.00408323
0.0345194 0.00161463 0.0351229 0.00162265
0.0370153 0.0059715 0.0377146 0.00606664
0.0363018 0.00352843 0.0370135 0.00363346
0.0379622 0.00715806 0.038692 0.00727906
0.0343887 0.00218086 0.035057 0.00218252
0.0391649 0.00958396 0.039803 0.00964558
0.0369355 0.00390903 0.0376794 0.00404042
0.0348664 0.00313941 0.0355522 0.003182
0.0344813 0.00184055 0.0351273 0.00183835
0.0351269 0.00260826 0.0357881 0.00267595
0.0348565 0.0038281 0.0355613 0.00387
0.0343 0.00356585 0.0349673 0.00361371
0.0348322 0.00255778 0.035513 0.00257775
0.0347714 0.00330914 0.0354567 0.00337936
0.0352945 0.0029864 0.0359202 0.00299002
0.0353442 0.00225204 0.0359656 0.00231885
0.0358505 0.00322192 0.0365125 0.00319656
0.033549 0.00132704 0.0341537 0.00132522
0.0349881 0.0036702 0.0356574 0.00366201
0.035439 0.0066025 0.0360547 0.00660785
0.0339992 0.00282332 0.0346515 0.00287457
0.0343741 0.00294396 0.0350228 0.00297351
0.0341473 0.00254566 0.0347378 0.002478
0.0341794 0.00253001 0.0347993 0.00256412
0.0348248 0.00215797 0.0354485 0.00221101
0.0328805 0.00183993 0.0334826 0.00187204
0.0333693 0.00239287 0.0339748 0.00238511
0.0353937 0.00550559 0.0360145 0.00552685
0.0395695 0.00894 0.0403884 0.00918048
0.0345152 0.00464047 0.0351266 0.0046484
0.03363 0.00353733 0.034262 0.00362549
0.0362913 0.00505748 0.0370067 0.00516553
0.0334743 0.00255053 0.0340874 0.00257047
0.0339322 0.00312942 0.0345731 0.00321405
0.0369337 0.00813679 0.0375622 0.00823098
0.0330337 0.00206714 0.0336252 0.00207194
0.0330231 0.00208767 0.0336688 0.00214555
0.033707 0.00388599 0.0343323 0.00387009
0.0342869 0.00273154 0.0349216 0.00274721
0.033419 0.00181753 0.0340851 0.00191021
0.0344409 0.00397225 0.0350817 0.0040474
0.0380327 0.0138508 0.0387399 0.0139863
