0.525888 0.00146804 0.518179 0.00136099
0.792398 0.000858472 0.783877 0.000731149
0.793699 0.00137089 0.784922 0.000928848
0.794907 0.00143519 0.785835 0.0012309
0.799868 0.00844864 0.790331 0.0091859
0.801533 0.00813497 0.791904 0.00817561
0.805486 0.0111308 0.797008 0.01055
0.803248 0.0046017 0.794287 0.00562297
0.809067 0.016858 0.79934 0.0162215
0.815116 0.00959449 0.80534 0.0095322
0.817022 0.0099858 0.807584 0.0109886
0.829297 0.0206904 0.818578 0.0180953
0.824341 0.0150084 0.814023 0.0147967
0.821735 0.00940659 0.811548 0.0085837
0.823192 0.015063 0.814642 0.0149885
0.826116 0.0123067 0.817319 0.0126519
0.823613 0.00747274 0.814031 0.00705818
0.832081 0.0133767 0.821734 0.0126517
0.824602 0.0100053 0.81567 0.00904051
0.83507 0.00944465 0.826154 0.00928318
0.838545 0.0111883 0.829453 0.0101806
0.829931 0.00331572 0.819454 0.0022895
0.845894 0.0144247 0.835752 0.0133874
0.847287 0.0105381 0.836106 0.0114125
0.845014 0.00651983 0.835741 0.00699383
0.841543 0.0115203 0.830065 0.0116129
0.849649 0.00881936 0.838562 0.00725088
0.84614 0.0079672 0.834533 0.00793429
0.845453 0.0114025 0.835539 0.00992504
0.848372 0.00918739 0.837333 0.0081962
0.848842 0.00809527 0.837467 0.00768059
0.852602 0.00700771 0.842827 0.00775519
0.857184 0.0101541 0.846888 0.0088256
0.857138 0.00638976 0.844893 0.00687103
0.857224 0.005322 0.846663 0.00503968
0.861909 0.00520101 0.849382 0.00444356
0.855472 0.00643412 0.845599 0.00508948
0.858265 0.0068305 0.848142 0.00658678
0.85935 0.00705658 0.850652 0.00587567
0.862868 0.00754963 0.851746 0.00599981
0.862803 0.00657835 0.851475 0.00433836
0.86517 0.0043258 0.853354 0.0043611
0.863311 0.00457571 0.852647 0.00462039
0.863443 0.00455453 0.851934 0.00518873
0.86655 0.00560412 0.854681 0.00436982
0.866738 0.00480857 0.855142 0.00589139
0.868812 0.00448081 0.856448 0.00278862
0.870755 0.00484646 0.858767 0.00457746
0.868562 0.00282498 0.857978 0.00333667
0.87016 0.00422363 0.858319 0.00316264
0.869618 0.00552191 0.857997 0.00492947
0.871113 0.00519278 0.859714 0.00496002
0.871733 0.00977785 0.860209 0.00836519
0.874154 0.00583265 0.863538 0.0065602
0.87159 0.00403446 0.860518 0.00402673
0.871959 0.00349401 0.860881 0.0035081
0.872638 0.00495021 0.862525 0.00311015
0.874018 0.00359205 0.863483 0.0030478
0.873004 0.00409421 0.863151 0.00312838
0.873802 0.00311845 0.861426 0.00319667
0.875641 0.00411778 0.864271 0.00295948
0.875284 0.00321734 0.865257 0.00318768
0.875811 0.00431424 0.86463 0.00238623
0.87765 0.00374082 0.865668 0.00422375
0.88113 0.0056404 0.869327 0.00460436
0.878882 0.00442266 0.868204 0.00406631
0.879074 0.00518613 0.86714 0.00570456
0.875921 0.0042823 0.864932 0.00289971
0.880735 0.00341356 0.869719 0.00333594
0.881193 0.0046141 0.869562 0.00434278
0.882683 0.00525436 0.870643 0.00559503
0.881956 0.00426952 0.871245 0.00356591
0.883577 0.00432622 0.871813 0.00583958
0.879499 0.00165426 0.869727 0.0030475
0.883221 0.00253567 0.87135 0.00310868
0.882254 0.00400395 0.872016 0.0036723
0.883971 0.00457391 0.872256 0.00355069
0.882733 0.00353365 0.873288 0.0023278
0.885284 0.00467991 0.874718 0.00525358
0.885997 0.00410873 0.872779 0.00521679
0.883691 0.00350397 0.874529 0.00337616
0.885401 0.00510964 0.874141 0.00348444
0.885147 0.0045152 0.874448 0.00441317
0.887219 0.00488612 0.876407 0.00285731
0.887093 0.00290135 0.875571 0.00473949
0.889276 0.00598209 0.877726 0.0058975
0.889254 0.00374009 0.877575 0.00334201
0.888701 0.00295322 0.877935 0.00267262
0.888619 0.0060212 0.878287 0.00539976
0.890781 0.00461769 0.879225 0.00565838
0.889928 0.00613921 0.88045 0.00539161
0.890079 0.00506031 0.877377 0.00357149
0.893759 0.00519775 0.883703 0.00354725
0.890191 0.00604951 0.881527 0.00575667
0.893147 0.00640746 0.881308 0.00599285
0.891661 0.00316572 0.882467 0.00500719
0.892843 0.00428655 0.881933 0.00438849
0.889875 0.0051266 0.880403 0.00307303
0.891677 0.00362845 0.880074 0.00335176
0.895211 0.00665294 0.884628 0.00454684
