0.0457598 0.00206097 0.0461888 0.00192581
0.11486 0.00128674 0.113412 0.00105392
0.116977 0.00283679 0.1153 0.00272145
0.126171 0.0120949 0.124261 0.0118926
0.132859 0.0166477 0.130889 0.015884
0.134978 0.0102777 0.133237 0.0109365
0.144294 0.0127364 0.143218 0.0131373
0.157523 0.0302788 0.155531 0.0302257
0.175528 0.0222864 0.174313 0.0217788
0.166981 0.0190371 0.164528 0.0189325
0.174474 0.0225097 0.172707 0.0214928
0.17701 0.0177514 0.176413 0.018485
0.183644 0.0132373 0.181483 0.0127974
0.195404 0.0248208 0.194143 0.0237208
0.201372 0.0219302 0.199177 0.0220751
0.200623 0.0186298 0.197357 0.0186688
0.216429 0.0183582 0.214172 0.0180116
0.215501 0.0196329 0.213735 0.0200526
0.22882 0.0185332 0.225563 0.0181856
0.237792 0.022818 0.234597 0.0211704
0.23639 0.0157281 0.234233 0.0157007
0.232722 0.0162983 0.230595 0.0170674
0.241379 0.0163264 0.238224 0.0162247
0.248105 0.0123742 0.245073 0.0127882
0.246083 0.0160759 0.243374 0.0164443
0.251465 0.0126352 0.249155 0.0120271
0.267217 0.0258845 0.263435 0.0238496
0.26192 0.00656506 0.259114 0.00705698
0.263356 0.0117753 0.261452 0.0120184
0.267276 0.0111286 0.264197 0.0106245
0.270101 0.0133035 0.267016 0.0126324
0.275246 0.013182 0.271637 0.015091
0.285469 0.0183943 0.282627 0.0190639
0.288389 0.00968644 0.285347 0.0080293
0.281564 0.0115341 0.277542 0.0110016
0.290608 0.0161572 0.287922 0.0159852
0.304534 0.0168896 0.300066 0.0174116
0.290283 0.00816843 0.286188 0.00740452
0.298025 0.0117321 0.29458 0.0113877
0.306892 0.0212818 0.301215 0.0194275
0.314081 0.0205991 0.30691 0.0187725
0.306603 0.016012 0.303197 0.0157675
0.313284 0.0168919 0.308372 0.016439
0.320147 0.00807552 0.317605 0.00785069
0.329994 0.0221023 0.326245 0.0222418
0.306216 0.0123109 0.302423 0.010197
0.326127 0.0165801 0.322516 0.0165263
0.327301 0.01889 0.323073 0.0169377
0.332256 0.0109075 0.32871 0.0117154
0.331799 0.0141227 0.328421 0.0134072
0.342375 0.0188778 0.33721 0.0197248
0.345132 0.0188948 0.33997 0.0184707
0.344713 0.0166253 0.339839 0.0179919
0.355335 0.0147781 0.352045 0.0142087
0.35517 0.0161314 0.35007 0.015527
0.350833 0.0112387 0.346241 0.0104115
0.359496 0.0127554 0.35651 0.0119202
0.361278 0.02423 0.355989 0.0246058
0.367015 0.0288154 0.362202 0.0288685
0.354291 0.0202615 0.350882 0.0195618
0.363757 0.0150647 0.358464 0.0139092
0.3602 0.0131783 0.35806 0.014711
0.367606 0.0185216 0.362449 0.0177068
0.373772 0.0268537 0.370078 0.027298
0.383211 0.0137315 0.37909 0.0120683
0.378927 0.0223551 0.375444 0.023264
0.380268 0.0236755 0.375788 0.0223521
0.377741 0.0212859 0.373394 0.0215673
0.407912 0.0350995 0.404556 0.0356943
0.396015 0.0231161 0.391751 0.023787
0.392661 0.020985 0.388303 0.0210019
0.395392 0.0187461 0.39295 0.0179818
0.406083 0.020852 0.402209 0.0235838
0.405528 0.0205696 0.402848 0.0225069
0.402278 0.0256877 0.399044 0.0241114
0.405045 0.0214129 0.400001 0.0200481
0.410657 0.0309833 0.406115 0.0302452
0.404972 0.0232636 0.398415 0.0216973
0.41034 0.0234563 0.407345 0.0233566
0.437377 0.0365905 0.432945 0.0350973
0.415137 0.0186386 0.411234 0.0174034
0.425693 0.0182332 0.420437 0.0175192
0.410451 0.0166315 0.408394 0.0176432
0.436884 0.0283506 0.434547 0.027288
0.44685 0.0133601 0.442459 0.0142236
0.423088 0.0328604 0.416959 0.032792
0.447386 0.0275809 0.443615 0.0278089
0.443518 0.0262299 0.439846 0.0233507
0.434337 0.00968788 0.43196 0.0087118
0.460048 0.0359017 0.458906 0.0335609
0.443736 0.0190086 0.439841 0.0190677
0.451245 0.0320445 0.449697 0.0320963
0.466991 0.0318506 0.462762 0.0327724
0.467914 0.0390861 0.462104 0.0374754
0.453993 0.0215133 0.449404 0.0241378
0.449095 0.0214689 0.445745 0.0208631
0.46791 0.0322625 0.464471 0.0314365
0.467474 0.0379992 0.464377 0.0389428
0.47311 0.0413481 0.469377 0.0424602
0.458306 0.023025 0.455854 0.0223931
