0.0534055 0.00303219 0.0536206 0.00288169
0.0519719 0.00183107 0.0522179 0.00176369
0.0517764 0.0015552 0.0520875 0.00151334
0.0509829 0.0016195 0.0512928 0.00160121
0.0537005 0.00510649 0.0539134 0.00496991
0.0517746 0.00270883 0.0520456 0.00261744
0.051636 0.00311482 0.0519063 0.00305867
0.0514717 0.00482771 0.051752 0.00468762
0.0482233 0.00234627 0.0484968 0.00229695
0.0475053 0.00120561 0.047811 0.00115945
0.0492694 0.00418342 0.0495227 0.00407869
0.0484943 0.00304545 0.0488003 0.00301243
0.0476613 0.00386154 0.047968 0.00378427
0.0479675 0.0022279 0.0482247 0.00219278
0.0487885 0.00451235 0.0490516 0.00437944
0.0461291 0.00326483 0.0464621 0.00319967
0.0463184 0.00367818 0.0466165 0.00358785
0.0461952 0.00235322 0.0464891 0.00233579
0.0469219 0.00260515 0.047204 0.00259009
0.0440834 0.00235544 0.0443733 0.00238175
0.0437943 0.00311541 0.0440511 0.00299315
0.0439791 0.00327406 0.0442345 0.00320094
0.0463134 0.0061843 0.0466178 0.00609529
0.0451884 0.0024333 0.0454598 0.0023067
0.0424897 0.00136626 0.0428321 0.0013646
0.0426574 0.00159116 0.0429941 0.00155986
0.0416691 0.00281692 0.0420142 0.00275407
0.0430972 0.00237112 0.0433977 0.00232536
0.0428311 0.00385789 0.0431688 0.00374804
0.0455462 0.00757192 0.0457768 0.0074049
0.0421969 0.00394168 0.0424847 0.00384836
0.0397775 0.00134736 0.0401835 0.001364
0.0419128 0.00233914 0.0422393 0.00224474
0.0420023 0.00203569 0.0424057 0.00199484
0.0430028 0.00122834 0.0432803 0.00112559
0.042891 0.00551658 0.0432294 0.00536486
0.0403651 0.00106632 0.040822 0.00104333
0.0436064 0.00663122 0.0440232 0.00659408
0.0418454 0.000983966 0.0422145 0.000941799
0.0427475 0.00361449 0.0431612 0.00366835
0.0410085 0.00191072 0.0414453 0.00193393
0.0413294 0.00214839 0.0417889 0.00210082
0.0407806 0.00186378 0.0411771 0.00176177
0.0425264 0.00256494 0.04292 0.0025737
0.0430885 0.00849419 0.0435263 0.00842755
0.040499 0.00211705 0.0409681 0.00206899
0.0390793 0.00131763 0.0395726 0.00133405
0.041686 0.00238071 0.0421349 0.00239193
0.040517 0.00307562 0.0409998 0.00310359
0.0411367 0.00201132 0.0415442 0.00196787
0.0408891 0.00227799 0.0413984 0.00231974
0.0414691 0.00275945 0.0418418 0.00268188
0.0402597 0.00186988 0.0407489 0.00183026
0.0398881 0.00149817 0.0404005 0.00150821
0.0411983 0.00282395 0.0416714 0.00284066
0.040787 0.00152678 0.0413101 0.00152617
0.0407249 0.00241936 0.0411761 0.00239034
0.0410935 0.00310059 0.0416176 0.00307307
0.0401587 0.00134326 0.0406995 0.00136404
0.0400998 0.00211126 0.0406032 0.00209999
0.0420239 0.00329935 0.0425414 0.00320395
0.0410468 0.00295253 0.0415199 0.00289591
0.0413912 0.00444345 0.0418332 0.00442623
0.0420517 0.00289102 0.0426044 0.00291512
0.0403941 0.0020482 0.0409623 0.00202586
0.0414203 0.00278792 0.0419158 0.00267828
0.0409378 0.00228222 0.0414702 0.00225396
0.0408208 0.00153415 0.0413261 0.00152587
0.0402083 0.00197107 0.0407613 0.00196502
0.0409114 0.00226912 0.0414208 0.00225926
0.0418287 0.00314352 0.0422755 0.00295386
0.040293 0.00130114 0.0408108 0.00128339
0.0397618 0.00108168 0.0402833 0.00102823
0.0401758 0.0015121 0.0406776 0.00150775
0.0404029 0.00202549 0.0409572 0.00198214
0.0417669 0.00204367 0.0422725 0.00198671
0.0426008 0.00432559 0.0430895 0.00428321
0.0400683 0.00245315 0.040522 0.00236546
0.0402089 0.0019978 0.040773 0.00197868
0.0409326 0.00211549 0.0414049 0.0021245
