0.201689 0.0191398 0.199857 0.0187176
0.19659 0.0153813 0.194875 0.0156921
0.19976 0.0215465 0.198141 0.020858
0.202996 0.0148298 0.20073 0.0138752
0.199055 0.0113392 0.197478 0.0111393
0.195383 0.00844133 0.194033 0.00841102
0.195783 0.0231241 0.193633 0.0227799
0.197306 0.0150398 0.195454 0.0146995
0.19973 0.0058946 0.19837 0.00594843
0.19944 0.0179312 0.197616 0.0172983
0.193256 0.0102619 0.191476 0.0101019
0.195023 0.00919225 0.193401 0.00916232
0.203579 0.0198311 0.201899 0.0191711
0.204861 0.0144066 0.202923 0.0139904
0.196306 0.0174624 0.194863 0.0167906
0.196332 0.0119426 0.194583 0.012074
0.198331 0.00799701 0.197112 0.00782225
0.204509 0.0157989 0.202976 0.0149867
0.194033 0.0122264 0.192368 0.0125097
0.199864 0.00578759 0.198465 0.00586303
0.200841 0.0197137 0.198922 0.0192553
0.20298 0.02023 0.201518 0.0204454
0.197308 0.00745954 0.19542 0.00804221
0.200676 0.0119815 0.198959 0.0120774
0.196719 0.0124813 0.195028 0.0122032
0.199392 0.0189524 0.197299 0.0187141
0.207218 0.00999101 0.205574 0.00916289
0.196237 0.00776434 0.194971 0.00748293
0.194476 0.00783896 0.192632 0.00833562
0.198926 0.00539657 0.197332 0.00575081
0.195121 0.0113107 0.193428 0.0115539
0.202443 0.0138685 0.200822 0.0133797
0.199282 0.0134142 0.197621 0.0131795
0.19673 0.0143111 0.19538 0.01432
0.197109 0.00767181 0.195745 0.00772214
0.193262 0.00931575 0.191372 0.00954564
0.201396 0.00709592 0.200147 0.00721026
0.197974 0.019818 0.19617 0.0193513
0.198277 0.00463972 0.197103 0.00446389
0.198365 0.00579959 0.196974 0.00583262
0.19987 0.00540547 0.198192 0.00573462
0.196317 0.00594678 0.194887 0.00627893
0.20177 0.00499941 0.200327 0.00450197
0.196259 0.0133314 0.194731 0.0137527
0.206747 0.0124938 0.204656 0.0116337
0.203316 0.0188726 0.201433 0.0187651
0.204966 0.0128744 0.203093 0.0125617
0.197808 0.0129117 0.196021 0.0128003
0.197594 0.011434 0.19592 0.0113852
0.199787 0.00539398 0.197742 0.00549958
0.194456 0.0116494 0.193123 0.0118462
0.197801 0.0106295 0.196172 0.0102083
0.196431 0.014004 0.19489 0.0131245
0.194694 0.00920742 0.193347 0.0095395
0.198408 0.0137532 0.196695 0.0135878
0.20016 0.00728641 0.1987 0.00712764
0.198786 0.0164542 0.196995 0.0159536
0.209006 0.016097 0.207259 0.0161294
0.198458 0.00515658 0.197377 0.00551007
0.196077 0.00840443 0.19401 0.00932056
0.199953 0.0121569 0.197691 0.0112477
0.194479 0.00993015 0.191877 0.009621
0.200925 0.00946751 0.199043 0.0098529
0.196448 0.0101584 0.194415 0.0104854
0.199536 0.00920638 0.197085 0.00942558
0.196055 0.00828811 0.194398 0.00802805
0.199618 0.0122445 0.197122 0.0115509
0.203171 0.00727034 0.201287 0.00760358
0.201307 0.0150917 0.19882 0.0148716
0.199791 0.0163346 0.197908 0.0160334
0.198308 0.0105006 0.196572 0.0100691
0.205961 0.0186422 0.203883 0.0172082
0.205205 0.00718239 0.203087 0.006802
0.19754 0.0142878 0.195185 0.0142294
0.201071 0.00930576 0.199334 0.00904829
0.19737 0.00902347 0.195596 0.00923729
0.198331 0.0111445 0.196528 0.0110633
0.199174 0.00966732 0.197331 0.00967205
0.206558 0.0102503 0.20471 0.00963801
0.194572 0.00956747 0.192603 0.00948006
