0.18408 0.0165463 0.18266 0.0164732
0.178618 0.0142012 0.177076 0.014435
0.182636 0.0150214 0.181455 0.0152188
0.183525 0.015453 0.182079 0.0155134
0.188511 0.016057 0.186977 0.0156769
0.171553 0.0151823 0.169319 0.0150505
0.184353 0.0170823 0.183103 0.0170509
0.184625 0.0160947 0.183445 0.0162808
0.188711 0.015735 0.187096 0.0155642
0.188142 0.0142842 0.186797 0.0143939
0.185662 0.0225722 0.184107 0.0223401
0.177246 0.0165168 0.17596 0.0166979
0.192694 0.00942152 0.191605 0.00950003
0.180962 0.0173355 0.179429 0.0175057
0.18634 0.0126486 0.184786 0.0126798
0.182063 0.0161341 0.180661 0.0161218
0.179756 0.0170198 0.178467 0.0168793
0.184613 0.0285458 0.182843 0.0278401
0.185949 0.0179571 0.184092 0.0176156
0.180922 0.0148333 0.179263 0.0147238
0.190241 0.0216459 0.188703 0.0211163
0.193398 0.0187221 0.191927 0.018554
0.186095 0.0130307 0.184784 0.0131633
0.192286 0.0161638 0.190498 0.0159277
0.188831 0.00899569 0.187063 0.00883771
0.180445 0.0152506 0.178829 0.0153446
0.176712 0.0163187 0.175238 0.0165075
0.192046 0.00510984 0.190384 0.00486648
0.185379 0.013938 0.183889 0.0141195
0.196119 0.0135305 0.194122 0.0130973
0.185047 0.0118603 0.183671 0.0115849
0.187074 0.0149283 0.185624 0.0148715
0.184462 0.0203237 0.182856 0.01985
0.191168 0.00647019 0.189826 0.00639492
0.191222 0.00833962 0.189858 0.00825075
0.185422 0.016429 0.183773 0.0163098
0.184116 0.0156737 0.182687 0.0160099
0.18788 0.0105704 0.186542 0.0106051
0.184907 0.0161294 0.183311 0.0159906
0.183911 0.0105797 0.182156 0.0109189
0.186798 0.0170846 0.185343 0.0168735
0.182875 0.0165948 0.181205 0.0171797
0.187186 0.0127449 0.185887 0.0126826
0.181554 0.0157442 0.179584 0.0159208
0.181448 0.0128545 0.180041 0.0125046
0.192534 0.0224146 0.190708 0.0222033
0.18332 0.0145237 0.181638 0.0148935
0.177501 0.0138818 0.176183 0.0139082
0.184971 0.0135487 0.183275 0.0138189
0.18811 0.0117443 0.186567 0.011953
0.182794 0.0149228 0.181445 0.0150825
0.175024 0.0145337 0.173789 0.0144765
0.18919 0.00883614 0.187682 0.00924908
0.188232 0.0093896 0.1867 0.0096993
0.182736 0.0156726 0.181223 0.0156783
0.182327 0.0241016 0.180329 0.0238445
0.191684 0.00663322 0.190251 0.00680635
0.180509 0.0166483 0.179336 0.0166546
0.184868 0.0156416 0.183607 0.0154016
0.184853 0.0151281 0.183265 0.015276
0.190931 0.0191008 0.189415 0.018497
0.192544 0.00531028 0.190989 0.00528586
0.181203 0.0155507 0.179375 0.0158343
0.193844 0.0103368 0.192093 0.00981344
0.179377 0.0189557 0.177976 0.019008
0.183549 0.0116502 0.181795 0.01175
0.195887 0.0150563 0.194199 0.0145009
0.191876 0.0123822 0.190204 0.011979
0.181682 0.016178 0.179935 0.0160279
0.190076 0.01238 0.188336 0.0123689
0.182574 0.0154096 0.181093 0.015759
0.18803 0.0128437 0.186506 0.0128972
0.18377 0.0108391 0.182334 0.0105991
0.19141 0.0105894 0.189855 0.0106236
0.186069 0.0095847 0.184508 0.00964003
0.180897 0.0203905 0.179095 0.020298
0.186156 0.0127157 0.18474 0.0125922
0.183762 0.0138674 0.182359 0.014143
0.184769 0.0100713 0.183199 0.010108
0.184331 0.0193041 0.183043 0.0190509
