0.525313 0.00130284 0.517722 0.00124908
0.793181 0.000833119 0.783293 0.000310386
0.794444 0.00273254 0.785092 0.00223124
0.795764 0.00241487 0.786225 0.00143322
0.796931 0.0027784 0.787624 0.00188848
0.799365 0.00358594 0.789408 0.00294339
0.800841 0.00363437 0.791884 0.00426804
0.805535 0.0104701 0.795597 0.00953995
0.806248 0.00639068 0.797856 0.00709881
0.815899 0.0145859 0.806564 0.0145754
0.81261 0.00853358 0.802264 0.00547706
0.811222 0.0101327 0.802246 0.0100108
0.816877 0.00837347 0.807538 0.00825605
0.819513 0.007111 0.809874 0.00756768
0.823512 0.0182523 0.813433 0.0155402
0.821279 0.0145114 0.811818 0.0123369
0.829679 0.0165516 0.818869 0.0163309
0.829227 0.0101395 0.81918 0.00976952
0.831142 0.00988867 0.820567 0.00912228
0.83384 0.0115599 0.823178 0.0102615
0.835669 0.0134469 0.826009 0.0121727
0.83588 0.0117869 0.82503 0.0112817
0.839342 0.0100161 0.829217 0.00888299
0.844901 0.0129844 0.833621 0.0137297
0.841737 0.0111657 0.832286 0.0105832
0.839857 0.00739283 0.830014 0.00609057
0.852303 0.00766515 0.838687 0.00885475
0.838641 0.00757411 0.829499 0.00754706
0.84556 0.00605074 0.834021 0.00708625
0.849578 0.00857115 0.838378 0.00692317
0.850859 0.00907474 0.839226 0.00803935
0.855086 0.0099877 0.841656 0.00999432
0.850511 0.0106162 0.840699 0.0106509
0.85281 0.0108399 0.841509 0.00956788
0.855977 0.00785647 0.843982 0.00624492
0.852987 0.00688377 0.840639 0.00630135
0.855589 0.00711586 0.844873 0.00594227
0.857357 0.00865879 0.846063 0.00735996
0.862263 0.00758611 0.850662 0.00706605
0.861503 0.00623706 0.850797 0.00528215
0.860023 0.00630694 0.848241 0.00470832
0.861684 0.00432203 0.848082 0.0064185
0.862349 0.00498397 0.850422 0.00488058
0.862699 0.00588118 0.851112 0.0057614
0.866391 0.00658468 0.854339 0.00517103
0.865182 0.00626051 0.853425 0.00657624
0.86446 0.00569631 0.854261 0.00466339
0.864615 0.00460862 0.854194 0.00484992
0.865361 0.0036061 0.855087 0.00346943
0.868659 0.00493705 0.857296 0.00400451
0.865046 0.00368724 0.854274 0.00313743
0.868714 0.00417938 0.85719 0.00611403
0.869274 0.00664614 0.857021 0.00470824
0.868414 0.00358314 0.856582 0.00339271
0.869049 0.0065997 0.857702 0.0048237
0.871077 0.00334831 0.859689 0.00334597
0.868996 0.00509234 0.85774 0.00441009
0.872205 0.00285233 0.860358 0.00274641
0.871901 0.00359896 0.859859 0.00384177
0.867938 0.00250015 0.856666 0.0021362
0.872292 0.00333933 0.861464 0.00400552
0.872527 0.00337614 0.86058 0.00291113
0.874425 0.00334582 0.863093 0.0035869
0.874315 0.00364472 0.864477 0.00398888
0.872433 0.00333814 0.86165 0.002423
0.872666 0.00370544 0.861672 0.0037359
0.876117 0.00565357 0.864538 0.0038508
0.876674 0.00373596 0.864391 0.00291505
0.874248 0.00372578 0.864656 0.00366481
0.876949 0.00232623 0.865237 0.00202064
0.87664 0.00381069 0.865986 0.004906
0.877703 0.00373869 0.86641 0.00436378
0.878493 0.00280739 0.86612 0.00420369
0.878256 0.00240831 0.866319 0.00159688
0.880051 0.00303376 0.866972 0.00371925
0.878603 0.00399589 0.866715 0.00452388
0.881716 0.00335007 0.870616 0.00298606
0.882007 0.00352595 0.868934 0.00276834
0.880531 0.00343245 0.868658 0.00415762
0.88161 0.00345697 0.870037 0.00254639
0.881218 0.00311472 0.868951 0.00428996
0.884044 0.00435863 0.8719 0.00331113
0.882891 0.00276502 0.870373 0.00197403
0.884362 0.00317951 0.872398 0.00331857
0.885127 0.00264752 0.873013 0.0035024
0.884898 0.00246442 0.872194 0.00309257
0.884478 0.00244963 0.874267 0.00228422
0.886372 0.00457694 0.875012 0.00479986
0.886509 0.00450553 0.874223 0.00360985
0.884657 0.00248689 0.87404 0.00336348
0.88473 0.00466517 0.872784 0.0023491
0.886051 0.00465257 0.873893 0.00353167
0.888715 0.00433484 0.876811 0.00581411
0.886629 0.00337883 0.87576 0.00435476
0.886325 0.00303497 0.874311 0.00235814
0.892062 0.00670066 0.878175 0.00499847
0.888568 0.00379903 0.876444 0.00400905
0.88589 0.00406322 0.875633 0.0047339
0.888646 0.00402351 0.876166 0.00296668
0.88753 0.00452948 0.877497 0.00478019
