0.0475413 0.00159072 0.0477692 0.00145274
0.11459 0.000311495 0.113124 0.000249235
0.117609 0.00120858 0.116213 0.00148371
0.130717 0.016715 0.129742 0.0165054
0.130256 0.00411256 0.128616 0.00421311
0.133297 0.00491879 0.131093 0.00497076
0.145033 0.0117248 0.143165 0.0112115
0.158673 0.0202263 0.156604 0.0191779
0.171207 0.0221028 0.169047 0.0216397
0.16597 0.0141476 0.163927 0.0137495
0.182996 0.0171436 0.181761 0.0169489
0.180496 0.0177606 0.178083 0.0181467
0.203815 0.0188445 0.200299 0.0187942
0.208772 0.0175927 0.206697 0.0181519
0.199864 0.0184042 0.197917 0.017994
0.219012 0.0192144 0.216446 0.0192421
0.229479 0.0191959 0.226908 0.0179588
0.227595 0.0192254 0.224844 0.0188602
0.249095 0.0283915 0.246045 0.0261746
0.232027 0.0150818 0.23016 0.0141558
0.243661 0.0195731 0.241845 0.0202071
0.248422 0.010966 0.246036 0.011428
0.266235 0.0330543 0.262826 0.0333148
0.265784 0.0173377 0.263296 0.0167129
0.277218 0.0204222 0.273956 0.0197477
0.265876 0.0152693 0.261584 0.015673
0.27663 0.00862693 0.273438 0.00862665
0.279263 0.00944729 0.2754 0.00850186
0.284767 0.0110272 0.282193 0.0127895
0.285514 0.0156642 0.282449 0.013588
0.28787 0.0160537 0.285377 0.0151067
0.30082 0.0259811 0.295541 0.0241613
0.302959 0.0165424 0.298247 0.0143788
0.298807 0.010401 0.296213 0.0090527
0.307505 0.0201819 0.30445 0.0197987
0.316579 0.0168863 0.312797 0.0163824
0.321985 0.0203822 0.319146 0.02138
0.319798 0.0251035 0.31773 0.0262312
0.338144 0.0216647 0.335731 0.0213716
0.324061 0.0133177 0.321933 0.012819
0.325372 0.0160212 0.321382 0.0154389
0.327457 0.0149881 0.323598 0.0142859
0.355711 0.0386223 0.351476 0.0358398
0.341452 0.018906 0.336435 0.0180001
0.34198 0.0222734 0.340065 0.0229507
0.34799 0.0228975 0.342712 0.0245681
0.362572 0.0291577 0.358304 0.0295264
0.360547 0.0325582 0.355871 0.0307645
0.361779 0.0350361 0.35843 0.0358474
0.35027 0.0196272 0.345846 0.0186152
0.356763 0.0177448 0.355149 0.0175521
0.363927 0.0287658 0.361217 0.0283453
0.362717 0.0205376 0.359077 0.0186567
0.372477 0.0287691 0.367132 0.0298908
0.375368 0.0207471 0.371245 0.022583
0.382236 0.0249734 0.379491 0.0246477
0.376841 0.0126223 0.373383 0.0132996
0.390173 0.0266647 0.386636 0.0257433
0.380408 0.0261442 0.376904 0.0259457
0.386887 0.0346105 0.382574 0.0359487
0.391066 0.0243496 0.385417 0.023451
0.386133 0.0294397 0.381487 0.0318712
0.41267 0.0168833 0.40771 0.0155419
0.403005 0.0254096 0.399496 0.0249265
0.402842 0.0161298 0.396557 0.0168773
0.427096 0.0395317 0.421065 0.0386295
0.430729 0.0350811 0.428459 0.035361
0.414115 0.0259414 0.410246 0.0246555
0.417376 0.0237679 0.411662 0.0228134
0.429098 0.0184252 0.424242 0.016225
0.43153 0.0474254 0.428856 0.0476008
0.428046 0.0264744 0.421964 0.025315
0.430684 0.0171061 0.426167 0.0177149
0.441834 0.0327064 0.440693 0.0315456
0.446508 0.0368296 0.444335 0.0352124
0.442768 0.0378613 0.437795 0.0351958
0.451478 0.0279343 0.446545 0.028527
0.448803 0.0316473 0.445339 0.0293329
0.452101 0.0307675 0.450564 0.0320619
0.447144 0.0279594 0.44332 0.025258
0.462359 0.0341942 0.460668 0.0350405
0.442423 0.0231733 0.437853 0.0241556
0.464599 0.0299407 0.461011 0.028281
0.500992 0.0498675 0.496719 0.049882
0.457789 0.0287722 0.455018 0.0292073
0.478573 0.0440705 0.474861 0.0453243
0.484133 0.0362872 0.480412 0.0321644
0.49202 0.0389308 0.485723 0.0384889
0.480984 0.0365717 0.477808 0.0351674
0.483057 0.0360217 0.478311 0.0391414
0.48628 0.0242658 0.482008 0.024664
0.502683 0.0343329 0.495861 0.0332271
0.475755 0.031583 0.472652 0.0275241
0.480936 0.0209263 0.476255 0.0194299
0.47662 0.0287398 0.472578 0.0306354
0.503859 0.0449538 0.500523 0.0453835
0.502464 0.0406034 0.495548 0.040232
0.536057 0.0478088 0.533649 0.0480539
0.504102 0.03403 0.500247 0.035764
0.518549 0.029647 0.514207 0.0284454
