0.196398 0.00576807 0.19484 0.00575772
0.198484 0.00700468 0.196782 0.00719241
0.200189 0.0103666 0.199129 0.0103949
0.20052 0.00607827 0.198737 0.00522872
0.195459 0.0102347 0.194115 0.0100949
0.196994 0.00987067 0.195499 0.00952913
0.199773 0.00995004 0.198612 0.00958915
0.204653 0.0117072 0.202937 0.0114715
0.199296 0.00963644 0.197632 0.00975862
0.201701 0.00521552 0.200234 0.00558314
0.201968 0.00887648 0.200985 0.00856269
0.199386 0.00714701 0.198425 0.00687522
0.200363 0.00899276 0.198223 0.00910773
0.200953 0.0059543 0.199408 0.00652422
0.201146 0.00843332 0.199544 0.00874784
0.202452 0.00946626 0.200545 0.0092468
0.199271 0.00843185 0.197799 0.00857676
0.202424 0.00509917 0.200793 0.00557637
0.197543 0.00792557 0.196002 0.00797524
0.199872 0.00744379 0.197538 0.007229
0.199271 0.00778937 0.198197 0.00698459
0.197502 0.00852286 0.195909 0.0081814
0.201296 0.00749584 0.199567 0.00748601
0.20237 0.00784692 0.20111 0.00805899
0.200224 0.00829089 0.198481 0.00865243
0.202645 0.0087024 0.200047 0.00897372
0.203249 0.00853843 0.202394 0.00857072
0.200889 0.00814311 0.19964 0.00733086
0.20579 0.0111518 0.204634 0.0100824
0.198591 0.00694378 0.197101 0.00684612
0.205016 0.00942692 0.203798 0.00962035
0.205549 0.00927201 0.203839 0.00961475
0.204622 0.00818462 0.203264 0.00813866
0.202448 0.00610167 0.200963 0.00563718
0.207847 0.00359455 0.206927 0.00314793
0.206057 0.00899974 0.204556 0.0094428
0.198765 0.00892294 0.197528 0.00894836
0.207564 0.00614662 0.206439 0.00602565
0.19992 0.00566502 0.198458 0.00532163
0.205313 0.0107676 0.20385 0.0101152
0.203368 0.00817122 0.201653 0.0084089
0.205486 0.0101606 0.204269 0.00987898
0.202629 0.0126777 0.201044 0.0133976
0.205718 0.0112659 0.203902 0.0116588
0.204274 0.00768147 0.202816 0.00777907
0.203311 0.00902255 0.201719 0.00898722
0.202132 0.00833164 0.200914 0.00850229
0.201705 0.00793886 0.200354 0.00877072
0.207672 0.00886849 0.206585 0.00922051
0.205566 0.00694724 0.204819 0.00752015
0.205637 0.00852835 0.20334 0.00917628
0.201647 0.00743493 0.19981 0.00761415
0.201199 0.0113952 0.19984 0.0111914
0.199353 0.00986646 0.198318 0.00969163
0.200191 0.00781286 0.199149 0.0073037
0.206156 0.0090521 0.204171 0.00912831
0.205665 0.00858859 0.203896 0.00866088
0.207649 0.00768692 0.205276 0.00808843
0.203536 0.00991488 0.202138 0.00962979
0.212661 0.00967424 0.21126 0.00884237
0.20988 0.0105954 0.207815 0.010887
0.20283 0.00965867 0.202083 0.00893812
0.209479 0.00899542 0.207788 0.00935563
0.209365 0.0102123 0.207619 0.00999569
0.208784 0.0156481 0.207644 0.0161736
0.204648 0.00960116 0.203582 0.00942339
0.206995 0.00687162 0.205197 0.00684278
0.201827 0.0101221 0.199922 0.00967505
0.205867 0.00713801 0.203613 0.0072523
0.203826 0.0081862 0.202595 0.00792941
0.204888 0.00689954 0.203665 0.00759501
0.205496 0.0110176 0.203834 0.0109652
0.204971 0.00699763 0.203178 0.0073692
0.21081 0.0147516 0.209331 0.0138282
0.208049 0.00999614 0.206645 0.0102391
0.207492 0.0104399 0.206197 0.0103051
0.2091 0.0113379 0.207405 0.0106973
0.205148 0.00850148 0.203082 0.00819852
0.211668 0.0163295 0.210746 0.0163342
0.206802 0.00900266 0.206196 0.00866207
