0.0608412 0.00353458 0.060853 0.00344865
0.0639832 0.0114333 0.0639452 0.0112065
0.07488 0.0159688 0.0746336 0.0156953
0.0619548 0.0064447 0.0619452 0.00631186
0.0646774 0.00613725 0.0645723 0.00601542
0.0595509 0.00592851 0.0595734 0.00580149
0.0599372 0.0031313 0.0599375 0.00306152
0.0597079 0.00553813 0.0596903 0.00542248
0.059403 0.00932604 0.0594053 0.00912407
0.0607433 0.00605649 0.060689 0.00590352
0.0657307 0.0120098 0.0655297 0.0117702
0.0575901 0.00329321 0.0575879 0.0032299
0.0558445 0.00428818 0.0558472 0.00416692
0.0560246 0.00890716 0.0560162 0.00871009
0.0580247 0.0066387 0.0579649 0.00648363
0.054367 0.00889924 0.0543615 0.00871573
0.0617562 0.0184362 0.0616245 0.0181288
0.0525998 0.00722866 0.0526396 0.0070568
0.0530985 0.00800754 0.0531409 0.0078262
0.0501472 0.0045763 0.0502153 0.00449058
0.0601738 0.0112383 0.0600034 0.0110217
0.0520504 0.0052887 0.0520783 0.00517541
0.0530142 0.00578879 0.0530606 0.00570018
0.0501802 0.00525873 0.0502278 0.00513979
0.0516263 0.00491681 0.0516531 0.00476585
0.0536334 0.00895818 0.0536216 0.00872352
0.0489022 0.00434239 0.0489888 0.00423082
0.0474809 0.00615059 0.0476106 0.00604201
0.0525042 0.00495787 0.0525596 0.0048695
0.0495388 0.00661063 0.0496511 0.00641399
0.0541594 0.0107311 0.0541698 0.0105167
0.0535729 0.00270103 0.053538 0.00260988
0.0528891 0.0118207 0.0529589 0.0115228
0.0483818 0.00678366 0.0485068 0.00658194
0.0493548 0.00620845 0.0494608 0.00604074
0.0557035 0.0141704 0.0556673 0.0139033
0.049145 0.00930095 0.0492536 0.00907732
0.0472117 0.00747106 0.0473601 0.00725648
0.0474085 0.0054899 0.0475451 0.00536725
0.050373 0.0108617 0.0504563 0.0106209
0.044926 0.00376534 0.0452257 0.00364527
0.0462172 0.0036009 0.0464296 0.00348582
0.0454786 0.00354391 0.045689 0.00346521
0.0501501 0.00990338 0.0502804 0.00972488
0.0450716 0.00385265 0.0452583 0.00372854
0.0433148 0.00233896 0.0435816 0.00223716
0.0465531 0.0045724 0.046716 0.00449388
0.0492038 0.0078958 0.0493643 0.00773273
0.0464851 0.0071694 0.0467482 0.0070175
0.0448268 0.00254063 0.0450759 0.00248722
0.0509411 0.0207919 0.051156 0.0206088
0.0421732 0.00245087 0.0425446 0.00241406
0.0464824 0.00864838 0.0466762 0.00842868
0.0452825 0.00450745 0.045539 0.00436885
0.0454708 0.00843336 0.0457213 0.00818023
0.0455288 0.00368627 0.045793 0.003652
0.043108 0.00264768 0.0434255 0.00260114
0.0462296 0.00576192 0.0464771 0.00555026
0.0471494 0.00859264 0.0474218 0.00836664
0.0459947 0.00484569 0.0462053 0.00473319
0.0500263 0.0125259 0.0502626 0.012262
0.0460714 0.0030327 0.0462896 0.00293718
0.0437105 0.00377358 0.0440841 0.00365742
0.0444728 0.00526501 0.0447878 0.00515759
0.0424243 0.00162623 0.0428049 0.00152379
0.0460102 0.0080223 0.0463118 0.00778852
0.051653 0.0149478 0.051832 0.0146316
0.0424467 0.00254017 0.0428389 0.0025085
0.0432757 0.00297506 0.0436536 0.00289996
0.0472096 0.00786122 0.0474845 0.00774292
0.0506306 0.0166568 0.0508011 0.0164803
0.0432817 0.00446489 0.0436273 0.00430935
0.0481247 0.0070505 0.0484444 0.0068894
0.0441026 0.00357545 0.0445139 0.00344877
0.0454645 0.00652951 0.0457743 0.00637695
0.0448667 0.00527799 0.045201 0.0051301
0.0453519 0.00468229 0.0457048 0.00459036
0.0473074 0.00956241 0.0475985 0.00932042
0.0455215 0.00372197 0.0457709 0.00361536
0.0510899 0.0137002 0.0512909 0.0134088
