0.48777 0.0140991 0.484301 0.0138904
0.497381 0.0203962 0.493767 0.0202445
0.486957 0.0231411 0.483426 0.0228868
0.467896 0.0169133 0.464326 0.0167638
0.480003 0.0193933 0.476275 0.019219
0.483004 0.02233 0.479322 0.0221911
0.481755 0.0253248 0.47806 0.0251949
0.464668 0.0198485 0.461026 0.0195717
0.467235 0.0200174 0.463545 0.0197517
0.454388 0.0111015 0.450828 0.0108287
0.471065 0.0138126 0.467233 0.0136157
0.462755 0.0160123 0.459075 0.0157403
0.464671 0.0118463 0.460889 0.0117022
0.479056 0.0351018 0.475225 0.0347076
0.46428 0.0152575 0.46057 0.0151182
0.47452 0.0233408 0.470692 0.0230696
0.461202 0.0206684 0.457548 0.0202055
0.468092 0.0245921 0.46433 0.0241351
0.45634 0.0134797 0.452764 0.0131848
0.463933 0.00780694 0.460203 0.00769338
0.461312 0.0145045 0.457679 0.0142374
0.459037 0.0183491 0.455473 0.0181586
0.462255 0.0163013 0.458612 0.0160573
0.468626 0.0230104 0.464867 0.0226284
0.465324 0.0162764 0.461693 0.0160046
0.464831 0.0184781 0.461186 0.0182767
0.457897 0.0164116 0.454416 0.016129
0.458172 0.0131057 0.454701 0.0129309
0.473954 0.0393332 0.470278 0.0389382
0.470778 0.0120125 0.467052 0.0118614
0.46022 0.0102439 0.456647 0.0101192
0.447968 0.01555 0.444629 0.0153202
0.4603 0.0155804 0.45666 0.0152883
0.456698 0.0142997 0.453132 0.014082
0.456667 0.0119757 0.453146 0.0118449
0.474474 0.0301018 0.470673 0.029721
0.454939 0.021328 0.451488 0.020983
0.450481 0.0152696 0.447106 0.0150672
0.45213 0.00867735 0.448601 0.00853717
0.461872 0.0189644 0.458282 0.0187306
0.465116 0.0134331 0.46151 0.0132168
0.453545 0.0130748 0.450033 0.0129719
0.453508 0.0241411 0.450166 0.0239214
0.448206 0.00897526 0.444828 0.00886007
0.443941 0.0125651 0.440665 0.0123428
0.450484 0.0148598 0.447077 0.0146193
0.449266 0.0208701 0.445906 0.0205509
0.447278 0.0210553 0.444038 0.0207737
0.440468 0.0212254 0.437193 0.0209709
0.45387 0.0156946 0.450381 0.0155569
0.455421 0.0191313 0.452042 0.0189568
0.453604 0.0213983 0.450123 0.0213099
0.439951 0.0179621 0.436609 0.0178635
0.440377 0.018396 0.437023 0.0182057
0.44791 0.0258749 0.444411 0.0257249
0.44721 0.0208475 0.443702 0.0206558
0.451407 0.0171287 0.447891 0.0168913
0.444653 0.0222131 0.441238 0.0220174
0.443429 0.00770148 0.440049 0.00752131
0.449195 0.0289705 0.445658 0.0289413
0.448166 0.0177456 0.444737 0.0175324
0.440475 0.0302999 0.437016 0.0300184
0.42858 0.013 0.425375 0.0127476
0.440603 0.0225313 0.437212 0.0224328
0.431364 0.0245862 0.428045 0.0244518
0.424775 0.0219183 0.421363 0.021721
0.426846 0.026436 0.423573 0.0262042
0.437754 0.0226145 0.434379 0.0224388
0.449109 0.0232709 0.44565 0.0230606
0.434175 0.0215052 0.430817 0.0211935
0.440296 0.0278283 0.436995 0.0276046
0.430732 0.031913 0.427405 0.0316721
0.432608 0.0194889 0.429244 0.0194356
0.43866 0.0385697 0.435287 0.0381532
0.435264 0.0280951 0.431841 0.0278786
0.434507 0.0324806 0.431203 0.0321312
0.429157 0.0210149 0.425788 0.0208188
0.416349 0.0161545 0.413146 0.0159429
0.40367 0.020293 0.400691 0.0201015
0.435386 0.0348505 0.432081 0.0345803
