0.788626 2.42464e-06 0.785033 2.63273e-06
0.788629 2.59682e-06 0.785036 2.28413e-06
0.78863 3.08818e-06 0.785037 2.91908e-06
0.78863 2.01388e-06 0.785036 1.59751e-06
0.78863 1.69262e-06 0.785037 1.45229e-06
0.788632 1.85566e-06 0.785038 1.87026e-06
0.788632 1.78596e-06 0.785038 1.82866e-06
0.78863 3.86634e-06 0.785035 3.70237e-06
0.78863 3.06912e-06 0.785035 3.18375e-06
0.788623 4.21705e-06 0.785029 4.35068e-06
0.788617 1.00979e-05 0.785022 1.10701e-05
0.788585 1.41552e-05 0.78499 1.53423e-05
0.788558 4.29175e-05 0.784961 4.41384e-05
0.788485 7.82222e-05 0.78489 7.73837e-05
0.788414 0.000189174 0.784817 0.000191846
0.788039 0.000393377 0.784437 0.000399014
0.787825 0.000487286 0.784227 0.000485497
0.786476 0.00123322 0.782862 0.00123647
0.785412 0.00141077 0.781803 0.00141005
0.781576 0.00311113 0.777948 0.00313008
0.77889 0.00379011 0.775239 0.00379851
0.777834 0.00471013 0.77419 0.0047355
0.767878 0.00838289 0.764196 0.00842994
0.767447 0.00815408 0.763734 0.00818924
0.760217 0.00901312 0.756473 0.00907816
0.745542 0.00710574 0.741693 0.00720118
0.744278 0.0139411 0.740365 0.0140697
0.742914 0.0190038 0.738988 0.019173
0.740158 0.0107769 0.736224 0.0108956
0.73072 0.00553029 0.726607 0.00565877
0.730646 0.00795556 0.726529 0.00810421
0.727102 0.00491315 0.722905 0.00501556
0.725605 0.00133805 0.721361 0.00142505
0.72635 0.00466385 0.722097 0.0047838
0.730941 0.0177191 0.726745 0.0179356
0.725512 0.00316367 0.721235 0.00326202
0.724118 0.000222286 0.71977 0.000259741
0.724066 0.00011044 0.719702 0.000127944
0.724051 0.00013698 0.719672 0.000148352
0.724179 0.000337017 0.71982 0.000382308
0.723957 0.000189259 0.719578 0.000187424
0.724364 0.00152291 0.72 0.00157123
0.723945 0.00024582 0.719565 0.000243175
0.72351 0.000277738 0.719136 0.000276358
0.723747 0.000428931 0.719384 0.000441443
0.722282 0.00116419 0.717926 0.00115858
0.721594 0.00193193 0.717262 0.00191277
0.721255 0.00236498 0.716923 0.00233469
0.720533 0.00234532 0.716202 0.00232065
0.717822 0.00380118 0.713541 0.00374643
0.715684 0.0047443 0.711428 0.00467189
0.712411 0.00409962 0.708225 0.00402594
0.705138 0.00348916 0.701059 0.00340427
0.707912 0.00740681 0.703788 0.00728262
0.703887 0.00510576 0.699868 0.00502822
0.701672 0.00534801 0.697703 0.00523686
0.701816 0.00709211 0.69784 0.00695981
0.697054 0.00208627 0.693202 0.00202385
0.697506 0.00565018 0.693638 0.00552086
0.697051 0.00259328 0.693163 0.00251882
0.696068 0.00225633 0.692224 0.00223973
0.694921 0.00328242 0.691096 0.00320783
0.6938 0.00371266 0.690008 0.00364937
0.69133 0.00501447 0.687587 0.00491446
0.689605 0.0055729 0.685901 0.00547167
0.685655 0.00594356 0.682025 0.0058199
0.682871 0.00710698 0.679314 0.0069365
0.684938 0.0103741 0.681362 0.0101228
0.682064 0.0103921 0.678577 0.0101226
0.679611 0.00798459 0.676152 0.00777421
0.678427 0.0109618 0.675099 0.010646
0.673635 0.00395253 0.670417 0.00375449
0.673399 0.00330458 0.67018 0.00314829
0.671722 0.004285 0.668653 0.00409222
0.671668 0.00338241 0.668583 0.00321045
0.673727 0.0101287 0.67064 0.00983071
0.671278 0.00273656 0.668254 0.00255928
0.673631 0.00997288 0.670562 0.00966882
0.670218 0.000191649 0.667273 0.000155888
0.670315 0.000229363 0.667371 0.000175872
