0.0463773 0.00137789 0.0468607 0.00133929
0.0480336 0.00549376 0.0485813 0.0056639
0.0456149 0.00520577 0.0461927 0.00515359
0.0439985 0.00299625 0.0444872 0.00296707
0.0424221 0.00398341 0.0429494 0.00394702
0.0428272 0.00485404 0.0433921 0.00496978
0.0388606 0.00205229 0.0394368 0.0020261
0.0388823 0.00306447 0.0394671 0.00303834
0.0399492 0.00298578 0.0405421 0.00291555
0.0386365 0.0026247 0.0392503 0.00257252
0.0394499 0.00375608 0.0401012 0.0037357
0.039684 0.00668561 0.0403619 0.00678484
0.0381173 0.0030701 0.0388217 0.00312033
0.0375844 0.0036649 0.0381351 0.00355143
0.037038 0.0014285 0.0376297 0.0014605
0.0376128 0.00221867 0.0382286 0.00217958
0.0369181 0.00195584 0.0375464 0.00191521
0.0356391 0.0018692 0.0362381 0.0018815
0.0368743 0.00330645 0.0375615 0.00333672
0.0412381 0.0110216 0.041947 0.0111687
0.0376513 0.00322625 0.0383494 0.00325919
0.0359089 0.00319544 0.0365821 0.00324655
0.0357172 0.00200927 0.036336 0.00208934
0.0369262 0.00327184 0.0375653 0.00330408
0.0384489 0.00878645 0.039053 0.00873395
0.035932 0.00212644 0.036617 0.00218506
0.0375535 0.00368874 0.0382182 0.0037055
0.0383706 0.0029733 0.0390963 0.00299635
0.0373479 0.0031049 0.0380069 0.00311356
0.0360976 0.00264674 0.0367353 0.00266776
0.0357887 0.0026072 0.0363773 0.00257966
0.0347427 0.0012635 0.0354351 0.00130816
0.0353529 0.00146721 0.0359939 0.00149595
0.0367949 0.00228282 0.0374628 0.00228752
0.0372688 0.00330935 0.0379457 0.00329086
0.0364983 0.00232711 0.0372406 0.00244768
0.0357927 0.0031941 0.0363768 0.00318162
0.0370096 0.00343547 0.0376767 0.00358468
0.0367945 0.00464355 0.0375329 0.00473446
0.034187 0.0015562 0.0348601 0.00158671
0.0361379 0.00260809 0.0368035 0.00258205
0.0354476 0.00298277 0.0361128 0.00300507
0.0381165 0.00565026 0.0388122 0.00573022
0.0349029 0.00259651 0.0355829 0.00273916
0.0350856 0.0024088 0.0357588 0.00239713
0.0399273 0.01056 0.0406131 0.0107059
0.0365615 0.00430456 0.037187 0.00435329
0.0359412 0.00244509 0.0366084 0.00244937
0.0349491 0.00186925 0.0355535 0.00181426
0.0355893 0.00361634 0.0362616 0.00365892
0.0362105 0.00258161 0.0368703 0.00259196
0.034041 0.0016611 0.0347073 0.00170233
0.0389164 0.00886509 0.0396686 0.0090843
0.0359521 0.00333635 0.0365773 0.00333553
0.0371582 0.00318948 0.0377858 0.00321839
0.0356806 0.00187095 0.0363364 0.00192369
0.0361843 0.0035951 0.0368215 0.00365799
0.0348248 0.00407314 0.0354849 0.0041215
0.035617 0.00362932 0.0362287 0.00363168
0.0451897 0.0156137 0.0459389 0.0158385
0.0361033 0.00387053 0.0367814 0.00404894
0.0340249 0.00251272 0.0346542 0.00256984
0.0358774 0.00276284 0.0365904 0.00283488
0.0358724 0.00468914 0.0365441 0.00472304
0.0333616 0.00204917 0.033967 0.00204682
0.0340427 0.00194929 0.034732 0.00195792
0.035756 0.00484877 0.0363342 0.00479279
0.0355883 0.00538078 0.0362948 0.00548134
0.0336312 0.00278676 0.0342605 0.00278553
0.0343757 0.00184956 0.0350065 0.00198341
0.0343881 0.00382193 0.0350694 0.00391168
0.035919 0.00330212 0.0365768 0.00334454
0.0323981 0.00114599 0.0330693 0.00120957
0.0338717 0.00246979 0.034538 0.00250331
0.0368141 0.00859149 0.037549 0.00877627
0.0345466 0.00329668 0.0352148 0.00338581
0.0324918 0.00187399 0.0331459 0.00191522
0.0352508 0.00604211 0.0358619 0.00606362
0.0345803 0.00333745 0.0352845 0.00343428
0.0339686 0.00231485 0.0345737 0.00228817
