0.702646 0.0147681 0.694755 0.0148845
0.698267 0.00949953 0.691138 0.00901833
0.6978 0.021785 0.691497 0.020541
0.701129 0.0132259 0.694929 0.0139514
0.70116 0.0132597 0.694524 0.01346
0.693887 0.0153213 0.686605 0.0147239
0.696189 0.0138482 0.688787 0.013823
0.69515 0.0240184 0.687783 0.0242236
0.693613 0.016036 0.685587 0.0166194
0.689792 0.0194509 0.681664 0.0194854
0.700557 0.0151457 0.691994 0.014102
0.702417 0.0249772 0.69389 0.0247926
0.690382 0.0162074 0.68366 0.0183199
0.698867 0.022234 0.693397 0.0227487
0.688821 0.0156349 0.682228 0.0135053
0.696153 0.0239017 0.689664 0.0245866
0.693621 0.0107707 0.688053 0.0112928
0.690125 0.0121055 0.682406 0.0100245
0.687664 0.0150817 0.679056 0.0156822
0.686735 0.0235226 0.679233 0.0208799
0.695604 0.0219576 0.689155 0.0207472
0.700286 0.0201819 0.693241 0.019704
0.70304 0.0217706 0.695605 0.0229872
0.690023 0.0173305 0.682377 0.0178524
0.691304 0.0181705 0.683125 0.0203325
0.697265 0.0262027 0.69083 0.0261169
0.694365 0.0164555 0.687274 0.0178606
0.692055 0.0157 0.68463 0.0139958
0.685108 0.0228231 0.676533 0.0239007
0.684055 0.0163578 0.675771 0.0183281
0.685345 0.0233452 0.677164 0.0218854
0.703014 0.0129501 0.69507 0.0138602
0.694772 0.0168508 0.688614 0.0180443
0.680298 0.0197819 0.675195 0.0204227
0.687202 0.0203458 0.679251 0.0203405
0.694278 0.0218418 0.688017 0.0223022
0.688526 0.0138525 0.680796 0.0126172
0.684629 0.0321512 0.675834 0.0355195
0.680207 0.0186128 0.672688 0.0178584
0.688233 0.0207836 0.68113 0.021125
0.684797 0.0224066 0.676981 0.0229612
0.678948 0.0164314 0.67064 0.0174521
0.67742 0.0211307 0.669346 0.0213558
0.692562 0.0176407 0.686027 0.0156966
0.683034 0.0180267 0.676483 0.0187608
0.684426 0.0166753 0.6748 0.0150594
0.687301 0.0117801 0.681568 0.012496
0.685753 0.0112443 0.680304 0.0135843
0.685214 0.022882 0.676131 0.0226759
0.679008 0.020645 0.67022 0.0199576
0.683996 0.013303 0.67789 0.014343
0.680075 0.0163751 0.672095 0.016584
0.675959 0.016604 0.668213 0.0155886
0.671548 0.0249979 0.662519 0.0263225
0.67794 0.0218208 0.671225 0.0219016
0.684043 0.0145649 0.675833 0.0137175
0.676104 0.0190836 0.668128 0.0171251
0.673353 0.0182968 0.664685 0.0192288
0.678971 0.0151652 0.673505 0.0152638
0.67303 0.0103239 0.663675 0.0129575
0.674799 0.021285 0.6672 0.0209311
0.676159 0.016541 0.666591 0.0157908
0.669185 0.0181104 0.661323 0.0196542
0.679052 0.0265312 0.670303 0.0251415
0.673249 0.00923934 0.664244 0.0100611
0.674205 0.0128722 0.666266 0.0130396
0.681908 0.0244883 0.672624 0.023517
0.664426 0.0171055 0.655292 0.017348
0.673698 0.0187637 0.664911 0.0179613
0.675861 0.0289709 0.665977 0.0290834
0.677173 0.0157688 0.66764 0.0154121
0.681624 0.0138892 0.671807 0.0152567
0.678458 0.0199761 0.669696 0.0195738
0.670571 0.0186881 0.662808 0.0197866
0.671911 0.0131557 0.663115 0.0142344
0.676615 0.0193749 0.667019 0.0201006
0.67717 0.0273516 0.669251 0.0270046
0.664882 0.0209354 0.655792 0.0192588
0.671065 0.019515 0.662841 0.0193532
0.674154 0.0152984 0.665486 0.0152177
