0.0605018 0.00581683 0.0601507 0.00572565
0.0586514 0.00483295 0.058327 0.00474377
0.0575555 0.0031776 0.0572467 0.00311884
0.0624081 0.00643212 0.062029 0.00633572
0.0622727 0.00961288 0.0619138 0.00948179
0.0576592 0.00650212 0.0573702 0.0064077
0.0574342 0.00478359 0.0571299 0.00467954
0.0563826 0.00440606 0.0561066 0.00431548
0.0585384 0.00910777 0.0582786 0.00895085
0.053479 0.00682232 0.0532988 0.00668098
0.0503404 0.00331137 0.0502412 0.00319056
0.0551776 0.00606614 0.0549515 0.00593144
0.0518872 0.00522511 0.0517506 0.00506938
0.0526624 0.00455555 0.0524768 0.00442742
0.0491668 0.00427667 0.0491419 0.00412085
0.0517482 0.00550018 0.0516213 0.00532484
0.0480309 0.0056901 0.0480517 0.00551661
0.0493892 0.00353059 0.0493686 0.00337657
0.0478499 0.00615934 0.0479183 0.00592396
0.0463544 0.00265007 0.0464552 0.00250072
0.0461438 0.00400833 0.0461978 0.00384621
0.046648 0.00448058 0.0467698 0.00430615
0.0461935 0.00511425 0.0462899 0.00489451
0.0463578 0.00285203 0.0464707 0.00271051
0.0438774 0.00195966 0.0440988 0.00184854
0.0425272 0.00155126 0.042817 0.0014435
0.0433841 0.0027349 0.0436092 0.0025701
0.0429161 0.0024027 0.0432171 0.00228262
0.0428674 0.00277906 0.0431484 0.00260833
0.0422184 0.0024538 0.0425241 0.00228917
0.0447023 0.00559345 0.0449071 0.00537586
0.0426265 0.0018767 0.0429147 0.00176725
0.0422974 0.00147936 0.0425528 0.00140066
0.0418138 0.00194965 0.0420904 0.00182512
0.0391225 0.00232644 0.0395229 0.00230145
0.0389332 0.0025317 0.0393308 0.0025026
0.0394683 0.00265519 0.0398428 0.00261684
0.0378315 0.00393897 0.0381403 0.00391277
0.0348255 0.00585863 0.0351351 0.00580523
0.0378438 0.0038648 0.0382077 0.00384852
0.0356878 0.00421732 0.0360584 0.0042747
0.0318703 0.00521714 0.0322228 0.00507357
0.0307393 0.00388888 0.0311455 0.00384352
0.0272754 0.0034256 0.027601 0.00340048
0.0268672 0.00234817 0.0272569 0.00237564
0.0279216 0.00505451 0.0283169 0.00507438
0.0262625 0.00332254 0.0266299 0.00332527
0.0264487 0.00285038 0.0267768 0.00284582
0.0286472 0.005574 0.0290503 0.00559054
0.0243825 0.0020807 0.0247687 0.00211492
0.0246249 0.0018818 0.0249715 0.00180921
0.0236583 0.00123524 0.0240283 0.00125986
0.0243107 0.00144512 0.0246797 0.00146145
0.0240667 0.00132834 0.0243951 0.00133374
0.024231 0.00201451 0.0245862 0.00198317
0.0242892 0.00121012 0.0246308 0.00122561
0.0241526 0.00172395 0.0245187 0.00175379
0.0247195 0.00145238 0.0251139 0.00147225
0.0244923 0.00149022 0.0248592 0.00151647
0.0250054 0.00148753 0.0253522 0.00148595
0.0246225 0.00235175 0.0249835 0.00231285
0.0251394 0.00185277 0.0255416 0.00189536
0.0258391 0.00251113 0.0261958 0.00246431
0.0245574 0.00212416 0.0249514 0.00216662
0.0254765 0.00205428 0.0258512 0.0020708
0.0257919 0.00185593 0.0261449 0.00187898
0.0243486 0.00214505 0.0246975 0.00215398
0.0247545 0.00257687 0.0250984 0.00262152
0.0245055 0.00347753 0.024829 0.00346213
0.0241372 0.00368523 0.0244844 0.0037665
0.0242469 0.00217194 0.0245838 0.00223091
0.024077 0.00329968 0.0243794 0.00329548
0.0218275 0.00409594 0.0221 0.00417829
0.0239532 0.00416401 0.0242052 0.00413014
0.0228124 0.00381213 0.023066 0.00381716
0.024913 0.0032397 0.0251897 0.00328188
0.024302 0.00404609 0.0245371 0.00410268
0.0245831 0.00414939 0.0247925 0.00420011
0.0262753 0.00393612 0.0264734 0.00392669
0.0235713 0.00503793 0.0237718 0.00503852
