0.554562 0.0166151 0.5511 0.0163836
0.564442 0.0306845 0.560882 0.0303315
0.563926 0.0260931 0.560334 0.025766
0.563371 0.028574 0.559752 0.0281993
0.556328 0.0246322 0.552772 0.0243688
0.570356 0.0309284 0.566745 0.0305723
0.558069 0.0225519 0.554402 0.0222939
0.549984 0.0106753 0.546287 0.0104984
0.551368 0.0126004 0.547828 0.0124909
0.548099 0.0108543 0.544477 0.0108994
0.550463 0.0120736 0.546724 0.0119807
0.551131 0.0184445 0.54734 0.0182679
0.562667 0.0391248 0.558657 0.0389377
0.540197 0.0103683 0.536471 0.0103361
0.552046 0.0173972 0.548242 0.0172945
0.543316 0.0101651 0.53952 0.0101191
0.552898 0.0285154 0.548984 0.0284617
0.537519 0.0121168 0.53371 0.0121931
0.546522 0.0109023 0.54256 0.0107853
0.53798 0.0241978 0.53398 0.0239741
0.567319 0.0377326 0.563286 0.0375007
0.54576 0.0137854 0.541756 0.0135864
0.536942 0.00442246 0.532945 0.00434507
0.547369 0.0206373 0.543309 0.020517
0.540988 0.00982114 0.536966 0.00977874
0.541254 0.0138741 0.537296 0.0138564
0.550615 0.0352669 0.546338 0.0349242
0.556445 0.0382426 0.552263 0.0380505
0.544394 0.0306243 0.540241 0.0304376
0.54258 0.0209469 0.538363 0.0207902
0.533392 0.0237516 0.529275 0.0236145
0.535858 0.022274 0.531745 0.022138
0.549589 0.0301616 0.545225 0.0299256
0.536109 0.0102007 0.532022 0.0101443
0.537449 0.0108982 0.533233 0.0108643
0.545588 0.022765 0.541407 0.0226614
0.546523 0.0318607 0.542123 0.0314378
0.543617 0.0282066 0.539337 0.0279214
0.542385 0.0200378 0.538151 0.0197777
0.53696 0.0165575 0.532775 0.0164308
0.547756 0.0306113 0.543291 0.0301988
0.53261 0.0252518 0.528333 0.0248878
0.557994 0.0427586 0.553531 0.0424231
0.527488 0.00958674 0.52332 0.00951206
0.537099 0.0128715 0.532833 0.0126935
0.538544 0.0214134 0.534104 0.0211098
0.539117 0.0203221 0.534848 0.0200305
0.534677 0.0167003 0.53049 0.0165023
0.530834 0.023139 0.526585 0.0228459
0.536078 0.0236827 0.531859 0.0234088
0.534071 0.0183253 0.529796 0.0180627
0.54758 0.0262951 0.543146 0.025898
0.544079 0.0277891 0.53973 0.0274665
0.525843 0.0107099 0.521669 0.0105595
0.540371 0.0249489 0.535989 0.0246556
0.543212 0.0201974 0.538917 0.0198589
0.527414 0.0194475 0.523194 0.0191752
0.530073 0.0349319 0.525889 0.0344429
0.551174 0.0325038 0.546727 0.0320963
0.525386 0.0286059 0.521235 0.028236
0.528458 0.0223948 0.524273 0.0221424
0.53833 0.0257554 0.533972 0.02543
0.532794 0.0177851 0.528589 0.0175916
0.546996 0.0264257 0.542596 0.026135
0.538888 0.0292321 0.534574 0.0287849
0.540241 0.0269955 0.535947 0.0265794
0.535282 0.0248301 0.530999 0.0245139
0.53066 0.0133547 0.52644 0.0131311
0.535117 0.0212545 0.530775 0.0209697
0.527675 0.0263491 0.523524 0.0259414
0.542896 0.0221924 0.538619 0.0219528
0.536728 0.0213036 0.532432 0.0210516
0.538699 0.0155902 0.534374 0.0153497
0.535225 0.0331571 0.530988 0.0327239
0.530522 0.0327698 0.526397 0.0322861
0.524177 0.0155103 0.520091 0.0152525
0.537197 0.0293198 0.532881 0.0289411
0.534019 0.037575 0.529851 0.037055
0.531517 0.0201399 0.527314 0.0197727
0.538444 0.0239151 0.534112 0.0236046
