0.331971 0.0222613 0.332777 0.0216472
0.295486 0.0252888 0.296401 0.0251304
0.292213 0.016695 0.293077 0.0164034
0.314428 0.0245965 0.315136 0.0248659
0.316155 0.0315148 0.316985 0.0311849
0.317481 0.0170379 0.318214 0.0172757
0.330085 0.0168061 0.330316 0.0166426
0.344071 0.0388708 0.344187 0.0383073
0.348967 0.0298896 0.349343 0.0293446
0.379041 0.0253949 0.378109 0.0248874
0.380378 0.0250926 0.379318 0.0251293
0.379008 0.0317107 0.378017 0.0319484
0.391248 0.0185089 0.389782 0.0187395
0.413111 0.0258118 0.411799 0.0252892
0.416736 0.0131498 0.415114 0.0125815
0.416933 0.0134039 0.415277 0.0131173
0.426317 0.0177749 0.424241 0.0171443
0.423598 0.0127441 0.42161 0.0122124
0.440892 0.0135048 0.438297 0.0131246
0.443276 0.0152466 0.440613 0.014972
0.453722 0.0133854 0.45085 0.0132054
0.450353 0.0169861 0.447662 0.0166332
0.457686 0.00858965 0.454796 0.00847222
0.452832 0.0165647 0.450687 0.0163909
0.464028 0.0136628 0.461246 0.0135933
0.461219 0.00965339 0.458335 0.00978293
0.478857 0.0113812 0.475842 0.0112583
0.476787 0.0108597 0.473661 0.0106701
0.484696 0.0115999 0.481449 0.0116102
0.486947 0.0149852 0.483781 0.0149488
0.49233 0.0131038 0.489033 0.0131509
0.501024 0.0156248 0.497767 0.0156182
0.503543 0.0117255 0.500193 0.0118342
0.508088 0.0108439 0.504775 0.0109648
0.509322 0.0161054 0.506091 0.0161093
0.507529 0.0132418 0.504198 0.0132069
0.514483 0.00955159 0.511224 0.00960613
0.515471 0.00970316 0.51229 0.0097534
0.523085 0.00419495 0.519895 0.00424478
0.520655 0.00609264 0.5174 0.00608685
0.520016 0.00461902 0.516758 0.00457688
0.523905 0.00359261 0.520571 0.00354336
0.525001 0.0040584 0.521569 0.00398005
0.525387 0.00274756 0.521964 0.00262406
0.524884 0.00346369 0.521487 0.00339433
0.52862 0.0075341 0.52514 0.00729929
0.528312 0.00381483 0.524671 0.00369854
0.532415 0.00303655 0.528644 0.00290091
0.532062 0.00739518 0.528358 0.00726772
0.546376 0.0168055 0.542287 0.0165092
0.540873 0.0152153 0.536867 0.0149764
0.55874 0.0169514 0.554391 0.0167394
0.551632 0.0187849 0.547385 0.0184992
0.552025 0.0163974 0.547747 0.0160881
0.559923 0.0235187 0.55561 0.0232859
0.564267 0.0192173 0.559832 0.0189001
0.588588 0.0392739 0.584045 0.0391745
0.602896 0.0325918 0.598113 0.0324195
0.590153 0.0403357 0.585557 0.040176
0.58976 0.0225132 0.58509 0.0224924
0.616355 0.0368885 0.611683 0.0368785
0.633536 0.02353 0.628751 0.0235249
0.643072 0.02446 0.638364 0.0245485
0.634506 0.022109 0.629788 0.0222298
0.648148 0.0232733 0.643484 0.02346
0.657041 0.0110841 0.652479 0.0112451
0.659497 0.0196138 0.655072 0.019789
0.665822 0.0183621 0.661369 0.0184651
0.676188 0.00557502 0.672006 0.00566995
0.667588 0.0146335 0.663496 0.0148842
0.668 0.0189847 0.663972 0.0190958
0.670669 0.0172995 0.666639 0.0172191
0.668168 0.00709986 0.664524 0.00708793
0.674573 0.00956141 0.670678 0.00940013
0.671193 0.00782324 0.667768 0.00777497
0.673481 0.0109467 0.66977 0.0106296
0.672285 0.00563582 0.66897 0.0054427
0.672466 0.00809627 0.669158 0.00776515
0.674116 0.00738668 0.670795 0.00708514
0.671958 0.00599305 0.668856 0.00574627
