0.645735 0.0238337 0.639166 0.0222883
0.635658 0.0254463 0.630774 0.0262137
0.647549 0.0160092 0.64254 0.0139939
0.629865 0.0190229 0.626754 0.0175857
0.632175 0.0268715 0.628814 0.0251904
0.646833 0.0325353 0.64062 0.0305159
0.64091 0.0269388 0.63537 0.0272981
0.641479 0.019622 0.636174 0.0188218
0.642673 0.0225195 0.638372 0.0223224
0.63989 0.0213838 0.637494 0.0206452
0.629938 0.0184976 0.622975 0.0177629
0.637722 0.0176087 0.630863 0.0155867
0.637396 0.0275277 0.632106 0.0264078
0.644989 0.0180134 0.640608 0.0198425
0.63823 0.0269736 0.634882 0.0276012
0.633252 0.0171693 0.627722 0.0177261
0.64721 0.0247566 0.642487 0.0243199
0.628687 0.0214958 0.624693 0.0224208
0.647476 0.0264615 0.642801 0.0270471
0.630417 0.0152931 0.627707 0.0152587
0.639355 0.0269304 0.635027 0.0287031
0.641416 0.0241474 0.63558 0.0252831
0.646721 0.0227723 0.641848 0.0225697
0.643141 0.0290262 0.635931 0.0282588
0.634829 0.0270752 0.630617 0.0260974
0.646225 0.0278221 0.640964 0.0264225
0.636175 0.0214639 0.630039 0.0199324
0.646444 0.0314332 0.641114 0.0319838
0.639436 0.0233283 0.633726 0.0231442
0.631489 0.0279629 0.627876 0.0261768
0.640188 0.0200185 0.63678 0.0208406
0.633715 0.0257617 0.626486 0.0224608
0.636392 0.0356111 0.629934 0.033864
0.626693 0.0319372 0.622158 0.0308147
0.636154 0.0208985 0.630908 0.0201172
0.629524 0.024989 0.623512 0.0249396
0.643366 0.0294507 0.63669 0.0285597
0.636991 0.0230234 0.630631 0.0236049
0.632807 0.0321658 0.627241 0.0303403
0.628879 0.0257611 0.619971 0.0272841
0.637495 0.0256086 0.631559 0.0260926
0.624668 0.0167823 0.619803 0.0167024
0.618692 0.0228715 0.610972 0.022574
0.615077 0.0199406 0.611136 0.0179629
0.641361 0.0140974 0.635925 0.0129089
0.637258 0.0225535 0.632345 0.0217847
0.619911 0.0165289 0.615314 0.0166715
0.629931 0.0273497 0.625289 0.0245973
0.63205 0.0293655 0.626505 0.0313574
0.625978 0.0200928 0.619364 0.0222108
0.627031 0.025985 0.623345 0.0257456
0.618524 0.0338493 0.613105 0.03363
0.626699 0.0268275 0.621826 0.0267992
0.62246 0.0217444 0.615551 0.0200563
0.633057 0.0242711 0.62667 0.0237357
0.633528 0.0201386 0.627555 0.0217172
0.610261 0.0222207 0.604964 0.0208018
0.624912 0.0328726 0.621525 0.0311586
0.634194 0.0215504 0.627837 0.0219806
0.625021 0.0272972 0.619125 0.0254576
0.626802 0.0253756 0.62157 0.0248185
0.633975 0.0238113 0.628158 0.0229204
0.62558 0.025683 0.620371 0.0250901
0.619409 0.0219527 0.614771 0.0226237
0.628423 0.0133231 0.620668 0.0129202
0.62646 0.0232603 0.619395 0.0229582
0.617168 0.0249804 0.611692 0.0240246
0.623847 0.0250375 0.61809 0.0264181
0.618392 0.0142765 0.612291 0.0145061
0.636515 0.029131 0.631444 0.0301015
0.623408 0.0339243 0.619506 0.0333021
0.62904 0.030628 0.623326 0.0300435
0.614071 0.0190212 0.609905 0.0182097
0.621188 0.0189621 0.61611 0.0178934
0.607714 0.0157934 0.60327 0.0168812
0.625624 0.0248072 0.620286 0.0243765
0.612501 0.0254253 0.607017 0.0241426
0.627425 0.0251712 0.619786 0.0265859
0.611768 0.0201574 0.607727 0.0184346
0.607612 0.0138238 0.600853 0.0125416
