0.0494969 0.00149466 0.0499274 0.00152086
0.0487888 0.00135062 0.0491944 0.00133689
0.0477234 0.00175095 0.0481409 0.00173726
0.0481952 0.00160279 0.0485835 0.00158883
0.0492386 0.00404435 0.0495902 0.00393548
0.045593 0.00230533 0.0460191 0.00226207
0.0451216 0.00328101 0.0455688 0.00327025
0.0418739 0.00260637 0.0423247 0.00261725
0.0430273 0.00408582 0.0434638 0.00404786
0.0411705 0.00233164 0.0415982 0.00228411
0.0435845 0.0028797 0.0440159 0.00284535
0.0410701 0.00287401 0.0415094 0.00282723
0.0415463 0.00485449 0.0420752 0.00486678
0.040232 0.00275668 0.0407042 0.00271065
0.0416919 0.00305697 0.0421607 0.0029902
0.0407351 0.00197706 0.0412068 0.00196764
0.0394793 0.00249366 0.0399479 0.00247006
0.0383607 0.00297174 0.0388547 0.00295713
0.0386054 0.00151507 0.0390961 0.00149955
0.0392474 0.00323977 0.0398028 0.00320111
0.0398753 0.00398223 0.0404768 0.00399965
0.0423616 0.00662006 0.0428152 0.00649886
0.0378552 0.000946756 0.0384335 0.000947103
0.0396364 0.00293994 0.0400812 0.00284154
0.0395871 0.00199991 0.0401555 0.00189532
0.0382846 0.00120716 0.038854 0.0012192
0.0387682 0.00160106 0.0393325 0.00155964
0.0403489 0.00318778 0.0408919 0.00314219
0.0394161 0.00298198 0.0398989 0.00285765
0.0367044 0.00134236 0.0372442 0.00137837
0.0388113 0.00147058 0.0394319 0.00147229
0.0378908 0.00199506 0.0383796 0.00189376
0.0391213 0.00262929 0.0396639 0.00264248
0.0370174 0.0017463 0.0375837 0.00171088
0.0377178 0.00198901 0.0382844 0.00204571
0.0376126 0.00217264 0.0381433 0.00215464
0.0403086 0.00568139 0.0408836 0.0056773
0.0372626 0.00161864 0.03788 0.00164519
0.0385847 0.0022965 0.039195 0.00225425
0.0384968 0.00190443 0.0390803 0.00185046
0.037822 0.00217411 0.0383804 0.00212796
0.0376188 0.00169519 0.0381332 0.0016621
0.0382151 0.00190697 0.0387594 0.00190627
0.0378916 0.00149862 0.0384664 0.00147072
0.0385301 0.00184829 0.0391468 0.00184035
0.0364971 0.0018119 0.0370973 0.00182993
0.0374257 0.00179334 0.0380031 0.00174267
0.0391153 0.00412636 0.0397103 0.0040773
0.0384464 0.0022987 0.0389949 0.00229165
0.0371697 0.00154074 0.037844 0.00157461
0.0383383 0.00309697 0.0389852 0.00307978
0.0388316 0.00293683 0.0393729 0.00290108
0.0390207 0.00309039 0.0396584 0.00317375
0.0379647 0.00397403 0.0384779 0.00394663
0.0378514 0.00297056 0.0384343 0.002931
0.0378005 0.00269907 0.0383698 0.00270414
0.0374944 0.00293642 0.0380952 0.00292139
0.0378186 0.0024788 0.0384194 0.00249826
0.0375977 0.0028019 0.0381829 0.00281519
0.0373377 0.00267697 0.0379238 0.00264836
0.0358933 0.00181905 0.0364541 0.00185207
0.0379302 0.00241809 0.0385467 0.00246553
0.0390122 0.00486637 0.0395703 0.00482476
0.0378271 0.00242747 0.0384062 0.0024216
0.0389895 0.00362769 0.0395296 0.00361102
0.0395639 0.00328393 0.0401049 0.00329605
0.0375183 0.00300292 0.0380818 0.00302948
0.0369802 0.00196055 0.0375893 0.00197456
0.0360826 0.00176482 0.0366599 0.00182565
0.0386898 0.00432429 0.0392649 0.00427122
0.0366781 0.00265676 0.0372853 0.00270803
0.0366504 0.00276646 0.0372171 0.00272877
0.037945 0.00278767 0.0385081 0.00278509
0.0365658 0.00244687 0.0371705 0.00248221
0.0374884 0.00417527 0.0380712 0.00419339
0.0383207 0.00215323 0.0389404 0.00219787
0.0375874 0.00298965 0.0381708 0.00296573
0.0377478 0.00382151 0.0383085 0.00384302
0.0368653 0.00213212 0.0374493 0.00213258
0.0366663 0.00248722 0.0372189 0.00245064
