0.493513 0.00558503 0.489938 0.00529542
0.492644 0.0145218 0.488956 0.0141311
0.48512 0.00634574 0.481437 0.0061691
0.489489 0.00951127 0.485607 0.00936172
0.489277 0.0122196 0.485412 0.011962
0.479483 0.00742598 0.475792 0.00719502
0.484386 0.0116216 0.480576 0.0113518
0.488788 0.00680185 0.484896 0.00665578
0.487963 0.0137339 0.484039 0.0134578
0.480926 0.00732457 0.477163 0.00719971
0.481491 0.00731895 0.47779 0.00720778
0.479741 0.00597053 0.47603 0.00585378
0.480998 0.00966947 0.477259 0.00956708
0.478089 0.00746957 0.474423 0.00743665
0.48392 0.00867766 0.480177 0.00860894
0.481991 0.00864718 0.47831 0.00859648
0.483434 0.0182652 0.479756 0.0182212
0.485675 0.00999411 0.481958 0.00991096
0.477955 0.00658714 0.47432 0.00648798
0.480838 0.00925417 0.47723 0.00920661
0.480006 0.00852578 0.476409 0.00848318
0.483318 0.00803086 0.479681 0.00799551
0.482941 0.00935345 0.479285 0.00932455
0.482997 0.0091269 0.479385 0.00910899
0.481731 0.00930324 0.478139 0.00929967
0.481075 0.00642631 0.477454 0.00641458
0.478309 0.00825963 0.474739 0.00817296
0.48016 0.00878799 0.476526 0.00874654
0.482552 0.00816538 0.478928 0.00820123
0.477524 0.00963922 0.473931 0.00965225
0.483033 0.00763172 0.479484 0.00756849
0.482401 0.0107508 0.478851 0.0107229
0.482138 0.0108126 0.478641 0.0107945
0.475923 0.0121641 0.472376 0.0121349
0.476993 0.00650897 0.473434 0.00655327
0.481605 0.00915541 0.478093 0.00912291
0.478865 0.0103065 0.475409 0.0103019
0.47886 0.00818714 0.47533 0.00813562
0.475231 0.0116535 0.471706 0.011616
0.47727 0.0101668 0.473828 0.0101194
0.47878 0.0132969 0.475308 0.0131778
0.476321 0.00935298 0.472903 0.00929379
0.48434 0.0116895 0.480841 0.0116505
0.480511 0.00667197 0.477042 0.00666992
0.478996 0.0102617 0.475523 0.0102124
0.473196 0.00660539 0.469812 0.00652584
0.476605 0.0117162 0.473179 0.0116031
0.47279 0.0133981 0.469409 0.0133644
0.468642 0.0091155 0.465322 0.00904613
0.480046 0.0148862 0.476587 0.0149025
0.476497 0.0146117 0.473103 0.0145632
0.471946 0.0144652 0.468581 0.0144525
0.468087 0.0128819 0.464851 0.012709
0.473961 0.0154443 0.470693 0.0154212
0.475339 0.00924362 0.471906 0.00924041
0.470192 0.0175904 0.467021 0.017491
0.46843 0.0188827 0.465229 0.0187753
0.462777 0.0211696 0.459597 0.0210704
0.467503 0.0180688 0.464325 0.0179222
0.466388 0.0212822 0.463144 0.0211412
0.465465 0.0189897 0.4622 0.0188667
0.453964 0.0280556 0.450918 0.0278079
0.462445 0.0274233 0.459385 0.0272028
0.462376 0.0198656 0.459361 0.0197834
0.453208 0.0208603 0.450215 0.0205031
0.453454 0.0164547 0.450395 0.0164145
0.444817 0.0254907 0.441942 0.0252641
0.458213 0.0143777 0.455151 0.0142886
0.43912 0.0357306 0.436477 0.035304
0.438102 0.0353645 0.435208 0.0351038
0.444755 0.0304583 0.44196 0.0301523
0.428167 0.035777 0.425569 0.0354167
0.439329 0.03364 0.436507 0.0333806
0.456575 0.0245522 0.453503 0.0244435
0.441818 0.0348858 0.439201 0.0343954
0.434713 0.0285617 0.432053 0.0282407
0.424483 0.0344976 0.422107 0.0341387
0.418727 0.023685 0.416303 0.0233929
0.442931 0.0208611 0.440077 0.020729
0.435552 0.0313353 0.432957 0.031026
