0.229511 0.0230153 0.2266 0.0222574
0.202373 0.00595402 0.200623 0.00610589
0.21451 0.013103 0.21261 0.0130802
0.211392 0.010689 0.209574 0.010237
0.208323 0.00528032 0.206791 0.00502037
0.209347 0.00688701 0.206589 0.00649448
0.20966 0.00837068 0.207627 0.00857274
0.203312 0.00843392 0.201836 0.0083281
0.205372 0.00953162 0.203348 0.00943139
0.22004 0.0209667 0.218539 0.0208237
0.21243 0.0158699 0.210483 0.0157214
0.213172 0.0156219 0.211877 0.015144
0.216145 0.0175437 0.214084 0.0171793
0.207513 0.0031127 0.205846 0.00289526
0.20645 0.0142313 0.204774 0.013816
0.206737 0.00748599 0.205171 0.00747225
0.208149 0.0206931 0.205831 0.0192803
0.213378 0.0146523 0.211479 0.0139948
0.209874 0.00789193 0.207929 0.0074733
0.2101 0.015293 0.208692 0.0149679
0.205905 0.00733768 0.20419 0.0071496
0.206668 0.0090402 0.205022 0.00931565
0.207392 0.00638087 0.205558 0.00631454
0.211833 0.0133949 0.209671 0.0124718
0.209238 0.0144568 0.20661 0.0141234
0.212632 0.0124569 0.210497 0.0118603
0.207277 0.00786357 0.205843 0.00738647
0.206725 0.00656163 0.204835 0.00684413
0.212799 0.0115253 0.210743 0.0110351
0.213332 0.00595439 0.211558 0.00583648
0.218746 0.020794 0.216859 0.0203033
0.208711 0.00439334 0.206885 0.00416909
0.21173 0.0122448 0.210188 0.0120339
0.218038 0.0213874 0.215452 0.0213483
0.215175 0.00998504 0.213341 0.00947271
0.225402 0.0215276 0.223282 0.0203915
0.208176 0.00705025 0.20676 0.00729174
0.211405 0.013286 0.209264 0.012954
0.213106 0.00837504 0.211545 0.00807809
0.208583 0.00545535 0.206851 0.00508787
0.21111 0.0145176 0.208932 0.0144389
0.212057 0.00867945 0.209805 0.00889296
0.217024 0.0135546 0.215162 0.0130336
0.207879 0.00724557 0.206475 0.00723859
0.207282 0.00349159 0.205868 0.00378649
0.210845 0.0070689 0.209204 0.00687773
0.209237 0.00614199 0.207037 0.00619216
0.221034 0.0130728 0.218508 0.0121553
0.214785 0.0130685 0.212469 0.0124747
0.218969 0.0181778 0.216543 0.0177666
0.216049 0.0116058 0.214575 0.0111051
0.214521 0.00889275 0.212588 0.00948543
0.217764 0.0133642 0.215875 0.0127774
0.213589 0.0112768 0.21163 0.0109417
0.213261 0.0096197 0.210722 0.0095512
0.206413 0.00578669 0.204034 0.0056884
0.220854 0.0185427 0.219243 0.0179643
0.211489 0.0078486 0.210081 0.00774531
0.218468 0.00983001 0.21641 0.00891422
0.213646 0.0131273 0.211645 0.0127271
0.209793 0.0119123 0.207587 0.0113965
0.215393 0.0116981 0.212872 0.011443
0.208946 0.00768185 0.20756 0.00761035
0.220203 0.0129758 0.218482 0.0126059
0.208474 0.00644855 0.206794 0.00669046
0.210514 0.00522747 0.20869 0.00562061
0.218026 0.0180658 0.215832 0.0175855
0.21149 0.0058716 0.209366 0.00589923
0.214487 0.00984489 0.212623 0.0100171
0.213617 0.00856338 0.211393 0.00840835
0.222079 0.0168444 0.219899 0.0161057
0.221423 0.0172811 0.219123 0.0171707
0.211765 0.00633581 0.209481 0.00686806
0.21594 0.00629529 0.213973 0.0059032
0.219934 0.0100854 0.218052 0.0108887
0.222461 0.00981321 0.220392 0.00921889
0.216805 0.0133912 0.214384 0.0136504
0.21828 0.0110774 0.215538 0.0102902
0.223894 0.0152621 0.221298 0.0143335
0.212455 0.0047821 0.210257 0.00499687
