0.0460069 0.00223949 0.046365 0.00196887
0.114883 0.00122877 0.113546 0.00140736
0.12335 0.0165042 0.121758 0.0162413
0.121462 0.00310913 0.119679 0.0030572
0.132739 0.0157343 0.131348 0.0151422
0.146471 0.0184249 0.144602 0.0178277
0.150704 0.0261461 0.148712 0.0253089
0.146098 0.00953711 0.144255 0.0095405
0.174978 0.0351931 0.172466 0.0335283
0.164018 0.0184419 0.162566 0.0182171
0.174664 0.0118596 0.173345 0.0107509
0.182415 0.0212992 0.180715 0.0197989
0.205497 0.0261764 0.203304 0.0246141
0.209838 0.0286361 0.207842 0.0264813
0.209392 0.0278419 0.20708 0.026602
0.205644 0.0158357 0.203768 0.0145714
0.214033 0.0213812 0.211064 0.0205623
0.223033 0.0161639 0.220716 0.0158295
0.231165 0.029824 0.228176 0.029
0.223801 0.0142441 0.222531 0.0148022
0.23858 0.014577 0.235622 0.0138359
0.241556 0.015236 0.239404 0.0146641
0.238812 0.00786915 0.236422 0.00751262
0.255313 0.0160613 0.253141 0.0156441
0.255788 0.0135593 0.252487 0.0129268
0.258532 0.0169216 0.255935 0.016199
0.27523 0.0170742 0.27261 0.0187517
0.268715 0.00957316 0.266985 0.00971479
0.272204 0.0123832 0.269601 0.0144328
0.276126 0.0151576 0.272388 0.0148718
0.279302 0.0133005 0.277306 0.0130727
0.28404 0.0146935 0.279242 0.0128722
0.295721 0.0177159 0.292487 0.0161745
0.297213 0.014957 0.294938 0.0152186
0.290977 0.0142491 0.287223 0.014658
0.291367 0.0121212 0.287132 0.0122953
0.301347 0.0171901 0.298278 0.0169203
0.313842 0.0187497 0.309415 0.0196898
0.312951 0.0272123 0.308586 0.0266273
0.31291 0.0102208 0.309127 0.0101144
0.330522 0.020498 0.327301 0.0214873
0.326676 0.0142267 0.32189 0.0140757
0.326242 0.0177984 0.32223 0.0166406
0.319685 0.0141986 0.316932 0.0143014
0.328323 0.0233422 0.324054 0.0224336
0.342085 0.0181781 0.339061 0.0175431
0.336293 0.0134266 0.331442 0.014566
0.340509 0.0204641 0.335909 0.0190204
0.340858 0.016824 0.336753 0.0178556
0.346498 0.021452 0.342521 0.0227128
0.342592 0.0184098 0.337119 0.0169403
0.346626 0.0203653 0.341979 0.021432
0.362429 0.0248387 0.359514 0.0251805
0.351844 0.0166392 0.348863 0.0177716
0.37546 0.0250491 0.371667 0.0249978
0.350758 0.0167394 0.348827 0.0153037
0.371208 0.0156934 0.367215 0.0147551
0.357803 0.0186319 0.354977 0.021005
0.373321 0.0298747 0.37025 0.0269733
0.379457 0.0347834 0.376141 0.0343944
0.388704 0.0274493 0.385993 0.0275735
0.383952 0.0268911 0.38201 0.0267929
0.405757 0.0311198 0.403555 0.0312543
0.385452 0.0355157 0.378626 0.0357552
0.381087 0.0137969 0.37873 0.0123161
0.39904 0.0225183 0.394709 0.0224393
0.404767 0.0187981 0.400103 0.0202391
0.412223 0.032563 0.409684 0.0344313
0.386695 0.0215979 0.385301 0.0203781
0.406161 0.0196291 0.402943 0.0220612
0.406043 0.0205452 0.403054 0.0188599
0.419671 0.0302283 0.417037 0.0294052
0.422675 0.0279447 0.418851 0.0285395
0.420335 0.0282341 0.413515 0.0271138
0.410786 0.0203283 0.407274 0.0183149
0.399881 0.016856 0.397023 0.0150652
0.434163 0.0309298 0.43001 0.0307751
0.436951 0.0348469 0.434736 0.0370408
0.421022 0.0163975 0.416054 0.0173212
0.441472 0.0316706 0.438131 0.033047
0.439867 0.031855 0.437108 0.0333035
0.448798 0.0367453 0.443475 0.0379328
0.454087 0.0387532 0.45215 0.03934
0.445315 0.0258813 0.440368 0.0256089
0.449422 0.0485669 0.44462 0.0497575
0.455282 0.0383961 0.44826 0.0378464
0.461705 0.037078 0.45529 0.0345139
0.468976 0.0329312 0.462275 0.0332983
0.468027 0.0231244 0.463652 0.023447
0.460914 0.0238308 0.45751 0.0251582
0.445896 0.0355733 0.440526 0.0352083
0.454506 0.015346 0.448461 0.01763
0.485655 0.0302331 0.480518 0.0298027
0.481584 0.0314815 0.478249 0.032441
0.477833 0.0232891 0.476214 0.0233048
0.498794 0.0318256 0.493935 0.0344346
0.506383 0.0515275 0.502439 0.0518173
0.494332 0.0335634 0.489751 0.0314736
0.487372 0.0426963 0.484941 0.0419157
0.495102 0.0334798 0.487717 0.0321845
