0.0556219 0.00878185 0.0558358 0.00851371
0.0519347 0.00600697 0.0521831 0.00580512
0.0508284 0.0113075 0.0511123 0.0109976
0.0512382 0.00601738 0.0514524 0.00581465
0.0494599 0.0054528 0.049713 0.00534697
0.0460555 0.00669883 0.0463949 0.00657516
0.0600998 0.0347363 0.0602025 0.0341672
0.0447087 0.00691729 0.0450307 0.00672897
0.059436 0.0383979 0.0595349 0.0379308
0.0454282 0.00810042 0.0456676 0.00786753
0.0462917 0.016215 0.0466203 0.015821
0.0744973 0.0433918 0.0743559 0.0427912
0.0517531 0.0162546 0.0519144 0.0158891
0.0435877 0.00610463 0.0439419 0.00593288
0.0426585 0.00692128 0.0431172 0.00667426
0.0463723 0.0072589 0.0466412 0.00716266
0.0585655 0.0188935 0.0585542 0.0184784
0.0434509 0.00576593 0.0437916 0.00551367
0.0429903 0.00504416 0.0433959 0.00484443
0.0459078 0.00948768 0.0462325 0.00917996
0.0438617 0.0133806 0.0442663 0.0130719
0.0434995 0.00791719 0.0439992 0.00766561
0.0490739 0.0159334 0.0494872 0.0156383
0.0515611 0.0308483 0.051879 0.030315
0.0399545 0.00304555 0.0404506 0.00290708
0.0487457 0.0101221 0.0489831 0.00987106
0.0456363 0.0117392 0.0459612 0.0113541
0.0447393 0.00826411 0.0450977 0.00794129
0.0607535 0.0427878 0.0609019 0.042255
0.0546323 0.0201921 0.0548198 0.0197392
0.0397367 0.00461444 0.0402577 0.00438468
0.0403682 0.00677072 0.0408614 0.00660042
0.0466037 0.00758666 0.0469816 0.0073687
0.0433029 0.00906882 0.0436908 0.0089269
0.0517537 0.0157767 0.0519918 0.0154927
0.06079 0.0400139 0.0610015 0.0393539
0.0412549 0.004443 0.0416881 0.0042911
0.0532909 0.0334353 0.0535916 0.0329537
0.0487403 0.0135995 0.0490321 0.0133302
0.0456888 0.00848161 0.0463167 0.00844646
0.0408428 0.00625757 0.04152 0.00613366
0.0500215 0.0171284 0.0504326 0.0169012
0.0466515 0.00484363 0.0471799 0.00484475
0.0442922 0.00720351 0.0447412 0.00706933
0.0482409 0.0137313 0.0486826 0.0135179
0.0420407 0.00704894 0.0425717 0.00702123
0.0455285 0.0118793 0.0459399 0.0116603
0.0420975 0.00563821 0.0425467 0.00539573
0.0462183 0.0110672 0.0467562 0.0108327
0.0594915 0.0382713 0.0598018 0.0376955
0.0488766 0.0182408 0.0492955 0.0179808
0.048005 0.0126587 0.0485319 0.0125774
0.0437463 0.00882217 0.0443012 0.00855431
0.0744386 0.045858 0.0744251 0.0450763
0.048509 0.0235424 0.0489883 0.0231694
0.0417928 0.00723489 0.0422989 0.00716813
0.0443921 0.017824 0.0449418 0.017486
0.0496404 0.0246118 0.0501594 0.0241822
0.0675226 0.0407598 0.0679031 0.040114
0.0409272 0.00781098 0.0415064 0.00767924
0.0403519 0.00677695 0.0409488 0.00667516
0.0450681 0.00823523 0.045539 0.00817079
0.0578094 0.0313359 0.0583007 0.0309442
0.0503956 0.0195663 0.0507596 0.0192319
0.0405493 0.00517495 0.0411541 0.00512674
0.0438933 0.00586816 0.0444336 0.00572585
0.0477231 0.0113626 0.04846 0.0113307
0.0496202 0.0168966 0.0500916 0.0165519
0.0469238 0.013528 0.04744 0.0133534
0.0557974 0.0332851 0.0560409 0.0327872
0.0547269 0.027921 0.0551365 0.0274895
0.0512332 0.0295275 0.0516043 0.0290404
0.0457105 0.00593606 0.0462498 0.00573932
0.0418365 0.0111797 0.0423252 0.010919
0.0534725 0.0211541 0.0537588 0.0207101
0.0609769 0.0189384 0.0611215 0.0185391
0.0437044 0.00906309 0.0443256 0.00912853
0.0451547 0.0111542 0.0456103 0.0109278
0.0454297 0.0112499 0.0457895 0.0109368
0.0570799 0.026166 0.0576173 0.0258381
