0.779229 0.0246626 0.77024 0.0260294
0.792855 0.000779558 0.785243 0.000902967
0.797628 0.00392902 0.789138 0.00477711
0.804882 0.0182173 0.796466 0.0187189
0.805661 0.00920176 0.79634 0.00856794
0.814163 0.0131481 0.805734 0.0122605
0.8222 0.0212606 0.814763 0.0207633
0.81992 0.0124114 0.812261 0.0117537
0.841983 0.0305023 0.832547 0.028984
0.831204 0.0219462 0.822082 0.02258
0.851133 0.02166 0.841561 0.0206634
0.839076 0.0149623 0.831805 0.0147133
0.847555 0.0185771 0.836386 0.0187124
0.843247 0.0156746 0.835256 0.0140843
0.855471 0.0275702 0.849212 0.0293575
0.841441 0.00955337 0.833539 0.00748225
0.864986 0.034944 0.856414 0.0347475
0.859203 0.00978105 0.848737 0.0106356
0.867734 0.0161638 0.859842 0.0170886
0.868252 0.0200586 0.85962 0.0216028
0.873627 0.0167696 0.863048 0.0183318
0.873216 0.0394453 0.864437 0.0420084
0.87055 0.0195622 0.862414 0.0190426
0.88249 0.0209442 0.873726 0.0198508
0.877442 0.016775 0.86856 0.0171277
0.877895 0.0230603 0.869844 0.0234458
0.886831 0.0180429 0.876582 0.0180514
0.880613 0.0145109 0.872036 0.0135308
0.873077 0.0108845 0.865542 0.0111123
0.890296 0.0179176 0.879115 0.0191517
0.887877 0.0177049 0.878283 0.017177
0.884285 0.012725 0.875103 0.0117726
0.88272 0.0108282 0.873189 0.0119224
0.888531 0.0138629 0.879462 0.0143191
0.890161 0.0133467 0.87857 0.015382
0.899483 0.0156038 0.889234 0.0168539
0.902722 0.0141851 0.894449 0.0138247
0.895309 0.0164712 0.885748 0.0156131
0.902762 0.0143342 0.891129 0.0128978
0.896456 0.0172991 0.887767 0.0178713
0.893497 0.0122399 0.883717 0.0110694
0.90655 0.0170467 0.897791 0.0169315
0.906216 0.0179238 0.896304 0.0192623
0.89883 0.0135797 0.888823 0.0123789
0.909217 0.0205935 0.89844 0.0215979
0.908675 0.0273531 0.898576 0.0304438
0.902198 0.0135178 0.89391 0.0141122
0.905469 0.0128486 0.896318 0.0115622
0.911416 0.0159104 0.901695 0.0155934
0.908961 0.0131057 0.89801 0.0149868
0.897131 0.0122661 0.887994 0.0129424
0.912573 0.0110312 0.904173 0.0135109
0.906663 0.0121912 0.897201 0.0122307
0.916399 0.0169252 0.907964 0.0169045
0.90873 0.0109539 0.902703 0.0103759
0.91045 0.0216472 0.901535 0.0240308
0.901659 0.0125912 0.893625 0.0129884
0.916043 0.0164477 0.905903 0.016047
0.906032 0.0153152 0.896348 0.0158836
0.91307 0.016427 0.902521 0.0174638
0.917849 0.0155285 0.909513 0.0172983
0.919861 0.0250088 0.910133 0.0253446
0.914934 0.0143481 0.904863 0.014835
0.917408 0.013622 0.908727 0.0139855
0.914899 0.0205304 0.908201 0.0232576
0.917894 0.0141062 0.908266 0.0132603
0.922621 0.010859 0.911821 0.0113309
0.925505 0.011792 0.91635 0.01312
0.921359 0.00832092 0.915622 0.0102357
0.932334 0.0194561 0.923164 0.0199715
0.923911 0.0158237 0.916876 0.0143623
0.926299 0.0170788 0.919843 0.0188229
0.919792 0.0155351 0.91068 0.0138309
0.934267 0.0155127 0.92652 0.016289
0.918491 0.00838626 0.910315 0.00743981
0.931457 0.0161479 0.922347 0.0166173
0.925986 0.0147943 0.918869 0.013541
0.921625 0.0141785 0.914616 0.0138036
0.92322 0.0128544 0.91635 0.0148922
0.925429 0.0114846 0.918078 0.0121377
0.936749 0.0124408 0.927232 0.0164294
0.931972 0.0178991 0.925693 0.0189098
0.923401 0.0120912 0.913431 0.0140086
0.929685 0.0165393 0.921588 0.0189458
0.927509 0.0133418 0.919501 0.0154123
0.926881 0.0111392 0.918163 0.012536
0.938683 0.0124892 0.930033 0.0140479
0.926455 0.0104272 0.919148 0.00888598
0.938645 0.0142945 0.932826 0.0149615
0.92838 0.0110603 0.921016 0.0110669
0.930319 0.01969 0.923439 0.0205852
0.944592 0.0171059 0.937379 0.0192935
0.936829 0.0182065 0.929153 0.0202149
0.934212 0.0158704 0.92732 0.0155356
0.937264 0.0122834 0.93068 0.015999
0.936434 0.016576 0.928149 0.014539
0.935072 0.0166107 0.927846 0.0182069
0.944406 0.0112713 0.93568 0.0124855
0.938495 0.0131703 0.929782 0.012322
0.929203 0.00986901 0.921597 0.00834738
