0.0664723 0.0419382 0.0665691 0.0414364
0.0837573 0.0531204 0.083545 0.0525138
0.0665216 0.0394949 0.0664127 0.038984
0.0525677 0.0170931 0.052762 0.016655
0.0636436 0.0392976 0.0635969 0.0388165
0.0811727 0.0514357 0.0809515 0.0507276
0.0723354 0.0475338 0.0722719 0.0469059
0.0695335 0.0449778 0.069491 0.0444919
0.0504774 0.0115307 0.0507169 0.0112963
0.0671707 0.0359758 0.0670768 0.0354145
0.0660543 0.0261347 0.065918 0.0256314
0.0609168 0.0415731 0.0609842 0.0410896
0.0597226 0.0225063 0.059754 0.0220155
0.0698307 0.0442387 0.0698283 0.0436193
0.0716113 0.0480205 0.0715329 0.047416
0.056162 0.0200265 0.0562746 0.0196475
0.074679 0.0478432 0.0746 0.0472314
0.0750298 0.0423006 0.0749882 0.0417372
0.0504508 0.0320148 0.0507519 0.0315371
0.0477288 0.0163043 0.0480154 0.0158758
0.0795841 0.0537314 0.0794752 0.0530349
0.0615161 0.0296797 0.0614525 0.0291314
0.0562587 0.0342563 0.0564704 0.0337927
0.0488446 0.0215542 0.0491152 0.0210424
0.0451059 0.00990115 0.0454153 0.00960648
0.0520505 0.0192382 0.0522599 0.0187806
0.0903122 0.0409921 0.0899491 0.0404691
0.0793996 0.0456479 0.0791944 0.0451279
0.0943296 0.0520387 0.0939886 0.0513603
0.0553266 0.0118235 0.055644 0.0116903
0.0567957 0.0273851 0.057021 0.0267441
0.0961589 0.0638968 0.0960078 0.0631027
0.0518408 0.0163309 0.0520202 0.0159538
0.0624114 0.0399038 0.0625735 0.03938
0.062436 0.0388394 0.0625174 0.0383563
0.0637631 0.0415789 0.0640753 0.0410673
0.0475533 0.0186184 0.0479919 0.0182496
0.0816069 0.0561923 0.081445 0.0554231
0.0616983 0.0250085 0.061889 0.0247252
0.0688955 0.0380583 0.0690945 0.0375042
0.0770991 0.0483012 0.0771287 0.0476624
0.0558807 0.0390751 0.0561602 0.0385381
0.0425334 0.00643266 0.0430322 0.00620521
0.0453273 0.0121671 0.0456915 0.011853
0.0683443 0.037827 0.0685701 0.0375178
0.0726759 0.0440109 0.0726476 0.043464
0.0533878 0.018291 0.0538787 0.0179666
0.0673105 0.0364186 0.067372 0.0358651
0.0757942 0.0413253 0.0758857 0.0405837
0.0680754 0.038726 0.0682059 0.0382747
0.068461 0.0419401 0.0685408 0.0412818
0.0826688 0.0461014 0.0827193 0.0453524
0.0545773 0.0207967 0.0548541 0.0204818
0.0923388 0.0490746 0.0920827 0.0483882
0.0643994 0.0267496 0.0644903 0.0264014
0.0743279 0.0366821 0.0743595 0.0361043
0.0595899 0.0200234 0.0599428 0.0200113
0.0612991 0.0260758 0.0613469 0.0256223
0.0658879 0.0401805 0.0660928 0.0396034
0.0651596 0.026779 0.0657717 0.026587
0.0629493 0.0296171 0.063361 0.0289697
0.0739063 0.0424288 0.0740203 0.0418142
0.0630843 0.0357578 0.0635452 0.035159
0.0634849 0.0392457 0.0637391 0.0385775
0.0512399 0.012135 0.0515856 0.0118619
0.109932 0.05389 0.109499 0.0532636
0.0550353 0.013489 0.055364 0.0134257
0.053451 0.0143569 0.053907 0.0141423
0.0575891 0.0196634 0.057787 0.0195482
0.0873097 0.0567177 0.0875097 0.0558598
0.0625821 0.0392937 0.0630545 0.0387425
0.0850901 0.0430526 0.0849744 0.0423925
0.0732947 0.0336541 0.0733823 0.0331492
0.0617457 0.0388604 0.0621364 0.0383538
0.0589076 0.0240202 0.0590103 0.0235995
0.0601817 0.0304459 0.0603534 0.0299124
0.0560442 0.0235581 0.0564877 0.0229723
0.0638069 0.0372415 0.0642718 0.0368179
0.0521357 0.0161644 0.0526352 0.0160523
0.0710186 0.0360089 0.071241 0.0355587
