0.537836 0.00378086 0.534514 0.003831
0.542042 0.0141894 0.538654 0.0140397
0.533702 0.00424588 0.530332 0.0043204
0.53115 0.00394924 0.527725 0.00405271
0.530515 0.00571418 0.527104 0.00583114
0.530846 0.00818825 0.527343 0.00833995
0.528974 0.00445184 0.525547 0.00453654
0.523257 0.013466 0.519636 0.0135903
0.519349 0.0099578 0.515728 0.0100945
0.521991 0.00967885 0.518422 0.00983059
0.51429 0.00838537 0.510574 0.00846604
0.516536 0.0104676 0.512827 0.0105354
0.511537 0.00801734 0.507741 0.008164
0.50838 0.0104363 0.50458 0.0105479
0.507696 0.00456508 0.503925 0.00459375
0.511613 0.0137632 0.507908 0.0138762
0.511146 0.0122473 0.507399 0.012326
0.502923 0.0070128 0.499057 0.00700448
0.505877 0.00944022 0.502043 0.0095212
0.508063 0.012941 0.50431 0.012992
0.505484 0.0100329 0.501721 0.00999509
0.51407 0.0158645 0.510232 0.0158222
0.499321 0.0126058 0.495543 0.0125407
0.504474 0.0103838 0.500658 0.0102831
0.50275 0.0170462 0.498938 0.0169532
0.504907 0.0200952 0.50103 0.0198976
0.499881 0.00904659 0.496136 0.00896222
0.498449 0.00710718 0.494731 0.00699463
0.497288 0.0105238 0.493573 0.0104044
0.498466 0.00767335 0.494705 0.00755764
0.499491 0.0113547 0.495772 0.011276
0.496353 0.00592274 0.492667 0.00588232
0.496241 0.00619382 0.492548 0.00609858
0.499417 0.00907831 0.495699 0.00896421
0.498376 0.00890614 0.494712 0.00880308
0.492598 0.00508563 0.489 0.00505727
0.49447 0.00678305 0.490806 0.00667667
0.50061 0.008055 0.496902 0.00795018
0.491846 0.00464989 0.488256 0.00458365
0.493455 0.00808568 0.489804 0.00800679
0.49383 0.00399511 0.490239 0.00394228
0.495205 0.00588427 0.491513 0.00575235
0.50181 0.0123415 0.498107 0.0121537
0.49187 0.00546008 0.488308 0.00541273
0.489784 0.00770832 0.48622 0.00758122
0.496196 0.00895395 0.49266 0.00893049
0.49154 0.00522791 0.488065 0.00518402
0.490045 0.0036661 0.486593 0.00361873
0.492685 0.00694246 0.489112 0.00683765
0.499787 0.0107441 0.496228 0.0106174
0.491219 0.0115849 0.487638 0.0113901
0.493677 0.00819731 0.490113 0.00811243
0.48927 0.00867499 0.485773 0.00855183
0.493045 0.00683494 0.489491 0.00674423
0.488752 0.0038683 0.485323 0.00381184
0.494488 0.00928598 0.490864 0.00917575
0.489738 0.00829571 0.486206 0.00811285
0.491858 0.00676263 0.488377 0.00676517
0.490459 0.00966662 0.486956 0.00954443
0.493926 0.0129108 0.490434 0.0127767
0.488658 0.00588803 0.485183 0.00581596
0.489272 0.00727671 0.485753 0.00718478
0.489746 0.00994314 0.486214 0.00987287
0.490081 0.00532638 0.486588 0.00526899
0.490838 0.00751996 0.487353 0.00738401
0.489303 0.00607991 0.485814 0.00600178
0.488273 0.00854397 0.484767 0.00845994
0.488205 0.00966209 0.484799 0.00958783
0.487146 0.0122896 0.48362 0.0121529
0.491437 0.0103077 0.487928 0.0102245
0.489999 0.0109223 0.486582 0.0107476
0.48778 0.0118948 0.484359 0.0119727
0.48588 0.0122286 0.48236 0.012167
0.488963 0.0118867 0.485502 0.0118275
0.484092 0.00606544 0.480636 0.00607474
0.486385 0.00966842 0.482963 0.00961292
0.487729 0.0153757 0.484249 0.0152241
0.48981 0.00676574 0.486369 0.00668131
0.489693 0.00929701 0.486185 0.00922961
0.488399 0.0191467 0.484936 0.0189729
