0.0289857 0.00534703 0.029517 0.00530159
0.0241194 0.000734788 0.0245721 0.000783757
0.0247666 0.00110275 0.0251728 0.00113753
0.0236391 0.00122118 0.0240819 0.00127418
0.0246176 0.000686867 0.0250515 0.000699146
0.0237466 0.0012017 0.0241267 0.00116301
0.0243166 0.000879659 0.0247066 0.000906259
0.0250349 0.00127624 0.0254747 0.0013273
0.0257878 0.000896576 0.0262303 0.000942686
0.026011 0.000578397 0.0264981 0.000616284
0.027453 0.00140137 0.0280536 0.00152206
0.0273726 0.00139139 0.0279471 0.00143241
0.0282754 0.001268 0.0288714 0.00127574
0.0284216 0.000972421 0.0290785 0.000966011
0.0284675 0.000985407 0.0290361 0.00100278
0.0298097 0.00155902 0.0303731 0.00158212
0.0300557 0.00185886 0.0305728 0.00186799
0.0313079 0.0017366 0.0318437 0.00172914
0.0316447 0.00209046 0.0321658 0.00210926
0.0307375 0.00122369 0.0312198 0.00121998
0.030479 0.000488862 0.0309317 0.000461607
0.0325889 0.00296928 0.0330408 0.00299502
0.0326692 0.00424511 0.0330486 0.00425341
0.0534032 0.00629271 0.0540161 0.00628627
0.0328728 0.00222234 0.0335081 0.00230352
0.0337316 0.00185857 0.0343903 0.00191758
0.0343224 0.00167324 0.0350257 0.0017005
0.0339792 0.00157008 0.0346633 0.00159398
0.0370791 0.001997 0.0377547 0.00193226
0.0364013 0.00180781 0.0371381 0.00183175
0.0370802 0.00162435 0.0377598 0.00157701
0.0365491 0.00223484 0.0372315 0.00224126
0.0367397 0.00126659 0.0374723 0.00129974
0.0364948 0.00153652 0.0371845 0.001574
0.0380544 0.00167445 0.0387612 0.0016872
0.0392256 0.00190014 0.0398889 0.0018747
0.0388636 0.00111816 0.0395329 0.00110364
0.0385873 0.00129692 0.0392657 0.00129557
0.038611 0.00253836 0.0391887 0.00247552
0.0394861 0.001789 0.0401313 0.00178252
0.0389255 0.00318432 0.0394746 0.00310949
0.0349825 0.00439123 0.0355158 0.00438417
0.0380756 0.00358221 0.0384935 0.00351107
0.032335 0.00385191 0.032784 0.00386019
0.0303808 0.00543268 0.030732 0.00549622
0.0285852 0.00572114 0.028892 0.00569738
0.0293073 0.0063192 0.0295557 0.00633313
0.0255583 0.00265081 0.0257767 0.00268303
0.0247792 0.0011891 0.0250048 0.0012485
0.0262781 0.00373539 0.0264324 0.00375209
0.0275042 0.00430402 0.0275405 0.00423109
0.0270638 0.00258657 0.0271302 0.00250407
0.0302692 0.0019255 0.0302621 0.00185225
0.0334982 0.005989 0.0334302 0.00588356
0.0333239 0.00526321 0.0332416 0.00513983
0.0339089 0.00460203 0.0338232 0.00458971
0.03918 0.00549942 0.0390152 0.00538976
0.0378913 0.00425456 0.037736 0.00421714
0.0439981 0.00695924 0.0437292 0.00689563
0.0402314 0.00356357 0.0400338 0.00352461
0.0459102 0.00632853 0.0456634 0.00627807
0.0432014 0.00667678 0.0429945 0.00656688
0.0427608 0.00631577 0.0425325 0.00626343
0.0463402 0.00671076 0.046119 0.00664094
0.0459188 0.00415275 0.0456827 0.00409053
0.0453751 0.00351702 0.0451785 0.00348511
0.0436643 0.00259351 0.0434994 0.00258298
0.0463986 0.00248324 0.0462213 0.00247059
0.045823 0.00344406 0.0456667 0.00341542
0.0432951 0.00278667 0.0431713 0.00278567
0.0460634 0.00279391 0.0459314 0.00275655
0.0434718 0.00517436 0.043364 0.00513334
0.0426742 0.00335422 0.0425946 0.00331747
0.0436603 0.00431764 0.043577 0.0042531
0.0408937 0.00212041 0.0408468 0.00208577
0.0423401 0.0050545 0.0422833 0.00499339
0.0397827 0.00222437 0.0397581 0.0021955
0.0392336 0.00094489 0.0392 0.000919046
0.0402968 0.00412768 0.0402595 0.00408254
0.0403418 0.00315486 0.0402935 0.00310961
