0.461247 0.049147 0.458844 0.0485563
0.481782 0.0586824 0.479125 0.0579428
0.455579 0.0378952 0.452986 0.03721
0.46659 0.0683343 0.463868 0.0676333
0.452474 0.0430375 0.449858 0.0426136
0.453072 0.0350545 0.450453 0.0347259
0.476612 0.0641573 0.473743 0.0635079
0.4534 0.0283986 0.450382 0.0279034
0.4324 0.0248505 0.429977 0.0245569
0.430802 0.0228612 0.428236 0.022386
0.446442 0.0416529 0.443719 0.040897
0.452473 0.0468532 0.449609 0.0463278
0.442308 0.0325459 0.439552 0.0321069
0.440248 0.0222129 0.437578 0.0219197
0.489259 0.0620427 0.486181 0.0614974
0.471303 0.0567687 0.468492 0.0562272
0.441986 0.0457395 0.439303 0.0452963
0.491298 0.0582971 0.488125 0.0577651
0.439921 0.0424086 0.437259 0.0418412
0.447516 0.0528634 0.444897 0.0524078
0.439049 0.021915 0.436356 0.0215223
0.463493 0.0363683 0.460499 0.0359437
0.439077 0.041543 0.436502 0.0411502
0.454344 0.0481418 0.451524 0.0475762
0.435247 0.0310486 0.432668 0.0306483
0.459848 0.0561607 0.457094 0.0556392
0.446037 0.0609164 0.443384 0.0602116
0.45648 0.0582169 0.453654 0.0575021
0.4322 0.0454738 0.42967 0.0449962
0.443296 0.0519708 0.44058 0.0514444
0.454036 0.0659218 0.451414 0.065286
0.428344 0.0189863 0.425752 0.0185214
0.472705 0.0572678 0.469639 0.0567585
0.437236 0.0452716 0.434509 0.0448793
0.453338 0.0407086 0.450536 0.0402156
0.453383 0.0630419 0.450519 0.0623867
0.436662 0.0475596 0.434011 0.0469613
0.448681 0.0621968 0.446108 0.061667
0.456558 0.0659424 0.45381 0.0654308
0.413009 0.0310413 0.410582 0.0306595
0.435403 0.0503991 0.432552 0.0497991
0.427328 0.043137 0.424829 0.0427587
0.434565 0.0370428 0.431769 0.0366031
0.447542 0.0429899 0.444611 0.0425127
0.410624 0.0345035 0.408179 0.0340315
0.453112 0.0607798 0.450497 0.0601704
0.428284 0.0512425 0.42571 0.0505851
0.429984 0.0625543 0.427317 0.0620825
0.439512 0.060161 0.436707 0.0597018
0.457066 0.0429705 0.454142 0.0424945
0.440636 0.0549858 0.437947 0.0544444
0.402375 0.0479975 0.400024 0.0476553
0.398321 0.0223661 0.395895 0.0223232
0.424066 0.0475111 0.421528 0.0469299
0.434947 0.0428189 0.432063 0.0422815
0.430911 0.0591787 0.428185 0.0589317
0.422209 0.0559388 0.419577 0.0554952
0.431076 0.0454787 0.428329 0.0450878
0.404882 0.039808 0.402606 0.0393622
0.437881 0.0542565 0.435037 0.0537389
0.400527 0.0285018 0.398063 0.0279765
0.396114 0.0557093 0.393844 0.0552791
0.428505 0.063244 0.425866 0.0627534
0.374373 0.017437 0.372299 0.0170861
0.425435 0.0636093 0.422677 0.0632301
0.395519 0.0513391 0.39312 0.0507872
0.419072 0.0367788 0.416396 0.0363773
0.384721 0.0331079 0.382611 0.0327069
0.390194 0.0473156 0.387991 0.0467154
0.436007 0.0851478 0.43337 0.0841882
0.402873 0.0579684 0.400679 0.0571941
0.431479 0.0661534 0.428926 0.0654397
0.396254 0.0509668 0.393885 0.0504608
0.372231 0.022459 0.370226 0.0219486
0.416878 0.061781 0.414447 0.0612123
0.411466 0.0630801 0.409287 0.0621848
0.395235 0.0481375 0.393093 0.0475714
0.434095 0.0674466 0.431706 0.0668786
0.423269 0.0613156 0.420694 0.0608195
0.403373 0.0386566 0.401011 0.0381542
