0.445814 0.0337298 0.443643 0.0332032
0.4419 0.0216028 0.439552 0.0211766
0.446303 0.0218076 0.443654 0.0213294
0.445792 0.0180789 0.442996 0.0174717
0.437275 0.0377424 0.434847 0.0371334
0.42165 0.00989379 0.419338 0.00972408
0.439714 0.0449186 0.437038 0.0444689
0.422315 0.0109256 0.419924 0.0106438
0.425796 0.0112856 0.423168 0.0110169
0.430771 0.0353279 0.428028 0.0348813
0.426524 0.0136545 0.423847 0.0133361
0.426306 0.0183721 0.423591 0.0179074
0.43179 0.0167115 0.429099 0.0162497
0.428041 0.0175196 0.42531 0.0170682
0.416868 0.00834458 0.414582 0.00814894
0.429216 0.0143623 0.426418 0.013997
0.424519 0.0144947 0.422043 0.0141511
0.441474 0.0428579 0.43871 0.0422003
0.419732 0.00927711 0.417231 0.00902884
0.428748 0.0214291 0.426101 0.0210095
0.417253 0.0125931 0.414651 0.0123208
0.419923 0.0184233 0.417421 0.0179243
0.416939 0.0121228 0.414534 0.0119578
0.43032 0.0191797 0.427428 0.0187128
0.426246 0.0208731 0.423576 0.0204069
0.428028 0.0274599 0.425306 0.0267939
0.434326 0.0135771 0.431454 0.0131707
0.42997 0.0181781 0.427217 0.0178196
0.424594 0.0149965 0.421957 0.0146855
0.43551 0.028923 0.432604 0.0284316
0.414532 0.0111903 0.412018 0.0109732
0.428652 0.0352917 0.425854 0.0348068
0.442755 0.0333216 0.439763 0.0327532
0.426642 0.0186221 0.423874 0.0181877
0.423417 0.0241583 0.420803 0.0238235
0.424803 0.0205655 0.422154 0.0201719
0.43042 0.0478835 0.427747 0.0473331
0.418894 0.0209304 0.41638 0.0204803
0.410558 0.0138144 0.408056 0.0136068
0.422771 0.0388575 0.420232 0.0382492
0.420511 0.0219966 0.417916 0.0215711
0.426028 0.0237568 0.423387 0.02335
0.416605 0.0249955 0.414015 0.0245652
0.422878 0.0206671 0.420103 0.02027
0.402625 0.0158122 0.40033 0.0156538
0.427752 0.0375106 0.424867 0.0366781
0.421961 0.0232743 0.419111 0.0228027
0.411225 0.0269559 0.408508 0.0266191
0.41406 0.0287232 0.411555 0.0281785
0.399771 0.0156398 0.397371 0.0154466
0.416594 0.0394845 0.414009 0.0388559
0.405197 0.0190345 0.402683 0.0187976
0.39853 0.0215097 0.396144 0.0212821
0.401245 0.0115868 0.398682 0.0114421
0.421594 0.0314783 0.418682 0.0310367
0.409703 0.0238249 0.406984 0.0234171
0.401874 0.0229334 0.399412 0.0226336
0.411307 0.0161232 0.408628 0.0158783
0.397162 0.022131 0.394649 0.021744
0.395671 0.0214403 0.393124 0.0211008
0.402052 0.0476619 0.399474 0.0471626
0.39927 0.0304281 0.396625 0.030226
0.404042 0.0249958 0.401377 0.0246105
0.392565 0.0286201 0.390017 0.0281148
0.403677 0.043741 0.40107 0.0430576
0.401561 0.0324514 0.399029 0.0319644
0.408206 0.0210885 0.40537 0.0207452
0.38895 0.028925 0.38637 0.0282973
0.411593 0.0320979 0.408948 0.0319914
0.374263 0.0281012 0.372069 0.02759
0.37722 0.0311182 0.375188 0.0305486
0.376509 0.0352976 0.374266 0.0346864
0.385635 0.0153092 0.383352 0.0151129
0.403615 0.0422571 0.400986 0.0414746
0.385309 0.0274291 0.383074 0.0269837
0.394798 0.029288 0.392292 0.0288573
0.401003 0.0276017 0.398575 0.0269513
0.373149 0.0213395 0.371038 0.0209435
0.381367 0.0268621 0.378992 0.0266463
0.389789 0.0262554 0.387274 0.025804
