0.526227 0.00148731 0.518605 0.00149156
0.793282 0.000840153 0.784264 0.00061925
0.796015 0.00750117 0.78638 0.00509922
0.795974 0.00237044 0.786601 0.0019652
0.800182 0.00362669 0.790812 0.00358129
0.799211 0.00360365 0.790736 0.00403441
0.8021 0.00302058 0.793216 0.00360022
0.811695 0.0119828 0.802555 0.0116021
0.801673 0.00276398 0.794212 0.00323353
0.809189 0.0141639 0.801104 0.0134509
0.813637 0.0089444 0.804493 0.00801643
0.820088 0.0146745 0.810355 0.0135372
0.823564 0.0121305 0.81405 0.0119195
0.826111 0.0131241 0.815336 0.0137788
0.828979 0.00989405 0.818973 0.00965438
0.825471 0.00795117 0.815663 0.00742607
0.82748 0.00758677 0.817331 0.00731309
0.83018 0.00936629 0.82136 0.00651799
0.841496 0.00981269 0.831187 0.00985174
0.844168 0.00939387 0.833676 0.00842146
0.838476 0.00805457 0.828267 0.00725331
0.838395 0.0108112 0.828749 0.0102047
0.84054 0.0127462 0.832174 0.0103869
0.842937 0.00715077 0.831977 0.00585569
0.850915 0.00868928 0.839802 0.00830473
0.845799 0.00923277 0.835886 0.00876902
0.854424 0.0100373 0.842462 0.0100012
0.852678 0.00920048 0.841866 0.00828636
0.853969 0.00874164 0.844875 0.00756814
0.85214 0.00996769 0.8416 0.0070486
0.857066 0.00842836 0.846349 0.00810933
0.856387 0.00655628 0.844966 0.00590315
0.856703 0.0059261 0.845464 0.00639677
0.863528 0.0069584 0.852121 0.00630381
0.858709 0.00690269 0.84832 0.00579887
0.864391 0.0068175 0.853496 0.00666874
0.863334 0.00399194 0.852444 0.00465216
0.865478 0.00727466 0.85237 0.00733219
0.86153 0.00369312 0.851056 0.00448623
0.865488 0.00352131 0.853354 0.00418005
0.865269 0.00446731 0.853987 0.0049454
0.867833 0.0041145 0.856366 0.0036384
0.866603 0.00345172 0.855265 0.00296472
0.865939 0.00362693 0.854577 0.00336276
0.867977 0.00474961 0.857077 0.00393962
0.869184 0.00477858 0.859171 0.00324518
0.867018 0.00478146 0.855686 0.00482973
0.870903 0.00245478 0.859529 0.00371688
0.872059 0.00349092 0.859829 0.00390765
0.871035 0.0028257 0.859283 0.00254829
0.870275 0.00391186 0.859693 0.00276259
0.875263 0.00414378 0.863777 0.00376668
0.87353 0.00344023 0.86192 0.00290941
0.8763 0.0042781 0.865795 0.00612148
0.875649 0.00564139 0.863099 0.00635624
0.873733 0.00605719 0.864165 0.00460724
0.874274 0.00356884 0.864497 0.00464057
0.875089 0.0039576 0.863799 0.00390584
0.877425 0.00297167 0.864926 0.00247967
0.878102 0.00593007 0.867244 0.00391648
0.879759 0.00790753 0.867736 0.00704289
0.877822 0.00338654 0.867591 0.00455996
0.877561 0.00357899 0.866181 0.00377986
0.877398 0.00452191 0.866524 0.00564988
0.880079 0.00268889 0.867894 0.00336016
0.883593 0.00428047 0.871564 0.00531417
0.879448 0.00422671 0.868499 0.00362896
0.880321 0.00372563 0.870249 0.00456092
0.881302 0.00552586 0.86909 0.00398955
0.881769 0.00389007 0.870134 0.00334527
0.882065 0.00443865 0.870699 0.00392895
0.882962 0.002994 0.872772 0.00320062
0.884695 0.00556354 0.874032 0.00525106
0.885456 0.00814138 0.875773 0.00681049
0.885234 0.00575347 0.87376 0.00509025
0.885894 0.00397356 0.874599 0.0043911
0.882643 0.00358226 0.872352 0.00419216
0.886719 0.00424166 0.87391 0.00434577
0.885998 0.00585915 0.87517 0.00560533
0.888906 0.00627618 0.87597 0.00608125
0.883736 0.00383856 0.874911 0.00404287
0.88577 0.00304708 0.875564 0.00441546
0.887426 0.00822302 0.877126 0.0088839
0.889211 0.00474886 0.8779 0.00636693
0.88769 0.00507144 0.876366 0.0072597
0.890102 0.00663364 0.879029 0.0073478
0.888787 0.0035099 0.878579 0.00443197
0.887762 0.00377214 0.87677 0.00329831
0.890418 0.00298261 0.880794 0.00337922
0.89145 0.00477227 0.880737 0.00324093
0.890325 0.00547275 0.879803 0.00399537
0.893237 0.00547914 0.881473 0.00761825
0.892087 0.00442971 0.881092 0.00438158
0.891244 0.00623245 0.881471 0.0038591
0.892906 0.00692274 0.883538 0.00718208
0.892932 0.00498622 0.881319 0.00529951
0.893573 0.00304123 0.883079 0.00381335
0.894904 0.00615901 0.885615 0.00637282
0.893971 0.0057321 0.883188 0.00607148
0.89413 0.00641736 0.883638 0.00841096
