0.379925 0.0158104 0.379122 0.015535
0.372786 0.0222407 0.37216 0.021519
0.366244 0.0222353 0.365717 0.0215701
0.376779 0.0187775 0.37562 0.0184808
0.390942 0.0251286 0.389558 0.0249477
0.40094 0.0167945 0.399728 0.0174321
0.416319 0.015183 0.415092 0.0152058
0.416731 0.00904246 0.415173 0.00932648
0.414122 0.0117499 0.412438 0.0116785
0.420018 0.00485526 0.418401 0.00473412
0.424274 0.00687205 0.422462 0.00654253
0.420726 0.00927575 0.419134 0.00875379
0.439806 0.0135082 0.437411 0.0131334
0.449051 0.011839 0.446293 0.011682
0.446779 0.0102903 0.443876 0.00999522
0.450367 0.0172788 0.447564 0.016951
0.454052 0.0115158 0.451109 0.0114258
0.459385 0.0107067 0.45642 0.0107432
0.472852 0.0102078 0.469749 0.0101111
0.461957 0.0105449 0.459052 0.0104944
0.468316 0.0193324 0.465482 0.0191307
0.47191 0.0120213 0.469145 0.0117295
0.473866 0.0103107 0.470769 0.0103479
0.492879 0.013856 0.489675 0.0138485
0.493793 0.0139164 0.490534 0.0137408
0.495194 0.0168851 0.491894 0.0168835
0.501673 0.0151073 0.498341 0.015223
0.508788 0.0156862 0.505466 0.0157823
0.502096 0.0165478 0.498784 0.0166123
0.509108 0.0107344 0.505791 0.0108052
0.512745 0.00899639 0.509443 0.00901949
0.516707 0.00914049 0.513518 0.00919439
0.520983 0.00717633 0.517745 0.00720117
0.517561 0.00953533 0.514332 0.00951342
0.521613 0.00565381 0.518382 0.0055355
0.524241 0.00303913 0.520985 0.00299547
0.524923 0.00254406 0.521655 0.00253539
0.526006 0.00403221 0.522715 0.00388784
0.525087 0.00426757 0.521766 0.00419199
0.526342 0.00383768 0.522896 0.00372748
0.525731 0.00302944 0.522261 0.00289208
0.528408 0.0022738 0.524777 0.00214124
0.529825 0.00646108 0.526206 0.00631752
0.532761 0.00517279 0.52896 0.00498522
0.53385 0.00446459 0.530068 0.00431907
0.538267 0.00513986 0.534271 0.00504787
0.541031 0.00928356 0.536933 0.00901625
0.542162 0.013095 0.538106 0.0128815
0.553408 0.0168706 0.549151 0.0166544
0.548298 0.00859695 0.544026 0.00843348
0.563543 0.0226768 0.559078 0.0223816
0.552274 0.0089829 0.547933 0.00882628
0.591976 0.0360996 0.58726 0.0359282
0.580838 0.0223203 0.576259 0.0221825
0.612466 0.0367347 0.607707 0.0366093
0.599425 0.0249252 0.594718 0.0248692
0.6148 0.0349101 0.610078 0.0348628
0.616768 0.025065 0.612002 0.0249954
0.638487 0.0216221 0.633635 0.0216926
0.638701 0.0373378 0.634031 0.0374484
0.649217 0.0195886 0.644616 0.0196589
0.655915 0.0202938 0.651286 0.0204407
0.663482 0.0233097 0.65895 0.0233835
0.671126 0.0134365 0.666603 0.0136345
0.676651 0.0115688 0.672343 0.0116049
0.68067 0.0124062 0.676415 0.0124162
0.685948 0.00954683 0.681706 0.00962147
0.672439 0.0149936 0.668202 0.0151711
0.676155 0.00680597 0.6722 0.00684037
0.681362 0.00545818 0.677481 0.00536478
0.677744 0.00866253 0.673734 0.00864652
0.681296 0.00972572 0.677596 0.00947238
0.67307 0.00372879 0.669566 0.00359803
0.671135 0.00513595 0.667724 0.00500248
0.679688 0.00975298 0.676025 0.00942388
0.674031 0.00755074 0.670662 0.00725246
0.673281 0.0068506 0.669949 0.00657704
0.672854 0.00982808 0.669636 0.00952201
0.674309 0.0102368 0.671104 0.00991767
0.6711 0.00355249 0.667969 0.00335533
