0.0635855 0.00619248 0.0633249 0.00610094
0.0631901 0.00271513 0.0629237 0.00266224
0.0694396 0.0103247 0.0690995 0.0102099
0.0651272 0.00511853 0.0648376 0.00503209
0.0639769 0.0033322 0.0636948 0.00326765
0.0730531 0.00691147 0.0726592 0.00679871
0.0700768 0.00857766 0.0697116 0.00848554
0.0643279 0.0060218 0.0640436 0.00594301
0.0716541 0.00714987 0.071256 0.00706705
0.0666542 0.00669058 0.0663358 0.00659661
0.0650021 0.00612347 0.0646765 0.00603556
0.0662011 0.00698059 0.0658623 0.00688019
0.06467 0.00864451 0.0643741 0.00852445
0.0654951 0.0116064 0.0651847 0.0115053
0.0665174 0.0133722 0.0661828 0.0132658
0.0622224 0.00775644 0.0619251 0.00763077
0.069184 0.0147203 0.0688215 0.0146063
0.0632936 0.00857579 0.0630004 0.00845894
0.0680676 0.0112615 0.0676833 0.0111518
0.068198 0.00695414 0.0678193 0.00686755
0.0601485 0.0110721 0.0598535 0.010965
0.0577481 0.0105707 0.0574819 0.0104324
0.0599558 0.00912987 0.0596807 0.00897338
0.0614267 0.00986435 0.0611262 0.00972536
0.0548232 0.00477014 0.0545747 0.0046587
0.0570062 0.0108489 0.0567502 0.0107182
0.0580215 0.00737001 0.0577233 0.0072669
0.0575984 0.00832416 0.0573125 0.00820296
0.0582315 0.00719174 0.0579288 0.00708073
0.053654 0.0078727 0.0534228 0.00771748
0.0532909 0.0044377 0.0530629 0.00432418
0.0535419 0.0105328 0.0533263 0.0103579
0.0534608 0.00719097 0.0532534 0.00704362
0.0514589 0.0069007 0.0512587 0.00676617
0.05194 0.00859905 0.0517579 0.00846569
0.0564946 0.0120079 0.0562286 0.0118062
0.0544534 0.00817337 0.0541952 0.0080147
0.0528348 0.00894503 0.0526368 0.00876548
0.0544707 0.00896629 0.0541902 0.00882981
0.0524427 0.00646361 0.0522009 0.00631594
0.0490188 0.0081798 0.0489045 0.00797018
0.0618894 0.0165218 0.0615758 0.0162972
0.0550225 0.0124106 0.0547638 0.0122623
0.0507316 0.00736692 0.0505521 0.00718413
0.0535119 0.0126476 0.0533171 0.0124536
0.0518341 0.00803927 0.0516369 0.00785124
0.0522089 0.00643581 0.0519707 0.00629206
0.0550776 0.0125082 0.0548778 0.0123243
0.0496273 0.00925791 0.0495079 0.00900809
0.0585342 0.0137351 0.0582244 0.0135894
0.048506 0.005886 0.0483668 0.00572985
0.0451041 0.00618689 0.0451491 0.00598726
0.0531598 0.0103445 0.0529284 0.0101613
0.0465694 0.00677167 0.0465048 0.00660978
0.0440126 0.00398226 0.043997 0.00385405
0.0523167 0.0173621 0.0521996 0.0171463
0.0459299 0.00566493 0.0458747 0.00551637
0.0488448 0.00761679 0.0487164 0.00744673
0.0480086 0.00757773 0.0479008 0.0073863
0.053242 0.0104972 0.053017 0.0103241
0.052114 0.0122372 0.0519821 0.011987
0.0471887 0.00460169 0.0470814 0.00441845
0.0490837 0.0128359 0.0490169 0.0126115
0.0447687 0.00363543 0.0447634 0.00348143
0.0443784 0.00542905 0.0444261 0.00520283
0.0500459 0.00757166 0.049872 0.00737974
0.0496486 0.0122661 0.04957 0.0120433
0.0438649 0.00323034 0.0439302 0.00300371
0.0491023 0.0110984 0.0490386 0.0108492
0.0482656 0.009331 0.04817 0.00914217
0.0515029 0.0148574 0.0514762 0.014517
0.0456476 0.00764562 0.0456967 0.00749236
0.0443677 0.00502299 0.0444246 0.00483039
0.046878 0.00729781 0.0469037 0.00705765
0.0420545 0.00285027 0.04227 0.00268787
0.0460114 0.00494571 0.0460426 0.00477215
0.043457 0.00382164 0.0435194 0.00365354
0.0445752 0.00588651 0.0446684 0.00575042
0.0448915 0.00553313 0.0449653 0.00532114
0.0445874 0.00274466 0.0446473 0.00265206
