0.616992 0.0320911 0.609945 0.0322939
0.609993 0.0347378 0.604313 0.0348798
0.599194 0.0268876 0.595204 0.0269385
0.614933 0.0341351 0.609178 0.0328968
0.608827 0.0352316 0.604292 0.0357014
0.615382 0.037522 0.608994 0.0372225
0.623952 0.0253528 0.619185 0.0231294
0.62662 0.0259925 0.619525 0.02635
0.612599 0.0301553 0.605763 0.029943
0.618834 0.0337873 0.61418 0.0333562
0.592787 0.0249388 0.587786 0.0237609
0.624627 0.0285144 0.619332 0.0278547
0.609303 0.0226244 0.603133 0.0222403
0.607155 0.0265142 0.601144 0.0257314
0.606895 0.0220873 0.600133 0.0223029
0.61036 0.0243973 0.605256 0.0237888
0.605751 0.0256825 0.600122 0.0242773
0.611772 0.0316459 0.604803 0.0307086
0.617788 0.0305972 0.610397 0.0289054
0.596758 0.0268351 0.590957 0.0258451
0.622443 0.0251814 0.616997 0.0247546
0.609109 0.0257782 0.602631 0.0255821
0.616697 0.0388824 0.611283 0.0377566
0.6081 0.0342039 0.602788 0.0344586
0.606684 0.0273822 0.601765 0.027391
0.615984 0.0274376 0.611273 0.0277582
0.595645 0.0269593 0.590322 0.0262066
0.615275 0.0381488 0.608918 0.0367548
0.593663 0.0298469 0.589053 0.0313141
0.600682 0.0249273 0.593431 0.0255269
0.601064 0.0204908 0.594849 0.020487
0.611686 0.0274063 0.606884 0.0264994
0.611804 0.0248056 0.606921 0.0235186
0.602174 0.0314484 0.595655 0.0307936
0.616326 0.0222265 0.609229 0.0227683
0.609984 0.0285782 0.602494 0.0278104
0.597549 0.033821 0.58985 0.0338741
0.603629 0.028714 0.599241 0.0290436
0.598994 0.0247155 0.59248 0.0257021
0.599576 0.0315756 0.594109 0.0311392
0.590371 0.03372 0.583831 0.0327064
0.6008 0.0266462 0.594693 0.0258069
0.596012 0.0251955 0.590541 0.0247055
0.603143 0.030135 0.595886 0.0293857
0.602344 0.021159 0.595554 0.0200372
0.57471 0.0187487 0.568983 0.0162004
0.578873 0.0180447 0.572875 0.0162867
0.602442 0.0177717 0.596916 0.018074
0.605143 0.0349552 0.598703 0.0348398
0.605142 0.0291567 0.599065 0.0287519
0.601922 0.0374289 0.595634 0.0381015
0.593365 0.0323884 0.587567 0.0333743
0.611919 0.026003 0.606286 0.0263326
0.61286 0.0252882 0.605629 0.0245834
0.580615 0.0160586 0.57513 0.0182725
0.587571 0.017982 0.581093 0.0199049
0.588281 0.0362142 0.581447 0.0372073
0.594978 0.0285262 0.587495 0.0299101
0.594749 0.0265289 0.589066 0.0257799
0.59325 0.0280306 0.588367 0.0276225
0.593617 0.0271758 0.588804 0.025096
0.608445 0.0337068 0.601483 0.0346632
0.605936 0.0258961 0.600335 0.0253553
0.596332 0.0261493 0.591168 0.0246336
0.596396 0.0194291 0.588455 0.0208462
0.593307 0.0268209 0.585873 0.027328
0.591496 0.0269218 0.585214 0.0266172
0.593555 0.028048 0.587221 0.0278425
0.599612 0.0273192 0.593011 0.0257538
0.58909 0.0299915 0.582845 0.0299512
0.602716 0.027518 0.597903 0.027152
0.5866 0.0291331 0.58059 0.0298785
0.583236 0.0217842 0.578554 0.0210203
0.601911 0.0165745 0.59519 0.017283
0.602916 0.0322209 0.596212 0.0316442
0.600696 0.0239856 0.594208 0.0225163
0.585554 0.0305665 0.578949 0.0309114
0.599748 0.0183572 0.592188 0.0184924
0.584597 0.0269432 0.578238 0.0276293
0.597404 0.0265152 0.591454 0.0274685
