0.788464 6.32133e-05 0.784884 6.15232e-05
0.788465 3.52936e-05 0.784888 3.58621e-05
0.788495 3.97192e-05 0.784916 3.90902e-05
0.788492 5.27799e-05 0.784912 5.34652e-05
0.788467 5.45686e-05 0.784888 5.3884e-05
0.788473 4.92199e-05 0.784892 4.87722e-05
0.788481 4.35579e-05 0.784905 4.33986e-05
0.788477 3.31146e-05 0.784898 3.27768e-05
0.788472 3.52801e-05 0.784891 3.50261e-05
0.788507 3.15892e-05 0.784925 2.81417e-05
0.788473 4.79214e-05 0.784888 4.35595e-05
0.788477 6.66759e-05 0.784884 6.60375e-05
0.788418 8.28446e-05 0.784829 8.43803e-05
0.78832 0.000111033 0.784727 0.00011096
0.788238 0.000191196 0.784644 0.000198597
0.787883 0.000281447 0.784289 0.000283997
0.787236 0.000532709 0.783626 0.000536382
0.786939 0.000937807 0.783334 0.000937945
0.785978 0.00119935 0.782362 0.00121556
0.78375 0.00259607 0.780114 0.00261102
0.784111 0.00202559 0.780466 0.00203084
0.777837 0.00418167 0.774166 0.00417619
0.774776 0.00453902 0.771087 0.00459523
0.767354 0.0110181 0.763659 0.0110657
0.762658 0.0102147 0.758842 0.010314
0.756623 0.0103136 0.752817 0.0103948
0.752582 0.0150977 0.748741 0.0152213
0.745021 0.0149296 0.741003 0.0151149
0.734334 0.00562197 0.730175 0.0057666
0.736218 0.00634841 0.732238 0.00649313
0.728191 0.00240415 0.724002 0.00243704
0.731529 0.00740423 0.727447 0.00757597
0.729178 0.007295 0.724999 0.00747882
0.726316 0.00257313 0.722058 0.00266981
0.724476 0.00126124 0.720151 0.00138563
0.724293 0.000327558 0.719932 0.000360553
0.724597 0.000764459 0.720278 0.000838696
0.723986 0.00028125 0.719595 0.000302633
0.724053 0.000267783 0.719688 0.000311937
0.72611 0.00451896 0.721802 0.00469353
0.72406 0.000273051 0.719695 0.000317063
0.723999 0.000276667 0.719594 0.000296241
0.723923 0.000253264 0.719548 0.000279708
0.723918 0.000484464 0.719514 0.000481958
0.723701 0.000391582 0.719318 0.000408856
0.722758 0.000977688 0.718382 0.00098359
0.721862 0.00133577 0.717512 0.0013048
0.722101 0.00167279 0.717755 0.00168177
0.718898 0.00222444 0.714588 0.00218828
0.717701 0.00299817 0.713412 0.00296512
0.717316 0.00391726 0.71307 0.00385434
0.715217 0.00545578 0.711021 0.00534202
0.707724 0.00558319 0.703641 0.00549425
0.708018 0.00752587 0.703957 0.00739368
0.704316 0.00240054 0.700295 0.00232783
0.705703 0.00833928 0.701693 0.00819042
0.700057 0.00385817 0.69611 0.00376227
0.697401 0.000937263 0.693523 0.000867685
0.697512 0.00408518 0.69362 0.00394618
0.700129 0.00792125 0.696208 0.00775847
0.697538 0.00295601 0.693654 0.00284037
0.699152 0.00604113 0.695249 0.00589663
0.692237 0.00269378 0.688455 0.00264803
0.692916 0.00591008 0.689095 0.00580336
0.693274 0.0046046 0.689506 0.00452714
0.68308 0.00764863 0.679477 0.00747698
0.681903 0.00753426 0.678341 0.00735457
0.685129 0.00714664 0.6815 0.00698493
0.685031 0.00835011 0.681428 0.00816122
0.677946 0.00955848 0.674557 0.00932082
0.676825 0.00810096 0.673507 0.0078777
0.678036 0.00907269 0.674651 0.00884786
0.673425 0.00517561 0.670239 0.0050069
0.671547 0.00191848 0.668453 0.00178638
0.674759 0.0102502 0.671615 0.00992508
0.674193 0.0068141 0.671026 0.00652677
0.674476 0.0103772 0.671347 0.0100678
0.670655 0.00129625 0.667656 0.00118136
0.67075 0.00123719 0.667757 0.0011073
0.674546 0.00873948 0.671421 0.00843537
