0.642531 0.0222661 0.63642 0.0218071
0.640497 0.0260652 0.634373 0.0269057
0.640338 0.0279064 0.633998 0.0273466
0.641452 0.0245806 0.635955 0.0248224
0.642185 0.0260105 0.636106 0.0255724
0.647353 0.0267981 0.640649 0.0264614
0.649566 0.0203092 0.641593 0.0197388
0.655468 0.0183552 0.649205 0.0190617
0.638742 0.020965 0.631893 0.0223369
0.639527 0.0258935 0.633152 0.0269311
0.643355 0.0219638 0.637057 0.0219856
0.648681 0.0169561 0.641123 0.0166451
0.636095 0.0240187 0.629819 0.0238106
0.622126 0.0265825 0.616313 0.0261278
0.64671 0.0190521 0.639339 0.0188101
0.629293 0.0252582 0.623685 0.025457
0.640364 0.0262903 0.634978 0.0252727
0.639266 0.0212376 0.632012 0.022694
0.622637 0.0248211 0.617225 0.0257087
0.626516 0.0167586 0.619566 0.0175014
0.630642 0.0190461 0.624514 0.0177843
0.638192 0.0236489 0.631974 0.0242589
0.642132 0.0155326 0.636373 0.0155935
0.625645 0.0229112 0.618111 0.0232856
0.633336 0.0300545 0.625688 0.0290773
0.636685 0.0255134 0.628559 0.0265288
0.644048 0.0200897 0.637002 0.0189107
0.631586 0.0188706 0.623929 0.0206642
0.62995 0.0243323 0.622956 0.0232151
0.626803 0.0290214 0.619796 0.0294109
0.641879 0.00984627 0.634904 0.0102282
0.638164 0.0151235 0.631033 0.014415
0.64112 0.0142905 0.633025 0.0156179
0.629961 0.0266213 0.622166 0.0257167
0.638475 0.0361245 0.631493 0.0352829
0.631546 0.0213829 0.624798 0.0210075
0.620571 0.0251733 0.613094 0.0250663
0.635058 0.0218055 0.629333 0.0228453
0.630513 0.0183636 0.623455 0.0184426
0.632641 0.0109896 0.624268 0.0117431
0.627766 0.0161884 0.619996 0.0157602
0.625326 0.0269854 0.617559 0.0297632
0.626108 0.0173565 0.6177 0.018325
0.639276 0.0156495 0.631814 0.0165511
0.632655 0.0205965 0.624837 0.0197916
0.617477 0.0203285 0.610228 0.0204016
0.632976 0.0198318 0.624496 0.0197809
0.628748 0.02466 0.620727 0.0259246
0.623766 0.01247 0.616604 0.0121626
0.631217 0.0105642 0.623652 0.0107049
0.615334 0.0141807 0.606727 0.0165979
0.627956 0.0279845 0.620649 0.0272075
0.616003 0.0202635 0.60786 0.0212213
0.634833 0.0110371 0.627972 0.0119946
0.624285 0.0157255 0.616159 0.0156917
0.627342 0.0247505 0.621569 0.0251588
0.622946 0.0185672 0.614823 0.0190277
0.632319 0.0253283 0.624392 0.025159
0.616872 0.0174004 0.610678 0.0182246
0.61711 0.0233911 0.610062 0.0244774
0.615149 0.0269997 0.607939 0.0258436
0.605978 0.0208835 0.597798 0.0200272
0.619919 0.0212524 0.61278 0.0194851
0.62145 0.0211316 0.613436 0.0205326
0.615522 0.0225234 0.606779 0.0217409
0.612453 0.0176374 0.605463 0.0188925
0.624373 0.016162 0.616134 0.0163555
0.623177 0.0134053 0.617204 0.0114131
0.618293 0.0205735 0.610653 0.0199149
0.622599 0.0208093 0.615681 0.0197687
0.602135 0.0286891 0.594993 0.0296491
0.615759 0.0181045 0.609461 0.0177456
0.608276 0.021742 0.601111 0.0205204
0.592889 0.0261573 0.584973 0.0267138
0.607204 0.0174071 0.59944 0.0166965
0.624137 0.0141613 0.617632 0.0137101
0.622024 0.0184771 0.613939 0.0172953
0.61242 0.0215541 0.604552 0.0218232
0.620851 0.0149391 0.613094 0.0148421
0.62404 0.0173093 0.616599 0.0170794
