0.525676 0.00173986 0.517953 0.0015554
0.792999 0.000947186 0.784394 0.000762021
0.794273 0.001825 0.785446 0.00201078
0.794628 0.000984476 0.785988 0.000671765
0.796172 0.00211709 0.788388 0.00265615
0.798249 0.00279455 0.790364 0.00232027
0.802804 0.0034916 0.792658 0.00331107
0.806204 0.00883924 0.796897 0.00709622
0.805896 0.00716474 0.79733 0.00696972
0.812383 0.0109565 0.802257 0.0102485
0.810918 0.00817926 0.802692 0.00810667
0.820559 0.0203838 0.812283 0.0195784
0.817071 0.00692354 0.80719 0.00723745
0.815079 0.00845681 0.805916 0.00694105
0.824866 0.0144518 0.814997 0.0130844
0.832507 0.0136275 0.822147 0.0128322
0.82479 0.0133723 0.81656 0.0122433
0.83695 0.0136356 0.827055 0.0123328
0.830619 0.0134448 0.820708 0.0129847
0.835716 0.0129307 0.825445 0.0119134
0.845263 0.00896945 0.833364 0.00777817
0.836029 0.00639949 0.826969 0.00784283
0.845464 0.0143294 0.833999 0.0137545
0.837374 0.00804277 0.827914 0.00723436
0.844408 0.0126275 0.83445 0.0123917
0.84509 0.00834302 0.836519 0.00817964
0.848555 0.0115514 0.839137 0.0106366
0.856425 0.00788984 0.843892 0.00744802
0.848252 0.00870186 0.840916 0.00860388
0.8525 0.0100103 0.842067 0.00729625
0.857454 0.00831896 0.84778 0.00703692
0.857572 0.00983309 0.846098 0.00752788
0.854382 0.00854035 0.844069 0.00838526
0.860075 0.00706094 0.848792 0.00586782
0.85687 0.00648915 0.848032 0.005719
0.86239 0.00469353 0.851428 0.00362518
0.860214 0.00434124 0.848856 0.00400688
0.863507 0.00731883 0.853392 0.00601799
0.861897 0.00603725 0.849717 0.00528016
0.86257 0.00571421 0.852076 0.00522568
0.863209 0.00416754 0.852376 0.00508547
0.864881 0.00436467 0.854364 0.00487524
0.864514 0.00439326 0.854129 0.00383595
0.868079 0.00569152 0.855629 0.004977
0.8687 0.00397409 0.856372 0.00253794
0.867276 0.00611962 0.856578 0.00485151
0.868132 0.00745201 0.85758 0.0052676
0.867313 0.00414172 0.856478 0.00409169
0.869471 0.00403125 0.858447 0.0043327
0.873666 0.00830748 0.862715 0.00873544
0.87187 0.0101943 0.860329 0.00758273
0.871672 0.00396279 0.861424 0.00355655
0.875519 0.00568666 0.863616 0.0049099
0.873638 0.00446739 0.862089 0.00383476
0.873469 0.00396941 0.863215 0.0038572
0.874506 0.00592009 0.863597 0.00547169
0.872916 0.00559746 0.863167 0.00504518
0.877173 0.00392042 0.865118 0.00208009
0.874754 0.00534403 0.86467 0.00481499
0.879195 0.00406942 0.868409 0.00349643
0.877181 0.0030923 0.865464 0.00291018
0.881031 0.00468684 0.870577 0.00407976
0.883327 0.0101372 0.872676 0.0110811
0.879253 0.0033252 0.868112 0.00362361
0.880215 0.0040166 0.869881 0.00420783
0.881999 0.00553748 0.871686 0.00419287
0.879959 0.0035792 0.867758 0.00444976
0.883886 0.00492153 0.873051 0.00687314
0.882387 0.00538251 0.87206 0.00536566
0.883879 0.00596721 0.871968 0.00438192
0.885253 0.00693255 0.873818 0.00628663
0.881414 0.00558121 0.872066 0.0049193
0.884978 0.0063667 0.873507 0.00646853
0.883519 0.00504155 0.874571 0.00516496
0.885524 0.0045352 0.875249 0.00443118
0.885497 0.0032157 0.873872 0.00367908
0.885407 0.00336402 0.876912 0.00474154
0.886797 0.00524381 0.875809 0.00549776
0.891679 0.0102187 0.879602 0.0122618
0.889411 0.00579718 0.878423 0.00668898
0.886398 0.00513885 0.875114 0.00549241
0.891928 0.00656003 0.880355 0.00774769
0.891022 0.00546231 0.880212 0.00417229
0.890245 0.00501075 0.879463 0.00446808
0.887171 0.00517298 0.876922 0.00509597
0.893362 0.00914655 0.884296 0.00803375
0.890327 0.00601223 0.881321 0.0072881
0.894268 0.00786461 0.883837 0.00692314
0.888421 0.00590833 0.879713 0.0046691
0.889942 0.00372199 0.880161 0.00435301
0.896476 0.00578371 0.883596 0.0040561
0.894321 0.00473259 0.884261 0.00482556
0.893832 0.00507794 0.883593 0.00433086
0.895851 0.00489108 0.884013 0.00559741
0.892134 0.00341297 0.882571 0.0056421
0.896619 0.00591708 0.886686 0.00429166
0.896629 0.00674644 0.886816 0.00684128
0.899468 0.0104819 0.890085 0.0107306
0.896375 0.00829506 0.884615 0.00695101
0.90002 0.0109434 0.89096 0.0096524
