0.528751 0.00187128 0.520823 0.00171188
0.793175 0.000925574 0.783933 0.000495167
0.79858 0.0100523 0.789509 0.00957191
0.794731 0.00127012 0.786272 0.000933063
0.797157 0.00368111 0.788521 0.00286591
0.799184 0.00302369 0.790793 0.00213769
0.802233 0.00800574 0.794051 0.00803309
0.8117 0.0127446 0.801112 0.0132594
0.809257 0.00878254 0.802676 0.00841107
0.813439 0.0171107 0.804274 0.0163235
0.811431 0.00518934 0.802946 0.00481863
0.816644 0.0104892 0.808096 0.00875806
0.829865 0.0208204 0.821091 0.0178089
0.823475 0.012131 0.81407 0.0123003
0.831368 0.0151911 0.821103 0.014049
0.833894 0.00903703 0.823702 0.00866243
0.83939 0.013624 0.830103 0.010238
0.835632 0.0073364 0.826919 0.00714925
0.844967 0.0144386 0.836631 0.0130276
0.844478 0.0111558 0.835958 0.0105167
0.842047 0.00693324 0.833424 0.00777386
0.843881 0.00682049 0.833293 0.00783157
0.846459 0.00770118 0.83517 0.00784664
0.849068 0.00931995 0.837738 0.00960728
0.846828 0.00929722 0.835358 0.00817051
0.849495 0.00576064 0.838564 0.00600635
0.855821 0.00926989 0.844173 0.00857031
0.854563 0.00587306 0.845074 0.00531771
0.85655 0.00802178 0.845882 0.00682979
0.855459 0.00874518 0.84634 0.00800191
0.859087 0.00913135 0.848941 0.00928463
0.86387 0.0108135 0.854344 0.0122419
0.861284 0.00845717 0.851031 0.00684004
0.864918 0.00754193 0.854013 0.00729175
0.864145 0.00594445 0.854335 0.00566559
0.865955 0.00454681 0.854862 0.00476389
0.865514 0.00660416 0.855334 0.00622599
0.868248 0.00387828 0.858404 0.00442135
0.867597 0.00669483 0.857602 0.00653013
0.868125 0.00526612 0.855233 0.00478466
0.872186 0.00752048 0.86207 0.00800183
0.869066 0.00376086 0.858715 0.0040781
0.87479 0.00250416 0.862209 0.00406244
0.872126 0.00539554 0.860856 0.00479599
0.872736 0.00559935 0.862242 0.00454679
0.874335 0.00373688 0.863693 0.00413919
0.874354 0.00446048 0.863313 0.00513523
0.87914 0.00834139 0.868697 0.008007
0.875826 0.00579564 0.865367 0.00511405
0.879028 0.00221097 0.868235 0.00339678
0.877715 0.0045731 0.86605 0.00433117
0.876844 0.00690062 0.867431 0.00511939
0.880267 0.00577239 0.871042 0.00606125
0.8788 0.00366495 0.868651 0.00460495
0.878227 0.00327506 0.86665 0.00463613
0.88162 0.00692058 0.869757 0.00757895
0.880497 0.00338621 0.867934 0.00437426
0.886297 0.00549363 0.873333 0.00621238
0.885782 0.00767545 0.874057 0.00626041
0.882744 0.00484165 0.872832 0.00389833
0.880772 0.0058694 0.872622 0.00493829
0.885953 0.00463419 0.875113 0.0056781
0.888124 0.00716385 0.878358 0.00944887
0.887987 0.0105111 0.876779 0.00928672
0.885401 0.00534247 0.87616 0.00625593
0.884477 0.00339976 0.874265 0.00324482
0.889056 0.00929043 0.879478 0.00875892
0.886506 0.00304057 0.877543 0.00274696
0.886939 0.0031296 0.876995 0.00399793
0.887258 0.0046259 0.878742 0.00539392
0.88789 0.00698176 0.876668 0.00624208
0.892344 0.00858529 0.879403 0.00694106
0.893669 0.00846688 0.880747 0.00689603
0.893029 0.0123911 0.881967 0.0112772
0.893228 0.00555739 0.880729 0.00445114
0.890292 0.00629059 0.879774 0.0064263
0.889697 0.00266671 0.879645 0.00353329
0.889375 0.00392237 0.879592 0.00388312
0.889308 0.00444453 0.881243 0.00531092
0.893463 0.00500151 0.883493 0.00363276
0.896343 0.00789908 0.88715 0.00722675
0.897061 0.00641415 0.886516 0.00774637
0.894815 0.00660831 0.884553 0.00695381
0.897178 0.0105787 0.887842 0.0119021
0.893979 0.00499806 0.884378 0.00472015
0.893639 0.00672456 0.883677 0.00462286
0.893875 0.00776724 0.885037 0.00796236
0.899367 0.00628949 0.889971 0.0074614
0.901646 0.0110903 0.893098 0.0124314
0.893337 0.00497899 0.882956 0.00505377
0.907071 0.0167237 0.895257 0.0168503
0.897464 0.00707021 0.889743 0.00564953
0.899875 0.00637776 0.89101 0.00608864
0.898206 0.00369006 0.888161 0.00508493
0.902746 0.00691021 0.892108 0.00564425
0.904513 0.00787484 0.895341 0.0090897
0.908572 0.00847384 0.900297 0.00924241
0.902825 0.00724151 0.893367 0.00769352
0.903569 0.00902576 0.895158 0.0097523
0.906327 0.00757925 0.89688 0.00912167
