0.788602 9.35358e-06 0.785013 7.77141e-06
0.788598 8.43193e-06 0.78501 8.00319e-06
0.788599 6.93259e-06 0.785009 6.61607e-06
0.788603 1.32017e-05 0.785014 1.22253e-05
0.788608 1.21996e-05 0.785015 1.04762e-05
0.788605 9.97611e-06 0.785015 1.06882e-05
0.788608 1.2934e-05 0.785016 1.11819e-05
0.788609 1.20111e-05 0.785017 1.14159e-05
0.7886 6.7736e-06 0.78501 6.79317e-06
0.788594 1.57473e-05 0.785002 1.5565e-05
0.788596 2.26339e-05 0.785003 2.3751e-05
0.788568 2.09366e-05 0.784973 2.30228e-05
0.788521 3.33196e-05 0.784928 3.31221e-05
0.788502 7.42667e-05 0.784908 7.70632e-05
0.788215 8.18665e-05 0.784614 8.04257e-05
0.788094 0.000297362 0.784496 0.000298763
0.787579 0.000599089 0.783977 0.000604305
0.78671 0.00062873 0.78311 0.000632563
0.785944 0.0014222 0.782342 0.00141961
0.783538 0.00239813 0.77991 0.00241996
0.781442 0.00396189 0.777813 0.00398195
0.779201 0.00506071 0.775567 0.00506463
0.771633 0.00699887 0.767951 0.00702323
0.765943 0.0103526 0.76221 0.0104442
0.756537 0.00947414 0.752732 0.00957301
0.755024 0.0146608 0.751214 0.0147937
0.752531 0.0154907 0.74871 0.0155893
0.738608 0.00648996 0.73466 0.00655318
0.738271 0.0147908 0.734269 0.0149429
0.730367 0.0041413 0.726263 0.00422235
0.73065 0.00929751 0.726503 0.00947411
0.726599 0.00210356 0.722377 0.00214542
0.728668 0.00958912 0.724456 0.00976082
0.724328 0.000383511 0.719981 0.000409277
0.7246 0.000699731 0.720284 0.000750562
0.724284 0.000595519 0.719929 0.000657016
0.726504 0.00561309 0.722241 0.00573985
0.724453 0.000983644 0.720108 0.00105979
0.724161 0.000344369 0.719803 0.000386637
0.72399 0.000171598 0.71961 0.000165376
0.724004 0.000278675 0.719619 0.000287714
0.724003 0.000287103 0.71964 0.000328763
0.723808 0.000188809 0.719425 0.000188173
0.723728 0.000424623 0.719361 0.000431773
0.723599 0.000494235 0.719233 0.000489547
0.723186 0.000602899 0.718824 0.000603827
0.722136 0.00104798 0.717776 0.00102035
0.721466 0.00160576 0.717122 0.00157657
0.71972 0.0023962 0.715398 0.00236137
0.719712 0.00221305 0.715431 0.00216717
0.715499 0.00549829 0.71127 0.00538227
0.714618 0.00678811 0.710414 0.00667026
0.708453 0.00614725 0.70433 0.00604305
0.705301 0.00619938 0.701236 0.00608768
0.701039 0.00558901 0.69709 0.00546289
0.701543 0.0055168 0.697556 0.00539895
0.698668 0.00302918 0.694759 0.00295656
0.698642 0.00365005 0.694726 0.00355389
0.696022 0.00222761 0.692192 0.00220371
0.697186 0.00417129 0.693326 0.00406236
0.6956 0.001792 0.691763 0.00176892
0.693231 0.0031137 0.689443 0.00308623
0.691253 0.00349646 0.687485 0.00343243
0.690488 0.00344483 0.686736 0.00336672
0.690708 0.00469026 0.687008 0.00460175
0.691477 0.00622121 0.687715 0.00609686
0.685168 0.00698111 0.681556 0.00682163
0.685697 0.00667479 0.682071 0.00653452
0.678453 0.00958272 0.675073 0.00932605
0.684548 0.0116917 0.681011 0.0113704
0.675728 0.00674381 0.672421 0.00654045
0.673717 0.00606971 0.670518 0.00586079
0.678067 0.0106708 0.674753 0.0103471
0.672221 0.00199564 0.669046 0.00189386
0.673172 0.00741145 0.670048 0.00716776
0.676493 0.0105897 0.673279 0.0102519
0.670145 0.000128618 0.667189 0.000105412
0.674448 0.0102762 0.671324 0.00997465
0.672992 0.00705142 0.66993 0.00677972
0.670528 0.000593764 0.66756 0.000523806
