0.0603235 0.00792396 0.060379 0.00773792
0.0605778 0.00482275 0.0606141 0.00469616
0.0609104 0.00614867 0.0609365 0.00600872
0.0602668 0.00533176 0.0603011 0.005199
0.0597128 0.00488159 0.0597162 0.00475821
0.0639371 0.00843941 0.0638349 0.00824009
0.0549287 0.00456757 0.0550283 0.00446013
0.0656178 0.0152047 0.0654656 0.0149249
0.0567587 0.00593253 0.0567842 0.00582923
0.0544988 0.00869925 0.0546097 0.00847819
0.0572315 0.00924288 0.0571939 0.00904937
0.0554369 0.0134582 0.0554477 0.0131962
0.059985 0.0111485 0.0598977 0.0109347
0.0551828 0.0144141 0.0552223 0.0141176
0.0561396 0.0107844 0.0561154 0.0105344
0.0477258 0.00620127 0.0479042 0.0060378
0.0522758 0.00601015 0.0523244 0.00589761
0.0541527 0.0156695 0.0541757 0.0153562
0.0488607 0.00396359 0.0489637 0.0038482
0.0532121 0.020414 0.0532764 0.020061
0.0451867 0.0044677 0.0453997 0.00434024
0.0564406 0.0146731 0.0564676 0.0143995
0.0504606 0.00826845 0.0505728 0.00811752
0.0496784 0.00852722 0.0498708 0.00842275
0.0493192 0.0114872 0.0494813 0.0112062
0.0504574 0.013632 0.0505854 0.0134143
0.0453803 0.00338571 0.0456257 0.0032294
0.0449561 0.00476929 0.0451993 0.00471518
0.0451933 0.00627617 0.0454479 0.00610707
0.0461461 0.00760628 0.0463813 0.00739253
0.0502906 0.008452 0.0504121 0.00828257
0.0522982 0.00903371 0.0523749 0.00886117
0.0451419 0.00441474 0.0454358 0.00425923
0.0467153 0.00729968 0.0469351 0.00706662
0.0544671 0.0198347 0.0545953 0.0195393
0.047441 0.0059165 0.0476032 0.00571256
0.0475995 0.00712609 0.0478068 0.00697549
0.0518979 0.0160491 0.0520703 0.0157439
0.0476717 0.00946619 0.0478992 0.00919458
0.051484 0.0117344 0.0516021 0.0114665
0.0447797 0.00480515 0.0450681 0.00467471
0.0430513 0.00520512 0.0434417 0.00505343
0.0433416 0.00384258 0.0437134 0.00369826
0.0516349 0.0141584 0.0517627 0.0139137
0.0499994 0.0103135 0.0502902 0.0101125
0.0457282 0.00526103 0.0459866 0.00508616
0.0559184 0.015653 0.0560776 0.0153553
0.0432057 0.00391409 0.0436109 0.00381778
0.0435856 0.00450894 0.0439818 0.00444815
0.0476203 0.00664376 0.0479233 0.00657821
0.0439293 0.00212314 0.044304 0.00211235
0.0470654 0.0166657 0.047394 0.0163377
0.0462455 0.00521441 0.0465446 0.00508701
0.0545599 0.0151414 0.0546605 0.0148693
0.044402 0.00686775 0.0448745 0.00690299
0.0452145 0.00921867 0.0455549 0.00894652
0.0435948 0.00249985 0.0439701 0.0024691
0.0460914 0.00613948 0.0464619 0.00590656
0.0529221 0.0201427 0.0531114 0.0197533
0.0423724 0.00216913 0.042826 0.00207318
0.0417704 0.00334347 0.0422521 0.00332536
0.0501941 0.0176577 0.0504102 0.017312
0.0465113 0.0115693 0.0468341 0.0112911
0.045827 0.00773811 0.0462232 0.00755311
0.0473302 0.0103758 0.0476863 0.0101978
0.0435825 0.00313357 0.0439884 0.00307965
0.0425235 0.00505622 0.0429008 0.00497862
0.0495246 0.00927707 0.0498615 0.00917121
0.0524396 0.02094 0.0527442 0.0208271
0.0437924 0.00309293 0.0441716 0.00293854
0.0497052 0.0120393 0.049983 0.0118057
0.0476374 0.0130939 0.0480072 0.012775
0.0456991 0.00463286 0.0460789 0.00465516
0.0451419 0.00545651 0.0455795 0.00527599
0.043049 0.00396764 0.0434854 0.00389397
0.0434932 0.0054775 0.0438624 0.00534107
0.046903 0.0082575 0.0471832 0.00801544
0.045411 0.00661117 0.0457082 0.0064356
0.0484224 0.0117029 0.0487995 0.0115813
0.0432885 0.00381151 0.0438023 0.00370143
