0.434089 0.0184347 0.432083 0.0181273
0.43007 0.0144238 0.428097 0.0140665
0.422894 0.0063162 0.421065 0.00632143
0.424729 0.0124619 0.422553 0.0122691
0.426498 0.015304 0.424132 0.0149381
0.421805 0.0165754 0.419313 0.0161016
0.42049 0.0185063 0.418207 0.0180867
0.425281 0.0153581 0.422767 0.0148824
0.412446 0.00727925 0.410148 0.00728965
0.418109 0.0107429 0.415858 0.0104365
0.414552 0.00757058 0.412337 0.00742592
0.414807 0.0134133 0.41252 0.0132189
0.417199 0.0116181 0.414861 0.0114648
0.413962 0.00954091 0.411676 0.00941706
0.412991 0.0110178 0.410694 0.0108282
0.414894 0.0109378 0.412485 0.0107637
0.419568 0.0102867 0.417277 0.010057
0.410892 0.0132967 0.408723 0.0130679
0.40967 0.00774408 0.407639 0.00770698
0.418414 0.0192584 0.415935 0.0189421
0.415712 0.0208752 0.413377 0.0204344
0.413104 0.0105587 0.410836 0.0103009
0.406699 0.00854047 0.40462 0.00852245
0.419136 0.0169972 0.416734 0.0165958
0.412599 0.013344 0.410456 0.0131762
0.420637 0.0235479 0.418217 0.0231029
0.409679 0.0133877 0.407606 0.0133778
0.402442 0.00931402 0.400319 0.00917323
0.404677 0.0123965 0.402485 0.0123
0.405109 0.00764606 0.403043 0.00771185
0.418153 0.0385102 0.415829 0.0380609
0.408594 0.00846125 0.406434 0.00842135
0.410938 0.0211241 0.408507 0.0209064
0.420326 0.0413493 0.417938 0.0410007
0.399714 0.00920254 0.397666 0.0091254
0.418653 0.0383422 0.416116 0.03797
0.402855 0.010466 0.400756 0.0103941
0.406018 0.0148334 0.403796 0.0145405
0.404812 0.0297748 0.402691 0.0294062
0.400339 0.0171962 0.398187 0.0169758
0.407072 0.0315451 0.404705 0.0309463
0.39399 0.0150234 0.391662 0.0148217
0.414358 0.0192337 0.411719 0.018846
0.401801 0.0109322 0.399624 0.0106566
0.398305 0.0300691 0.396134 0.0297077
0.388209 0.0170303 0.385935 0.0167928
0.392152 0.0146202 0.390069 0.0145788
0.389815 0.0156325 0.387734 0.0155283
0.390753 0.0125902 0.388359 0.012332
0.396482 0.0193061 0.394187 0.0190669
0.383093 0.0111161 0.380956 0.0109941
0.390472 0.0137961 0.388289 0.0136527
0.380534 0.0146353 0.378376 0.0145956
0.386223 0.0159419 0.383973 0.0157362
0.392501 0.0228018 0.39014 0.0224548
0.390827 0.0285369 0.388477 0.0281162
0.388758 0.0230242 0.386501 0.0226051
0.375506 0.0178535 0.373477 0.0177399
0.382779 0.0264931 0.380612 0.0261601
0.376111 0.0162386 0.373941 0.0160291
0.382499 0.0104516 0.380253 0.0104863
0.37188 0.02244 0.369787 0.0221747
0.367463 0.0119069 0.365437 0.0115486
0.37232 0.0209621 0.370338 0.0206697
0.380592 0.0205048 0.378665 0.0202816
0.365531 0.0191747 0.363529 0.0186559
0.364329 0.00963534 0.362369 0.0094124
0.384586 0.0308935 0.382428 0.0304728
0.366178 0.0191683 0.364303 0.0188786
0.385259 0.048199 0.383118 0.0476646
0.35777 0.00956286 0.355898 0.0093237
0.355861 0.0156724 0.354256 0.0156463
0.363998 0.0191553 0.362131 0.0188173
0.360274 0.0163429 0.358494 0.0161271
0.375703 0.0330497 0.373554 0.0322817
0.349252 0.0144426 0.347826 0.0140291
0.357293 0.0143196 0.355571 0.0138971
0.360419 0.0201855 0.358797 0.0197779
0.352552 0.0222394 0.351004 0.0216364
0.376339 0.0490364 0.3744 0.048277
