0.690192 0.0192121 0.683188 0.0192913
0.676745 0.0189643 0.671729 0.0168822
0.686511 0.013825 0.679802 0.0141363
0.68038 0.0211591 0.67447 0.0215514
0.69038 0.0197236 0.684295 0.0185689
0.687094 0.014984 0.682703 0.0142116
0.675498 0.0181408 0.669932 0.0171369
0.674986 0.015514 0.668687 0.0162746
0.684667 0.0182173 0.679192 0.01632
0.679801 0.0234089 0.674119 0.0202629
0.700464 0.0212353 0.694155 0.0214262
0.679497 0.0206408 0.670421 0.0199761
0.688342 0.0161922 0.682085 0.0160086
0.681919 0.0174327 0.674959 0.0175555
0.67368 0.027065 0.668529 0.0258711
0.694848 0.0198943 0.689553 0.0196749
0.683466 0.0167877 0.675616 0.0155661
0.675227 0.0250985 0.669817 0.0249537
0.693924 0.0214882 0.688086 0.0182749
0.690111 0.0118201 0.682803 0.0126945
0.695145 0.0171754 0.68651 0.0192339
0.683348 0.0196139 0.675227 0.0196447
0.672202 0.0177903 0.664295 0.0173266
0.68559 0.0210202 0.678731 0.0231612
0.673075 0.0210461 0.665114 0.0220152
0.675063 0.0165807 0.668449 0.0173728
0.684067 0.0223344 0.675391 0.0214179
0.678919 0.0179439 0.671524 0.0191967
0.670486 0.0206774 0.66313 0.0226875
0.683286 0.0151846 0.675752 0.0164761
0.677783 0.0142256 0.673091 0.0133544
0.674691 0.0152307 0.669531 0.0138908
0.682857 0.0172399 0.677143 0.017528
0.684455 0.0179925 0.680088 0.0172278
0.677562 0.0117846 0.671574 0.0107882
0.69159 0.0197432 0.686803 0.0207939
0.687451 0.0132603 0.680956 0.0162301
0.681067 0.0201055 0.674634 0.0194545
0.681322 0.0216069 0.674145 0.020972
0.674726 0.0156394 0.667237 0.0166875
0.679957 0.0151633 0.672407 0.0152448
0.678855 0.0208292 0.671632 0.0208489
0.680447 0.0221505 0.673899 0.0210672
0.662864 0.0143772 0.656707 0.0161033
0.668604 0.0267832 0.661972 0.0260955
0.662567 0.0220935 0.655729 0.0229473
0.675256 0.0177751 0.669493 0.0178624
0.671656 0.0209806 0.66406 0.0241762
0.67045 0.0232057 0.661553 0.0242778
0.671159 0.0215969 0.663583 0.021178
0.671206 0.0199171 0.663679 0.0196808
0.669935 0.0165108 0.659017 0.0175862
0.669526 0.0178082 0.661248 0.018078
0.678424 0.0161432 0.673168 0.016752
0.667759 0.017091 0.661141 0.0173037
0.667131 0.0182726 0.661462 0.0182093
0.674896 0.0134425 0.667976 0.0144777
0.669957 0.0239668 0.661459 0.0236623
0.665236 0.0206215 0.659489 0.0212397
0.663888 0.0281016 0.657224 0.0279516
0.66729 0.0254702 0.660563 0.0238085
0.673699 0.0165576 0.666444 0.0162287
0.674411 0.022477 0.667815 0.0225959
0.658341 0.0262615 0.652234 0.0275874
0.670622 0.0119619 0.665078 0.0117477
0.687162 0.0259784 0.678569 0.0261366
0.666671 0.0262374 0.657864 0.027668
0.665958 0.017649 0.658751 0.0170634
0.662742 0.0175032 0.655891 0.0176619
0.659826 0.0218063 0.651668 0.0187064
0.669904 0.0179074 0.661932 0.017407
0.662196 0.0153181 0.655914 0.0142662
0.662974 0.0187215 0.657067 0.0183614
0.654126 0.0163566 0.644384 0.0158013
0.666704 0.0202936 0.658875 0.0203244
0.653963 0.0146242 0.647668 0.0146867
0.656984 0.0142447 0.649589 0.0128762
0.658932 0.0212445 0.650449 0.02104
0.654206 0.0184534 0.645232 0.0191203
0.647716 0.0220665 0.640462 0.0213656
