0.526098 0.00124505 0.518338 0.00117318
0.794955 0.00587271 0.786242 0.00548602
0.794076 0.000975059 0.785148 0.000684866
0.796295 0.00214663 0.787623 0.00219393
0.798963 0.00573163 0.7903 0.00682361
0.800109 0.00432802 0.791418 0.00382926
0.81165 0.0179465 0.803165 0.0165519
0.806931 0.00692475 0.797876 0.00623988
0.820444 0.0171205 0.812212 0.0165445
0.808004 0.00979853 0.799681 0.00895832
0.811298 0.00467581 0.801867 0.00329208
0.815656 0.00546892 0.806665 0.00452814
0.82218 0.0134384 0.811451 0.0116477
0.82542 0.00980349 0.815935 0.00986105
0.826862 0.008061 0.816381 0.00872393
0.831633 0.0124816 0.822974 0.0116325
0.829952 0.012285 0.820434 0.0113247
0.844753 0.0116407 0.831563 0.0120766
0.834121 0.00607391 0.823491 0.00581524
0.831828 0.00717128 0.823876 0.00630855
0.841253 0.00949864 0.832508 0.00888031
0.841874 0.0121329 0.832206 0.0117738
0.844616 0.0114999 0.835254 0.00982579
0.846727 0.0105666 0.83816 0.00889582
0.851424 0.0101538 0.840883 0.0105411
0.854049 0.00948658 0.842524 0.0077275
0.850869 0.00805964 0.840315 0.00687187
0.852668 0.00852561 0.843198 0.0081593
0.853332 0.00680862 0.843214 0.00621088
0.856684 0.00741296 0.84666 0.00902749
0.861044 0.00647192 0.849795 0.00550901
0.859246 0.00908728 0.848247 0.00724231
0.860611 0.00725757 0.848205 0.00662346
0.863505 0.0073722 0.852344 0.00715869
0.865845 0.00827065 0.855395 0.00767954
0.862515 0.00908394 0.850433 0.00819838
0.863131 0.00358571 0.852435 0.00304383
0.864897 0.00491299 0.853098 0.00496898
0.865786 0.00489756 0.854523 0.00393107
0.864023 0.00461686 0.854633 0.00385052
0.867953 0.00451643 0.855828 0.00407981
0.86751 0.00603761 0.856716 0.005574
0.868022 0.00533297 0.855928 0.00496364
0.867261 0.00438624 0.856661 0.0042161
0.869098 0.00658112 0.859073 0.00507961
0.871734 0.00482707 0.859832 0.00345014
0.872843 0.0081808 0.862322 0.00668441
0.872392 0.00614582 0.863072 0.00591702
0.873728 0.00341184 0.86248 0.00335174
0.876603 0.00402599 0.865403 0.0036455
0.873956 0.0031292 0.862858 0.00386379
0.874646 0.00456655 0.8632 0.00544183
0.875459 0.00427089 0.865321 0.00495811
0.877733 0.00453714 0.864989 0.00620346
0.876768 0.00364398 0.865715 0.00342493
0.8776 0.00445449 0.866064 0.00470468
0.875751 0.00413484 0.866149 0.00538907
0.878541 0.00183631 0.867141 0.00283497
0.882282 0.00572222 0.870614 0.00389789
0.877767 0.00207701 0.867427 0.00273017
0.88414 0.00876718 0.872423 0.00891433
0.880671 0.00236314 0.868806 0.00410204
0.88232 0.00292701 0.870308 0.00321921
0.87985 0.00453344 0.869646 0.00330966
0.883675 0.00865724 0.871788 0.0066996
0.879088 0.00318438 0.868382 0.00441834
0.885192 0.0061353 0.874198 0.00407353
0.882714 0.00303063 0.871579 0.00328721
0.886636 0.00674961 0.876733 0.00540919
0.883757 0.00288073 0.872743 0.00434297
0.887339 0.00481708 0.873034 0.00446468
0.883631 0.00348909 0.87381 0.00418619
0.888716 0.00886235 0.880049 0.0102417
0.886351 0.00611906 0.877238 0.00609561
0.886925 0.00876463 0.876461 0.00934275
0.887695 0.00357895 0.878601 0.00588795
0.887144 0.00658726 0.876179 0.00713563
0.888976 0.00905084 0.880048 0.00713772
0.887118 0.00715985 0.876205 0.00648952
0.892814 0.0081127 0.880537 0.00744229
0.891683 0.00648031 0.88068 0.00781396
0.889708 0.00325819 0.877298 0.00407799
0.889288 0.00678383 0.87797 0.00583143
0.889695 0.00595664 0.879563 0.00711205
0.895076 0.00969415 0.885407 0.00851148
0.89108 0.00482554 0.880163 0.00607791
0.894576 0.00996372 0.886372 0.0106431
0.894635 0.010027 0.885366 0.0094879
0.895922 0.00501093 0.885654 0.00417695
0.891511 0.00506432 0.881438 0.00563537
0.894604 0.00616644 0.883249 0.00665169
0.895243 0.00540967 0.884112 0.00655187
0.894612 0.00801726 0.884852 0.00645351
0.896063 0.0074815 0.88561 0.00754102
0.895436 0.00463165 0.88731 0.00551314
0.900498 0.0101661 0.888484 0.00954965
0.904253 0.00495863 0.893131 0.00557323
0.904723 0.00769439 0.894079 0.00727204
0.901476 0.0064435 0.890318 0.00628055
0.898513 0.00497958 0.888011 0.00482458
