0.531692 0.00957576 0.527722 0.00936086
0.54299 0.0263079 0.538932 0.0260333
0.528245 0.00316128 0.524374 0.00306835
0.531006 0.00627625 0.527118 0.00613637
0.531815 0.00936587 0.527901 0.00928221
0.528413 0.00412593 0.524553 0.00400697
0.530641 0.0101277 0.526879 0.00995275
0.530077 0.00740587 0.526302 0.00726257
0.528146 0.00329211 0.524357 0.0032161
0.526782 0.00203115 0.52306 0.001938
0.528137 0.00479454 0.524441 0.0047125
0.526061 0.00522655 0.522346 0.0050192
0.5236 0.00239128 0.519987 0.00231006
0.526254 0.00309141 0.522578 0.00296587
0.527445 0.00703533 0.523749 0.00686728
0.526238 0.0042765 0.522594 0.00409656
0.523456 0.00216107 0.519827 0.0020946
0.523344 0.00412248 0.519744 0.00397317
0.521817 0.00193666 0.518295 0.00193841
0.524766 0.00362812 0.521109 0.00345395
0.520753 0.00216378 0.517246 0.00209228
0.521512 0.00183212 0.518032 0.00187361
0.520085 0.00573529 0.516565 0.00560689
0.520697 0.00425062 0.517291 0.00409787
0.521664 0.00432244 0.518144 0.00407148
0.520256 0.00258038 0.51678 0.00249047
0.518023 0.00322464 0.51464 0.00319681
0.518534 0.00226507 0.515102 0.00214493
0.5162 0.00438225 0.512888 0.00439916
0.51601 0.00214741 0.512681 0.00214621
0.516716 0.00365744 0.513394 0.00361009
0.516129 0.00246244 0.512742 0.00243696
0.518008 0.00384512 0.514617 0.00379632
0.514396 0.00475037 0.511117 0.00471239
0.513385 0.00461692 0.510077 0.0045753
0.514411 0.00308007 0.511008 0.00301846
0.512443 0.00378119 0.509069 0.00373746
0.512831 0.00423638 0.509493 0.00414459
0.512354 0.00399983 0.509019 0.0039238
0.508968 0.00453282 0.505696 0.00451604
0.507768 0.00783111 0.504411 0.00775125
0.506804 0.00520901 0.503449 0.00518023
0.510664 0.00773664 0.507433 0.0077511
0.510334 0.00373477 0.506991 0.00371393
0.508371 0.00680285 0.505079 0.00680475
0.506813 0.00620594 0.503461 0.0061624
0.509463 0.00481815 0.506144 0.00475012
0.508102 0.00818454 0.504764 0.00813078
0.5067 0.00895308 0.503419 0.00886438
0.505431 0.00648834 0.502158 0.00643184
0.505707 0.0105072 0.502422 0.0103597
0.506715 0.00624433 0.50345 0.00622559
0.505717 0.00988656 0.502499 0.00976815
0.504485 0.00806568 0.501192 0.0079864
0.502514 0.00678233 0.499216 0.00671293
0.49899 0.00986147 0.495753 0.00971171
0.506749 0.00548337 0.503402 0.00539712
0.501143 0.00690811 0.497792 0.00681539
0.501952 0.0111247 0.498659 0.0110015
0.503099 0.00813654 0.499849 0.00806194
0.494424 0.0110635 0.491205 0.0108692
0.503475 0.00883571 0.5002 0.00872142
0.499867 0.0098849 0.49655 0.00974689
0.497314 0.0100612 0.494058 0.00995672
0.498934 0.0102044 0.495609 0.0100992
0.489005 0.00954002 0.485855 0.00937557
0.493951 0.0124028 0.49079 0.0122673
0.488713 0.0143013 0.485594 0.0141135
0.493136 0.0155886 0.489978 0.0152971
0.493147 0.0184246 0.48997 0.0180981
0.490069 0.00977379 0.486984 0.00965748
0.477773 0.0125599 0.47493 0.0122921
0.484518 0.0157178 0.481447 0.0154625
0.487497 0.019176 0.484502 0.018725
0.479568 0.0156197 0.476735 0.0152948
0.480213 0.0206185 0.477422 0.0202898
0.473087 0.0120288 0.470354 0.011847
0.471657 0.0143019 0.469125 0.0139996
0.472929 0.0168855 0.470312 0.0165763
0.467885 0.0200691 0.465262 0.0198319
