0.524789 0.00650402 0.521201 0.00665237
0.521032 0.00347295 0.517355 0.0035333
0.525059 0.0117096 0.521516 0.0119382
0.524757 0.016702 0.521094 0.0167842
0.510831 0.0112115 0.506996 0.0114031
0.513289 0.011245 0.509406 0.0113302
0.512354 0.00621546 0.50853 0.00633778
0.503669 0.0111117 0.499764 0.0112445
0.507813 0.0111458 0.503975 0.0113498
0.515921 0.0331516 0.511928 0.0329879
0.49393 0.014238 0.489932 0.0143236
0.496108 0.00715865 0.492132 0.00717028
0.495176 0.00820469 0.491189 0.00822836
0.495738 0.0108283 0.49183 0.0108532
0.494679 0.0147885 0.49061 0.0145541
0.492022 0.0111611 0.488111 0.0111752
0.49345 0.00883182 0.489518 0.00880752
0.496575 0.0172713 0.492606 0.0171833
0.504427 0.0172778 0.500563 0.0173222
0.486152 0.00874651 0.482312 0.00868566
0.488778 0.0169922 0.484948 0.0170324
0.493454 0.0122718 0.489679 0.0123163
0.49716 0.0176602 0.493215 0.0176127
0.49046 0.0114417 0.486601 0.0113923
0.486763 0.00554427 0.482925 0.00548378
0.487541 0.00839546 0.483694 0.00832504
0.489333 0.00972518 0.485484 0.00965402
0.489925 0.0131473 0.486066 0.0131294
0.489788 0.0048822 0.486048 0.00493313
0.484418 0.00786712 0.480672 0.00788873
0.487775 0.0098233 0.484013 0.00974599
0.490994 0.0121028 0.487219 0.0120377
0.488033 0.00819858 0.484227 0.00810952
0.482079 0.00505617 0.478444 0.00503087
0.486522 0.00969698 0.482855 0.0096741
0.482603 0.0107223 0.478907 0.0106295
0.486209 0.0085352 0.482436 0.00844438
0.489273 0.014937 0.485492 0.0147608
0.487098 0.0105354 0.483402 0.0104639
0.485405 0.00647113 0.481703 0.00648824
0.48178 0.0102082 0.478075 0.0101026
0.490558 0.00917281 0.486748 0.00908891
0.486073 0.0102345 0.482374 0.0101639
0.489353 0.00927583 0.485632 0.00920696
0.481732 0.00659213 0.47811 0.00660314
0.482974 0.00958574 0.47935 0.00958115
0.480135 0.00887001 0.476476 0.00869422
0.480722 0.00531759 0.477057 0.00540614
0.482868 0.0144891 0.479215 0.0143978
0.480566 0.00897901 0.476993 0.00894874
0.486471 0.0129572 0.48278 0.0129642
0.47915 0.00997762 0.475588 0.0100003
0.480376 0.00655101 0.476841 0.0065542
0.483188 0.0113763 0.479632 0.0112802
0.475823 0.0134401 0.472188 0.0134367
0.481052 0.00721882 0.477482 0.0071046
0.484236 0.0192249 0.480678 0.019221
0.479842 0.00699246 0.47632 0.00706635
0.479448 0.00694687 0.475841 0.00698845
0.472469 0.00906376 0.468935 0.00892736
0.478438 0.0118021 0.474917 0.0117475
0.478562 0.0152111 0.475002 0.0151449
0.476728 0.0111183 0.473198 0.0110452
0.477985 0.0129019 0.474426 0.01293
0.477662 0.0139418 0.474113 0.0140132
0.47593 0.0113042 0.472361 0.0112882
0.474467 0.0139269 0.470957 0.0138502
0.478817 0.0111389 0.475267 0.0111417
0.468821 0.0161333 0.465321 0.0160867
0.469328 0.0119153 0.465871 0.0117353
0.468538 0.00774459 0.464983 0.00775454
0.466751 0.0177187 0.463204 0.0176274
0.475454 0.0133801 0.471996 0.0133759
0.478433 0.0109549 0.474958 0.010987
0.477539 0.0106021 0.473949 0.0105066
0.453096 0.0151938 0.449596 0.0151285
0.476136 0.0131234 0.472559 0.0128825
0.455266 0.0200984 0.451744 0.0200941
0.463599 0.0166503 0.460151 0.016719
0.453571 0.0165321 0.449989 0.0165178
