0.219268 0.0140179 0.2159 0.0133951
0.231669 0.0199701 0.228791 0.0191029
0.221488 0.013177 0.219463 0.0124911
0.220399 0.0153687 0.217988 0.0150559
0.220136 0.00704961 0.218027 0.0073863
0.219413 0.0157788 0.217967 0.0147647
0.227 0.0189112 0.224978 0.0193663
0.223274 0.017709 0.220829 0.0174601
0.223679 0.0070162 0.220973 0.00719296
0.221812 0.0147615 0.220508 0.0148767
0.224715 0.0136709 0.221941 0.0131363
0.223395 0.014155 0.221147 0.0136075
0.227513 0.0183664 0.225523 0.0178112
0.215865 0.00335488 0.213905 0.0043277
0.228893 0.0163034 0.227207 0.0157497
0.217873 0.00689198 0.216344 0.00575389
0.216301 0.00670746 0.215034 0.00637972
0.229181 0.0136321 0.226067 0.0125982
0.216124 0.00439409 0.214534 0.00394526
0.231635 0.0193685 0.230101 0.0191199
0.2261 0.0219939 0.22423 0.021489
0.22174 0.0155282 0.21932 0.0149411
0.220017 0.00901551 0.21786 0.00843791
0.227277 0.011618 0.225865 0.0114471
0.220936 0.00713372 0.21895 0.00743596
0.223129 0.0113324 0.221158 0.0113263
0.226833 0.00862765 0.224096 0.00761859
0.221007 0.0169499 0.218704 0.0150995
0.222281 0.00685039 0.219848 0.00640771
0.216604 0.0062146 0.214695 0.00635863
0.217902 0.00757662 0.21595 0.00771524
0.228817 0.0163644 0.226839 0.0155642
0.221203 0.0122234 0.21853 0.0108667
0.222057 0.0112418 0.220147 0.0111264
0.221541 0.00977398 0.218235 0.00965203
0.221384 0.00525408 0.219833 0.00559166
0.224842 0.0092961 0.222704 0.00956073
0.224799 0.0109257 0.222005 0.0106324
0.229059 0.0175069 0.226781 0.0166412
0.219493 0.00648913 0.217963 0.0059313
0.230018 0.0161031 0.227587 0.0162844
0.224214 0.00834928 0.22216 0.00816574
0.220837 0.00864752 0.218449 0.00828595
0.227268 0.0110443 0.225662 0.011018
0.228364 0.0137081 0.226002 0.0139628
0.224952 0.0101925 0.222498 0.0102498
0.234259 0.0147819 0.231374 0.0143497
0.234721 0.017322 0.232402 0.0178419
0.228375 0.0166641 0.225813 0.016288
0.224301 0.00774066 0.221676 0.00724647
0.224796 0.00932213 0.223406 0.00897133
0.223584 0.0124408 0.221675 0.0124956
0.226999 0.0110099 0.22593 0.0112202
0.229469 0.0105877 0.226499 0.0108985
0.225849 0.0112595 0.223884 0.0110767
0.22515 0.00964339 0.223639 0.00984386
0.23215 0.0124428 0.229418 0.0120083
0.226505 0.00604237 0.224504 0.00637056
0.231383 0.0153513 0.228366 0.01467
0.228171 0.00858609 0.225927 0.00866607
0.222289 0.00804204 0.220475 0.00803685
0.227897 0.0122231 0.226247 0.01155
0.224298 0.00801704 0.221907 0.00827881
0.229405 0.0128375 0.227611 0.0129347
0.225349 0.014873 0.223167 0.0141872
0.22637 0.00622447 0.224333 0.00611385
0.229271 0.0145571 0.227349 0.0151007
0.22607 0.0170684 0.224259 0.0174522
0.233533 0.0115845 0.23144 0.0109338
0.228196 0.0161114 0.225949 0.015741
0.227517 0.0101978 0.225828 0.00961697
0.231454 0.0176589 0.22888 0.0164204
0.227197 0.00773314 0.224195 0.00694291
0.223814 0.00826945 0.221295 0.00896283
0.224513 0.00654234 0.221932 0.00701563
0.229524 0.0113616 0.227211 0.0122826
0.228488 0.00979748 0.226208 0.00955778
0.224612 0.0104877 0.222444 0.00945435
0.228498 0.00823527 0.2257 0.00690167
0.226234 0.0100078 0.224256 0.00990952
