0.112355 2.70968e-06 0.11178 2.81816e-06
0.112357 3.45463e-06 0.111782 3.55941e-06
0.112356 2.74797e-06 0.111781 2.86813e-06
0.112356 2.46058e-06 0.111781 2.56551e-06
0.112358 3.42712e-06 0.111783 3.53408e-06
0.112358 3.54696e-06 0.111783 3.70309e-06
0.112361 2.77676e-06 0.111786 2.83959e-06
0.11236 2.6075e-06 0.111785 2.73651e-06
0.112359 3.19926e-06 0.111784 3.32612e-06
0.112359 3.40922e-06 0.111784 3.57985e-06
0.11236 4.28898e-06 0.111785 4.36717e-06
0.112361 3.773e-06 0.111786 3.84196e-06
0.112353 9.08191e-06 0.111778 9.19573e-06
0.112341 6.91631e-06 0.111766 6.88248e-06
0.112331 2.11247e-05 0.111757 2.11401e-05
0.112304 3.34003e-05 0.11173 3.33753e-05
0.112247 4.94472e-05 0.111673 4.93346e-05
0.112126 0.000106513 0.111553 0.000105628
0.111975 0.000190972 0.111403 0.000190023
0.111651 0.000339368 0.11108 0.000337923
0.111572 0.000437635 0.111002 0.000435085
0.110896 0.000633075 0.11033 0.000629546
0.109456 0.0012585 0.108897 0.00125205
0.108556 0.00255163 0.108001 0.00253846
0.107829 0.00194798 0.107278 0.00193779
0.10494 0.00260407 0.104401 0.00259291
0.102693 0.00465919 0.102167 0.00463691
0.10035 0.00474584 0.0998362 0.00472235
0.0945221 0.00653655 0.0940325 0.00650495
0.0888149 0.00706002 0.0883542 0.00702785
0.0878734 0.00729114 0.0874175 0.00725848
0.0797589 0.00558939 0.0793348 0.00556421
0.0778482 0.00600255 0.0774326 0.0059757
0.0753413 0.0060807 0.074932 0.00605307
0.0749494 0.0128489 0.0745434 0.0127918
0.0719672 0.00843146 0.071572 0.0083947
0.0727851 0.00946384 0.0723858 0.00942389
0.0674874 0.00142625 0.0671078 0.00142175
0.0680651 0.00316074 0.0676825 0.0031521
0.0671622 0.00163189 0.0667799 0.00162486
0.0662681 0.00123774 0.0658863 0.00123506
0.0659282 0.000365696 0.0655488 0.000365644
0.0658957 0.000459021 0.065515 0.000458513
0.0658999 0.000503789 0.0655194 0.000503872
0.0668028 0.00284331 0.0664149 0.00283491
0.0658844 0.000573104 0.0655005 0.000570311
0.0656407 0.000193374 0.065259 0.000193599
0.0656274 0.000393234 0.0652453 0.000390893
0.0656721 0.00063616 0.0652881 0.000627251
0.0652069 0.000734245 0.064827 0.00072627
0.0653426 0.000574762 0.064964 0.000571827
0.0651912 0.000668295 0.0648128 0.000662902
0.0640472 0.0017668 0.0636795 0.00174922
0.0640426 0.002464 0.0636765 0.00243969
0.0641809 0.00205691 0.0638132 0.00204368
0.0614716 0.00297015 0.061133 0.00293809
0.060405 0.00321161 0.060077 0.00317512
0.0574453 0.00272004 0.0571543 0.00268773
0.0585666 0.00436426 0.0582622 0.00430773
0.0564227 0.00500481 0.0561568 0.00493703
0.0555699 0.00312658 0.0553051 0.00307761
0.0533979 0.00247081 0.053169 0.00242586
0.0520439 0.00293346 0.0518465 0.00288723
0.0507513 0.00241514 0.0505752 0.00236695
0.0501072 0.00212823 0.0499392 0.00209197
0.0505627 0.00169443 0.0503938 0.00166176
0.0497024 0.0014637 0.0495595 0.00144764
0.0492115 0.00213638 0.0490668 0.00210434
0.0478244 0.00226017 0.047711 0.00224134
0.0503995 0.00403248 0.0502481 0.00397065
0.0461474 0.0029606 0.0460414 0.00292692
0.0479559 0.00377074 0.0478444 0.00374196
0.0479198 0.00324649 0.0478087 0.00322271
0.0451961 0.00419679 0.0451116 0.00416113
0.0446737 0.00418634 0.044582 0.00413811
0.0420246 0.00336465 0.041971 0.00333146
0.0440972 0.00514669 0.0440264 0.00509639
0.0413728 0.00322243 0.0413303 0.00318436
0.0424757 0.0056459 0.0424242 0.00559438
0.0425793 0.00475722 0.042521 0.00471552
