0.112372 3.18621e-07 0.111797 3.31095e-07
0.112372 4.04388e-07 0.111797 4.15462e-07
0.112372 3.99887e-07 0.111797 4.16248e-07
0.112372 2.98128e-07 0.111797 3.12506e-07
0.112372 2.0763e-07 0.111797 2.21265e-07
0.112372 2.95321e-07 0.111797 3.11378e-07
0.112372 4.55339e-07 0.111798 4.64703e-07
0.112372 3.40465e-07 0.111798 3.58751e-07
0.112372 3.52284e-07 0.111798 3.64707e-07
0.112373 5.63926e-07 0.111798 5.85331e-07
0.112372 9.69347e-07 0.111798 9.61858e-07
0.112371 2.12258e-06 0.111797 2.10091e-06
0.112368 2.97707e-06 0.111794 2.97645e-06
0.112364 6.23305e-06 0.111789 6.17677e-06
0.112343 1.4978e-05 0.111769 1.48939e-05
0.112324 3.13171e-05 0.11175 3.12069e-05
0.112294 4.8146e-05 0.11172 4.78486e-05
0.112245 9.68838e-05 0.111671 9.64233e-05
0.112069 0.000163455 0.111496 0.000162653
0.111982 0.00023889 0.111409 0.000237579
0.111724 0.000323131 0.111153 0.000321465
0.111229 0.000477897 0.110659 0.000475552
0.110477 0.000658373 0.109912 0.000654954
0.108805 0.00110641 0.108248 0.00110156
0.107474 0.00159607 0.106924 0.00158798
0.107043 0.00231666 0.106494 0.002305
0.105093 0.00396091 0.104554 0.00394132
0.10499 0.00407807 0.104451 0.00405865
0.097927 0.00590809 0.0974214 0.00588
0.092965 0.00816464 0.0924824 0.00812614
0.0915969 0.00887173 0.0911198 0.0088318
0.0878393 0.00693623 0.0873783 0.00690483
0.0866358 0.00883411 0.0861793 0.00879489
0.0804382 0.00952082 0.0800073 0.00948022
0.0748666 0.00769073 0.0744594 0.00766007
0.0743024 0.00521391 0.0738962 0.00519421
0.0741501 0.00592934 0.0737465 0.00590679
0.068871 0.00195643 0.0684851 0.0019503
0.0713346 0.00556988 0.070939 0.00555101
0.0684529 0.00259378 0.0680674 0.00258586
0.0669004 0.00200745 0.0665183 0.00200245
0.0664199 0.00103509 0.0660377 0.00103206
0.068318 0.00687148 0.0679266 0.00684439
0.0659999 0.000867027 0.0656186 0.000866032
0.0660518 0.00052139 0.0656694 0.000520827
0.0657383 0.00014515 0.0653555 0.000143867
0.0659522 0.000507137 0.0655689 0.000505405
0.0654633 0.000315487 0.0650827 0.000314203
0.0660538 0.00135802 0.0656704 0.00135309
0.0657766 0.00025725 0.0653937 0.000255524
0.0650871 0.000386038 0.064709 0.000381752
0.064982 0.000702903 0.0646059 0.000696265
0.064383 0.00104232 0.064013 0.00103129
0.0638451 0.000936085 0.0634808 0.000926446
0.0642323 0.00128463 0.0638647 0.00127242
0.0632622 0.0024922 0.0629059 0.00246588
0.0620092 0.00274293 0.0616666 0.00271136
0.0596649 0.00337222 0.0593511 0.00332994
0.0586685 0.00285993 0.0583671 0.00282299
0.0564928 0.00331613 0.0562192 0.00327143
0.0559447 0.00300728 0.0556829 0.00295985
0.0563561 0.00538791 0.0560957 0.00530758
0.0542128 0.00505995 0.0539832 0.00498631
0.0502652 0.00165979 0.0501037 0.0016301
0.0513074 0.00247182 0.0511239 0.00242581
0.0531432 0.00424436 0.0529463 0.00417347
0.0496788 0.00163184 0.0495435 0.0016081
0.0487738 0.00191954 0.0486423 0.0018919
0.0500207 0.00415686 0.0498733 0.00409277
0.0487488 0.00236292 0.0486159 0.00233242
0.0485195 0.00295264 0.0483925 0.00290824
0.0485303 0.00285676 0.0484031 0.00282244
0.0455882 0.00262371 0.0454943 0.0026033
0.0442057 0.0036808 0.0441232 0.00364392
0.0458235 0.00477861 0.0457309 0.00473591
0.0455031 0.00508221 0.0454177 0.00503675
0.0456109 0.00435816 0.0455187 0.00431867
0.0441421 0.00384675 0.0440632 0.00381197
0.0420109 0.003831 0.0419488 0.00377058
0.0437855 0.0051019 0.0437168 0.00504872
