0.164368 0.0177315 0.162923 0.0176838
0.162169 0.0172937 0.160345 0.0174784
0.155196 0.0124504 0.153491 0.012248
0.155186 0.0153129 0.153411 0.0157069
0.155169 0.0158917 0.153608 0.0155775
0.153151 0.0159634 0.151864 0.0157184
0.155075 0.0161186 0.153634 0.0163248
0.14756 0.0066741 0.145964 0.00637976
0.158715 0.0154345 0.157561 0.0151156
0.154618 0.0196628 0.153541 0.0192113
0.15493 0.0169986 0.153005 0.017312
0.150558 0.0153956 0.148392 0.015373
0.15501 0.012495 0.153483 0.0126023
0.154022 0.0165014 0.152966 0.0165302
0.159239 0.0169119 0.157765 0.0169269
0.148491 0.0109657 0.147124 0.010939
0.164528 0.016329 0.162958 0.0165233
0.154652 0.0151882 0.153082 0.0147233
0.153819 0.0178724 0.152771 0.0175398
0.156828 0.0189463 0.155278 0.0192979
0.159192 0.0182318 0.157532 0.0180902
0.148586 0.0150573 0.147006 0.0150666
0.158546 0.0170633 0.157104 0.0171512
0.166524 0.0161832 0.165139 0.0161133
0.154698 0.0178582 0.152989 0.0176873
0.158298 0.0148389 0.156512 0.0147513
0.149886 0.0118925 0.148865 0.0121919
0.158821 0.0165786 0.157149 0.0161085
0.159281 0.0178331 0.158127 0.0172719
0.152007 0.0140682 0.150574 0.0136638
0.159022 0.0166684 0.157956 0.0164436
0.150758 0.0145197 0.149223 0.0149635
0.154196 0.0120725 0.152354 0.0123294
0.153162 0.0144554 0.151526 0.014241
0.148613 0.00889399 0.14796 0.00838566
0.156106 0.00846985 0.154033 0.00877699
0.15324 0.0108418 0.151381 0.0102241
0.156309 0.0189727 0.155399 0.0185132
0.157876 0.0187786 0.15631 0.0190669
0.159628 0.0164071 0.158322 0.0163748
0.14887 0.0089707 0.147971 0.00870921
0.151421 0.0110074 0.15002 0.0106133
0.150262 0.0131088 0.14833 0.0130026
0.151337 0.007021 0.149923 0.00654792
0.159048 0.0207032 0.15793 0.0204241
0.154845 0.00839171 0.154025 0.00880132
0.151742 0.0139104 0.150195 0.0132102
0.150584 0.0077282 0.148935 0.00817518
0.151008 0.0166527 0.149976 0.0168104
0.152558 0.00768607 0.15107 0.00722437
0.151841 0.0106007 0.150108 0.0107396
0.15576 0.0175079 0.154176 0.0170118
0.158434 0.0157239 0.157206 0.0156071
0.167737 0.0181748 0.166109 0.0183842
0.154635 0.0147992 0.152952 0.0149715
0.15827 0.0146393 0.156737 0.0143002
0.160435 0.0136128 0.158807 0.0129713
0.15709 0.0151937 0.156414 0.0148679
0.158958 0.0210995 0.157126 0.0208156
0.160756 0.0146248 0.159206 0.0147497
0.160743 0.0126428 0.1589 0.0125928
0.158629 0.0136946 0.157408 0.013618
0.157011 0.00793279 0.156179 0.00765487
0.160163 0.0173091 0.158766 0.0167765
0.170241 0.0198071 0.168442 0.0203718
0.156223 0.0126992 0.154587 0.0126451
0.15324 0.0165566 0.151802 0.0165618
0.163095 0.0215522 0.161926 0.0211569
0.160727 0.0194999 0.159233 0.0195654
0.151444 0.0109836 0.148961 0.0112422
0.161712 0.0168753 0.160395 0.0164559
0.165979 0.0174224 0.164625 0.0177316
0.152051 0.0138377 0.150756 0.0137848
0.152731 0.0107216 0.15176 0.0107714
0.157512 0.0131468 0.156866 0.0127047
0.16017 0.0136937 0.158862 0.0132846
0.158343 0.0166449 0.157063 0.0157861
0.153173 0.0133524 0.152668 0.0128227
0.156805 0.01302 0.155813 0.0129057
0.153776 0.0118917 0.152758 0.011364
