0.042555 0.0022155 0.0427208 0.00209383
0.0426448 0.00215627 0.0428086 0.00205243
0.0430901 0.00302812 0.0432334 0.00289228
0.042975 0.00311683 0.0431208 0.0029345
0.043116 0.00382399 0.0433196 0.00365483
0.04115 0.00161791 0.0414334 0.00152056
0.0427246 0.00273379 0.0429439 0.00255607
0.0406846 0.000844787 0.0410475 0.000805519
0.0403207 0.00158452 0.0407221 0.00144841
0.0418923 0.0020907 0.0422314 0.00198796
0.0417712 0.00250664 0.0421242 0.00239391
0.0416538 0.00212066 0.0420234 0.00198602
0.0407364 0.00158826 0.0411937 0.00147775
0.0411206 0.00149747 0.041542 0.00141504
0.0410326 0.00237972 0.0414937 0.00223755
0.0406073 0.00163079 0.041073 0.00153922
0.0400109 0.00120816 0.040515 0.00115886
0.0402545 0.00177219 0.0407483 0.00171488
0.0402003 0.00200372 0.0407366 0.0019185
0.039902 0.00151463 0.0404316 0.00146007
0.0395637 0.000484361 0.0401277 0.000463049
0.0394966 0.000662298 0.0400618 0.000635603
0.0390093 0.000796181 0.039567 0.000790341
0.0392541 0.00159314 0.0398292 0.00149698
0.0387464 0.00103524 0.0393293 0.000998464
0.0391855 0.00209663 0.0397568 0.00201558
0.03836 0.000582612 0.0389727 0.000594451
0.0393532 0.00196557 0.0399243 0.00186432
0.0391556 0.00217045 0.0397216 0.00208775
0.038866 0.00220041 0.0394447 0.00212819
0.038185 0.000919411 0.0387973 0.000896897
0.0378221 0.00104278 0.0384177 0.00101606
0.0372036 0.000945586 0.0378067 0.000957468
0.0374868 0.000777974 0.0381068 0.000779805
0.0379254 0.000965858 0.0385433 0.000943218
0.0371241 0.00111955 0.0377323 0.00111382
0.0380088 0.00125841 0.0386118 0.00121204
0.036713 0.00100136 0.0373489 0.0010049
0.0368005 0.00154944 0.0374072 0.00153554
0.0363196 0.00154656 0.036941 0.00156223
0.0372675 0.00123431 0.0378793 0.00120004
0.0361033 0.00121476 0.0367406 0.00123479
0.0371291 0.000616562 0.0377514 0.000613177
0.0363 0.00125074 0.0369133 0.00124985
0.0358787 0.00168825 0.036491 0.00168657
0.0353688 0.00131904 0.0359836 0.00131122
0.0346046 0.00107876 0.035217 0.00109512
0.0351573 0.00193931 0.0357679 0.00195032
0.0350578 0.00123037 0.0356776 0.00124683
0.0342052 0.0010437 0.0348313 0.00105965
0.0336876 0.00178703 0.0342908 0.00182176
0.0338934 0.00144252 0.0344825 0.00145467
0.0342878 0.00179226 0.0348862 0.00182491
0.0334494 0.00160559 0.034056 0.00163614
0.0338353 0.00148427 0.0344386 0.00149714
0.0332218 0.00145513 0.033843 0.00145135
0.0318292 0.00112006 0.0324041 0.00112777
0.031467 0.00144715 0.0320529 0.00146116
0.0325182 0.00206479 0.0331124 0.00210284
0.0321777 0.00179878 0.0327658 0.00183397
0.0299383 0.00169038 0.0304806 0.00172419
0.0307948 0.00164026 0.0313603 0.00167965
0.0300286 0.00183125 0.030551 0.00187862
0.0295689 0.00192716 0.0300646 0.00196139
0.030659 0.00163305 0.0312084 0.00165133
0.0300922 0.00189963 0.0306112 0.00197182
0.0298502 0.00303885 0.0303915 0.00306129
0.0290732 0.00420704 0.0296006 0.00427922
0.0259507 0.00145241 0.0263871 0.00145379
0.0280689 0.00334351 0.0285689 0.00338807
0.0281686 0.00221378 0.0286342 0.00221192
0.0269403 0.00137349 0.0273868 0.0013206
0.0270136 0.00161815 0.0274903 0.001637
0.0276567 0.00238522 0.0281528 0.00246986
0.0271781 0.00254329 0.0276596 0.00256524
0.0262813 0.00312643 0.0267252 0.00317397
0.0248509 0.00241511 0.0252407 0.00241961
0.0230973 0.00322839 0.02349 0.00324598
0.0221524 0.00418727 0.0225244 0.00423596
0.021425 0.00466297 0.0217609 0.00472925
