0.551052 0.0417626 0.547929 0.0412717
0.543349 0.0433573 0.540116 0.0428966
0.516316 0.0538321 0.513284 0.0533871
0.528858 0.0470715 0.525609 0.0466068
0.535395 0.0496619 0.532 0.0491838
0.551125 0.0418675 0.547548 0.041386
0.54944 0.0484542 0.545886 0.0479346
0.521265 0.0446829 0.517976 0.0442062
0.518197 0.0403559 0.514919 0.0399421
0.53326 0.0458154 0.529867 0.0453437
0.534174 0.0381822 0.530793 0.0377684
0.534269 0.0323718 0.530882 0.0320257
0.553186 0.0318051 0.549617 0.0315177
0.538982 0.0397983 0.535499 0.0394728
0.552802 0.0293372 0.549264 0.028987
0.530746 0.0456707 0.527407 0.0452292
0.547468 0.0375707 0.544001 0.0371696
0.537946 0.0472224 0.53456 0.046871
0.54215 0.0316766 0.538786 0.0313674
0.559974 0.0139882 0.5564 0.0138603
0.514595 0.0418483 0.511401 0.0414667
0.521691 0.0364619 0.5184 0.0360971
0.550233 0.0295975 0.546721 0.0292547
0.536195 0.0410487 0.532787 0.0407226
0.53704 0.0281633 0.533649 0.0279793
0.545781 0.0315539 0.54229 0.0312749
0.516701 0.0395713 0.513472 0.0392439
0.521749 0.0375597 0.518478 0.0372901
0.517548 0.0316527 0.514325 0.0312685
0.531423 0.0325722 0.528108 0.0322825
0.525638 0.0252766 0.522342 0.0251373
0.513468 0.0386848 0.510226 0.0384513
0.518506 0.0428591 0.515329 0.0425215
0.538342 0.0301041 0.535005 0.0299024
0.538997 0.0198445 0.535586 0.0196883
0.524277 0.023953 0.521029 0.0237436
0.522607 0.0342413 0.519367 0.0338545
0.538237 0.0330749 0.534896 0.0325731
0.531078 0.0332566 0.527712 0.0329732
0.524651 0.0348115 0.521379 0.0344726
0.54241 0.0212411 0.538962 0.0210186
0.491698 0.0483969 0.488595 0.0480893
0.523652 0.0353065 0.520423 0.0349784
0.517421 0.0464653 0.514116 0.0460461
0.50349 0.0478079 0.500332 0.0473926
0.524062 0.0338418 0.520805 0.0335044
0.48126 0.0409327 0.478285 0.0406987
0.528357 0.0282989 0.524869 0.0282224
0.518643 0.0338765 0.515319 0.0336491
0.531752 0.0194371 0.52822 0.0193482
0.503492 0.0272588 0.500268 0.0271137
0.507598 0.0330314 0.504394 0.0327523
0.506583 0.0440922 0.503348 0.0436436
0.487483 0.0548018 0.484279 0.054405
0.521724 0.0254574 0.518403 0.0251248
0.496286 0.0453855 0.4931 0.044943
0.493008 0.0399414 0.489896 0.0396734
0.50076 0.0335911 0.497574 0.0333046
0.525667 0.0322607 0.522324 0.0319477
0.516091 0.0344192 0.512855 0.0339348
0.475109 0.0501635 0.472067 0.049712
0.513214 0.0509377 0.509964 0.0506011
0.489329 0.0517007 0.48631 0.0512287
0.47336 0.0455639 0.470431 0.045117
0.493398 0.0552585 0.490328 0.0548131
0.501292 0.0341071 0.498144 0.0337207
0.482569 0.0479036 0.479668 0.0474142
0.499925 0.0403657 0.496784 0.0399909
0.492413 0.0379707 0.489463 0.037754
0.479647 0.0586086 0.476736 0.0581641
0.51526 0.0309016 0.51203 0.030576
0.478422 0.0578619 0.475493 0.0571758
0.486923 0.0423388 0.484071 0.0418897
0.448845 0.0478613 0.446409 0.0473706
0.468543 0.0527688 0.465775 0.0524744
0.452395 0.05079 0.449699 0.0503321
0.500988 0.0474005 0.497872 0.0471337
0.488734 0.0433645 0.485832 0.0429748
0.469392 0.0459665 0.466638 0.045444
0.485571 0.050061 0.4827 0.0495108
