0.538672 0.0257542 0.53044 0.0253394
0.793023 0.000878539 0.784601 0.00125298
0.793705 0.001436 0.785627 0.00130662
0.796856 0.00382243 0.788828 0.00438603
0.798375 0.00329328 0.788777 0.00282869
0.79977 0.00518426 0.791738 0.00460858
0.805206 0.0105725 0.796377 0.0105378
0.80435 0.00358719 0.795653 0.00334829
0.807072 0.00692859 0.79817 0.00628521
0.810559 0.00727289 0.801658 0.00768715
0.819517 0.0158352 0.811804 0.0151381
0.81816 0.0107104 0.80751 0.00904969
0.823901 0.0111615 0.814445 0.0110471
0.818685 0.00966694 0.810173 0.0103453
0.824923 0.00774534 0.816489 0.00728647
0.824032 0.0138977 0.814881 0.0125345
0.829801 0.00910981 0.822685 0.00891782
0.838621 0.0142798 0.829567 0.0137943
0.83441 0.0109512 0.82743 0.00949395
0.843114 0.0123919 0.832206 0.0124977
0.842834 0.0126851 0.833106 0.0124022
0.846643 0.0147359 0.837504 0.0146984
0.840173 0.00854312 0.830481 0.00902619
0.848717 0.00975568 0.837753 0.0091303
0.846977 0.00811773 0.83648 0.00731519
0.855022 0.0102751 0.843356 0.0111352
0.858332 0.00893884 0.846807 0.00738293
0.857444 0.0109093 0.847791 0.00859603
0.85692 0.00807767 0.846951 0.00679305
0.860367 0.00644097 0.849271 0.00610483
0.858481 0.0078161 0.84931 0.00615671
0.860486 0.00870647 0.851035 0.00885438
0.859037 0.00654943 0.849433 0.00615579
0.86507 0.00745251 0.855241 0.00812847
0.860985 0.00910018 0.852066 0.0103576
0.862148 0.0077721 0.8531 0.00648345
0.865111 0.00615801 0.854759 0.0058532
0.864962 0.0066648 0.852951 0.00717873
0.867261 0.00530933 0.857111 0.00484241
0.867656 0.00394021 0.857355 0.00498414
0.872743 0.00452846 0.862039 0.00464768
0.872733 0.007641 0.862446 0.00720863
0.873803 0.00810194 0.865292 0.00905375
0.873636 0.00569685 0.861431 0.00540595
0.87 0.0042371 0.860123 0.00557413
0.872858 0.00506613 0.863078 0.00392426
0.878339 0.00788322 0.867631 0.00686883
0.876405 0.00563276 0.86573 0.00514149
0.874475 0.00448315 0.863488 0.00405308
0.881546 0.00912936 0.871387 0.00903644
0.879634 0.00917366 0.871127 0.00704851
0.879496 0.00585413 0.871213 0.0059418
0.880983 0.00696001 0.870499 0.00663898
0.878531 0.00526423 0.869279 0.00433597
0.884169 0.00713579 0.875184 0.00684587
0.882856 0.00910482 0.871866 0.01032
0.882666 0.00359087 0.871262 0.00429455
0.885846 0.00918025 0.876624 0.0077818
0.882083 0.00758301 0.871893 0.00631902
0.880864 0.00561344 0.871519 0.00523782
0.885875 0.00748989 0.877225 0.00752698
0.884701 0.00844874 0.875898 0.00635899
0.887359 0.00626994 0.877655 0.00737804
0.886558 0.00734637 0.875535 0.00731951
0.887517 0.00560312 0.875426 0.0055133
0.889286 0.00419497 0.878977 0.00530173
0.888063 0.00421416 0.87821 0.00450396
0.889368 0.00622416 0.879489 0.00716233
0.888044 0.00561686 0.877548 0.00555635
0.891221 0.00443711 0.881592 0.00347213
0.889977 0.00450955 0.879503 0.00614898
0.887947 0.00455323 0.878448 0.00378512
0.893884 0.00751424 0.883882 0.00937061
0.890467 0.00780199 0.879328 0.00701575
0.892693 0.00492781 0.884219 0.00563161
0.894536 0.00971412 0.884953 0.0124962
0.890908 0.00692375 0.881195 0.00811914
0.896277 0.00994117 0.88594 0.0116199
0.895445 0.00885402 0.885153 0.00751527
0.895106 0.00572566 0.882771 0.00635902
0.894732 0.00418062 0.8862 0.00639303
0.897938 0.00792194 0.888271 0.00871778
0.893347 0.00360666 0.88412 0.00509876
0.899389 0.0069547 0.889194 0.00848186
0.898259 0.0078685 0.89075 0.00763962
0.899837 0.00398337 0.890552 0.00563736
0.892717 0.00603707 0.884561 0.00710979
0.900459 0.0114676 0.890871 0.0115575
0.901426 0.00856926 0.892361 0.00856487
0.894622 0.00518671 0.885082 0.00482292
0.903719 0.00975852 0.893808 0.00991311
0.904163 0.0114734 0.894556 0.00990388
0.907648 0.0118983 0.896738 0.0122415
0.901401 0.00667449 0.891147 0.00602312
0.901899 0.00671936 0.893005 0.00836202
0.904145 0.00537246 0.894281 0.00598399
0.903822 0.0147404 0.896187 0.0171826
0.901535 0.00549711 0.891246 0.00580833
0.903406 0.0058221 0.897058 0.00760062
0.908087 0.0109746 0.899488 0.0096169
