0.5815 0.0346227 0.577174 0.0346129
0.583439 0.0225893 0.579019 0.0224852
0.579659 0.0319262 0.575297 0.0318389
0.573196 0.0185783 0.568906 0.0184619
0.583207 0.0437383 0.57878 0.0437506
0.563033 0.0105006 0.558778 0.0104192
0.589247 0.0493966 0.584884 0.0493952
0.559359 0.0182031 0.555119 0.018052
0.567283 0.0200743 0.562998 0.0199735
0.56766 0.0299103 0.563369 0.0298682
0.558623 0.0167537 0.554298 0.0166468
0.574288 0.0440502 0.570012 0.0441021
0.552215 0.0139249 0.548018 0.0137991
0.552451 0.0128519 0.548167 0.0126745
0.554723 0.0185658 0.550481 0.0183379
0.551188 0.021565 0.547043 0.0213621
0.542535 0.0107025 0.538439 0.010569
0.54414 0.0135764 0.540075 0.0133954
0.542884 0.0179798 0.53888 0.0177991
0.537 0.0110391 0.53301 0.0108207
0.54152 0.0127904 0.537441 0.0126613
0.542449 0.0139265 0.538397 0.0137342
0.532385 0.00594586 0.528493 0.00575726
0.535122 0.0118337 0.531214 0.0115986
0.534395 0.00859316 0.530452 0.00840929
0.530214 0.00480946 0.526361 0.00464316
0.528625 0.0055354 0.524845 0.00538643
0.526611 0.00172737 0.522907 0.00164441
0.530241 0.00528071 0.526391 0.00504883
0.528722 0.00693358 0.524892 0.0067375
0.524397 0.00281885 0.520775 0.00275247
0.527486 0.0026922 0.523688 0.00256463
0.523622 0.00248718 0.519997 0.00243646
0.525843 0.0053788 0.522151 0.00521662
0.527857 0.00596573 0.524027 0.00573908
0.522854 0.0016363 0.519206 0.00157115
0.524608 0.00262875 0.520897 0.00254087
0.524682 0.00320918 0.521029 0.00312541
0.527318 0.0069337 0.523644 0.00668854
0.524138 0.00380332 0.520487 0.00363567
0.524788 0.00691882 0.521067 0.00672644
0.524643 0.0026182 0.52098 0.00256171
0.525234 0.00559535 0.521588 0.00541934
0.524223 0.00760699 0.520585 0.00751291
0.523251 0.0032834 0.519621 0.00319885
0.521086 0.004922 0.517586 0.00483862
0.520826 0.00450945 0.517274 0.00436599
0.523095 0.00223467 0.519582 0.00220292
0.520179 0.00283665 0.516669 0.00274567
0.523601 0.00470463 0.520035 0.00454697
0.522823 0.0035518 0.519304 0.00342665
0.521849 0.00384248 0.51838 0.00368263
0.520674 0.00536958 0.517149 0.00538445
0.522681 0.0065389 0.519142 0.00637354
0.521855 0.0031889 0.518444 0.00319511
0.523534 0.00815957 0.520061 0.0080968
0.520495 0.00380662 0.516955 0.00383242
0.522377 0.00452617 0.518917 0.0045098
0.520854 0.00790007 0.51745 0.00764923
0.520174 0.0042684 0.516772 0.00424568
0.521038 0.00458262 0.517679 0.00444687
0.521022 0.00588108 0.517659 0.00580644
0.527221 0.011703 0.523656 0.0113403
0.525535 0.0058747 0.522209 0.00585
0.519238 0.00666196 0.515997 0.00673053
0.518408 0.00727947 0.514954 0.00719268
0.515472 0.00924886 0.512319 0.00901718
0.522195 0.00631841 0.518842 0.00612957
0.520756 0.00961548 0.517538 0.00942274
0.519964 0.00498223 0.516779 0.00474968
0.516967 0.0084419 0.513909 0.00826012
0.520554 0.0042878 0.517382 0.00425138
0.523931 0.00829452 0.520794 0.00791525
0.516584 0.00850391 0.513616 0.0084667
0.521712 0.00740855 0.518714 0.00711909
0.523142 0.012475 0.520005 0.0123441
0.520311 0.00550454 0.517351 0.00531402
0.520309 0.0122402 0.517216 0.0122167
0.527074 0.00785994 0.523997 0.00764165
0.51951 0.00839467 0.516245 0.00826446
