0.0649842 0.00951745 0.0644412 0.00923047
0.116553 0.00176303 0.11526 0.00194379
0.125398 0.0103166 0.123745 0.0100698
0.131895 0.0089124 0.130502 0.00823265
0.142715 0.0222406 0.141697 0.0222455
0.162102 0.0327828 0.16149 0.0337343
0.173404 0.0220235 0.17177 0.0219646
0.202522 0.0780188 0.200416 0.0759718
0.185814 0.0217266 0.183981 0.0218483
0.217528 0.0608246 0.216222 0.0611814
0.204086 0.0199082 0.202024 0.0186909
0.220112 0.0250612 0.217627 0.0244804
0.243133 0.0452116 0.241295 0.0442456
0.255268 0.0285551 0.251645 0.027166
0.263995 0.0243302 0.260752 0.024826
0.261011 0.0277753 0.25813 0.0271087
0.282535 0.032704 0.278874 0.0316796
0.273884 0.0330367 0.271892 0.0341771
0.27272 0.0130783 0.271725 0.0125036
0.282844 0.0268142 0.281806 0.0270344
0.307108 0.0326742 0.304088 0.0318198
0.311945 0.0337829 0.306853 0.0331784
0.317624 0.0318447 0.315183 0.0332737
0.324027 0.0305267 0.321795 0.0299568
0.315231 0.025005 0.311301 0.0246685
0.31766 0.035777 0.312019 0.0362405
0.354368 0.0594914 0.351768 0.0576964
0.331444 0.0357615 0.330072 0.0343856
0.361427 0.0583422 0.355339 0.0541594
0.360065 0.0438024 0.357666 0.0422856
0.342061 0.0243286 0.33827 0.0257124
0.362578 0.0654781 0.357415 0.0632587
0.362084 0.0391003 0.358195 0.0382747
0.355013 0.0157305 0.351701 0.0180106
0.404199 0.0646362 0.400383 0.0676836
0.413036 0.0827238 0.411077 0.0839794
0.415346 0.0356075 0.411104 0.0353633
0.40013 0.0360868 0.396752 0.0353349
0.402148 0.0476479 0.397083 0.0493011
0.416744 0.0430605 0.413921 0.044002
0.438621 0.0652251 0.43144 0.062207
0.412063 0.0501011 0.407836 0.0491488
0.409897 0.0457342 0.408884 0.0474372
0.411952 0.0361586 0.407078 0.0352528
0.441897 0.0417703 0.437673 0.0405696
0.440989 0.0537159 0.436625 0.0534439
0.452469 0.0507489 0.449092 0.0489456
0.444523 0.0443801 0.442113 0.0421041
0.428242 0.0331539 0.421642 0.0313561
0.454874 0.0444738 0.453252 0.0468279
0.43987 0.0425899 0.434858 0.0391578
0.466975 0.0376309 0.46388 0.0373383
0.461603 0.0631602 0.455702 0.0615594
0.461223 0.039004 0.458822 0.0407784
0.429964 0.035242 0.427191 0.0369848
0.471146 0.0537375 0.46806 0.0531518
0.459745 0.0505084 0.457749 0.0486582
0.483557 0.0637895 0.479811 0.0628786
0.454438 0.0308689 0.44992 0.0303415
0.480314 0.0544222 0.476859 0.0541248
0.492766 0.0495335 0.489921 0.0489435
0.506135 0.0577795 0.502302 0.057231
0.481959 0.0338815 0.477296 0.0353606
0.50231 0.0567402 0.497646 0.0539767
0.497959 0.0775794 0.496477 0.080022
0.524587 0.0419122 0.523814 0.0406964
0.525782 0.0398069 0.517997 0.036662
0.59128 0.114918 0.588097 0.114808
0.510344 0.0465432 0.504374 0.0477233
0.525884 0.0684983 0.522631 0.071925
0.537121 0.0573026 0.533802 0.0603537
0.544589 0.0563748 0.540207 0.056977
0.551588 0.0768408 0.550522 0.0777406
0.511112 0.0434107 0.504353 0.0415322
0.555809 0.0470886 0.550794 0.0486202
0.532593 0.0349688 0.532452 0.0344419
0.574352 0.0723411 0.569599 0.069317
0.518154 0.054846 0.512958 0.0526296
0.540844 0.0300518 0.536285 0.0305348
0.573757 0.0618292 0.568885 0.0600013
0.569429 0.0473357 0.564911 0.0489252
0.580185 0.0710542 0.575261 0.0704005
0.561688 0.0340272 0.560445 0.035967
0.574146 0.0620704 0.571745 0.0634906
0.554735 0.0489099 0.549647 0.0475819
0.655056 0.108794 0.645524 0.107187
0.631831 0.0594895 0.624039 0.0606177
0.585538 0.0541254 0.580467 0.0546754
0.591846 0.0666219 0.589658 0.0634295
0.596281 0.0451602 0.588993 0.0425291
0.572465 0.0329914 0.563908 0.0326203
0.613751 0.0696566 0.610151 0.0700027
0.596878 0.04752 0.594322 0.0464837
0.599693 0.0443967 0.595199 0.0443229
0.628084 0.0547418 0.626925 0.0520982
0.653431 0.0993935 0.649739 0.100711
0.63024 0.0618914 0.628345 0.0614539
0.647799 0.0797387 0.642596 0.0807006
0.635385 0.0465521 0.627278 0.0442899
0.584911 0.0264986 0.580081 0.02463
