0.201572 0.00941645 0.199791 0.00911321
0.203249 0.0104748 0.201634 0.0104844
0.195765 0.00773287 0.194039 0.00844346
0.200451 0.00699007 0.199175 0.00643904
0.198361 0.00740783 0.196865 0.00765498
0.201665 0.00628649 0.200245 0.00620609
0.198768 0.00597971 0.1975 0.00551814
0.19672 0.0108691 0.195464 0.0106116
0.202473 0.00683359 0.20064 0.00718995
0.200978 0.00945475 0.199399 0.00959903
0.199212 0.00962844 0.197514 0.00987286
0.200076 0.00722295 0.199187 0.00637642
0.204401 0.00774853 0.202593 0.00790671
0.203559 0.00894325 0.202218 0.00838198
0.200963 0.00924799 0.199596 0.00947663
0.196503 0.00685917 0.19499 0.00638507
0.206086 0.00713632 0.205029 0.00727675
0.204431 0.0119914 0.202898 0.012011
0.203741 0.00750809 0.20268 0.00631459
0.201069 0.00951744 0.19988 0.00836563
0.202085 0.00914028 0.200101 0.00907616
0.204678 0.0130133 0.203569 0.0125548
0.197917 0.00885913 0.196586 0.0084561
0.210996 0.00528583 0.209213 0.00525764
0.200111 0.00880773 0.198683 0.00855684
0.201208 0.00910487 0.199789 0.00904553
0.203584 0.00651549 0.202774 0.00639635
0.199577 0.0054613 0.198179 0.00551981
0.201915 0.00669258 0.200815 0.0061119
0.199392 0.0060634 0.198509 0.00654288
0.203529 0.0077382 0.201985 0.00794576
0.2045 0.00872622 0.203035 0.00864998
0.200041 0.00654109 0.19861 0.00682791
0.19766 0.00972104 0.19638 0.009339
0.202174 0.0088937 0.200673 0.00898595
0.203342 0.0115017 0.201945 0.0113942
0.202221 0.0098645 0.200403 0.009382
0.203568 0.00923864 0.202374 0.00971574
0.205072 0.0108487 0.203793 0.0103366
0.202019 0.00522277 0.200092 0.00494953
0.208132 0.00722002 0.206035 0.00719646
0.203006 0.00979235 0.20168 0.00927493
0.2069 0.00513833 0.204694 0.00510306
0.212384 0.0127099 0.211028 0.0132802
0.205787 0.00885661 0.204767 0.00938105
0.204636 0.012518 0.203106 0.0117185
0.208311 0.00884491 0.206812 0.00827604
0.199278 0.00588642 0.19779 0.00585701
0.206552 0.00838393 0.204849 0.00811789
0.206079 0.00719596 0.204392 0.0069764
0.206446 0.00616175 0.204988 0.00645377
0.202964 0.00794459 0.201546 0.00746231
0.205367 0.00659354 0.203253 0.00682595
0.20595 0.00970679 0.204435 0.00976174
0.202329 0.00734344 0.201314 0.00737849
0.203992 0.00724265 0.201994 0.00757255
0.209597 0.0117574 0.207826 0.0109827
0.209828 0.00904251 0.208268 0.00879108
0.201344 0.00604096 0.200003 0.00640374
0.207806 0.0119375 0.206023 0.01153
0.208655 0.00910941 0.206909 0.00938906
0.2127 0.00915479 0.211374 0.00944734
0.204413 0.00937211 0.202667 0.0089288
0.210627 0.012652 0.208469 0.0124553
0.208032 0.00959163 0.206935 0.0095004
0.206272 0.00619246 0.204752 0.00591626
0.209082 0.00620747 0.207627 0.00653293
0.206456 0.00635815 0.204778 0.00599622
0.208824 0.00776614 0.206972 0.00723889
0.200845 0.00917817 0.198974 0.00905523
0.212899 0.00890654 0.211092 0.00902063
0.209528 0.00657502 0.20758 0.00679718
0.208072 0.0042363 0.206699 0.00391825
0.210301 0.0122583 0.208731 0.0117385
0.210743 0.0151312 0.208956 0.0141076
0.209153 0.0077582 0.206829 0.007092
0.209096 0.00724631 0.2067 0.00780815
0.208408 0.00649094 0.207427 0.00630057
0.213432 0.00739645 0.212175 0.00780404
0.208819 0.0083102 0.20713 0.00827858
