0.899384;1.42074
1.16832;0.44612
1.61164;-0.44118
2.30905;-1.19464
3.39166;0.313706
5.04655;2.5411
7.46957;1.41895
10.6304;2.53652
13.6913;0.935733
14.7266;-1.42532
12.5228;1.81941
8.44491;1.81282
4.58753;5.78439
1.85487;6.60671
0.182334;6.19007
-0.79446;5.49527
-1.41644;2.15318
-1.92853;3.13575
-2.50014;-1.4214
-3.26386;0.0804319
-4.3443;-0.820956
-5.86053;-2.72057
-7.86838;-2.58998
-10.1864;-2.49851
-12.1385;-3.06381
-12.6515;-1.65986
-11.1995;-4.43471
-8.5064;-2.60894
-5.76087;-3.68504
-3.65375;-4.72639
-2.29961;-6.45193
-1.54639;-5.07695
-1.2037;-2.82707
-1.13201;-4.35
-1.2577;0.685142
-1.56463;-2.50684
-2.08601;-2.80682
-2.90311;-1.31796
-4.14744;-1.94478
-5.98592;0.845233
-8.52423;-0.687927
-11.4963;-3.2623
-13.7789;-2.55983
-13.715;-2.25783
-11.011;-1.98567
-7.26647;-3.56069
-4.03672;-5.45191
-1.83168;-8.33601
-0.505253;-6.44803
0.257062;-4.96668
0.726971;-2.82666
1.0939;-2.03977
1.48722;-1.57465
2.0101;2.26268
2.76936;0.398834
3.89692;0.331296
5.55134;0.748868
7.85523;-0.913757
10.6643;2.26392
13.134;0.67528
13.7338;0.701952
11.7245;1.86808
8.25526;3.05873
4.9494;6.06922
2.5572;9.19192
1.07282;7.90303
0.223718;4.60804
-0.261249;5.01144
-0.577814;2.20258
-0.854357;-0.690079
-1.18093;-1.68613
-1.63777;-0.797222
-2.31964;0.0399827
-3.35644;-1.24741
-4.92334;-0.879006
-7.20341;-3.13965
-10.19;-2.57942
-13.1854;-1.10557
-14.4725;-2.22668
-12.7343;-4.03271
-8.96888;-4.74449
-5.17696;-3.11163
-2.38879;-5.89716
-0.6472;-7.33545
0.36747;-6.44935
0.984927;-3.55866
1.44854;-3.67076
1.92525;-0.465075
2.54184;-1.75537
3.41814;-1.2223
4.68564;0.931235
6.47172;0.570279
8.79661;0.82173
11.3097;1.29941
13.012;0.199798
12.7149;1.48727
10.3731;3.27506
7.23604;3.73693
4.49455;6.34185
2.58554;6.43892
1.43435;4.80089
0.812288;5.8828
0.513816;4.93241
0.402309;0.19967
0.402972;0.715145
0.485004;0.344137
0.648304;0.497599
0.918195;1.64885
1.34822;-1.18657
2.0308;1.10798
3.11493;-1.43708
4.8214;1.35593
7.40705;-2.24405
10.9096;1.09266
14.4082;1.66452
15.5395;-1.30632
12.8335;0.873759
8.11835;3.98815
3.87281;5.04204
0.981687;3.2912
-0.745561;9.23258
-1.7608;4.41552
-2.44965;3.94289
-3.07845;0.933899
-3.82597;-1.98588
-4.82054;0.0998023
-6.15029;-1.73115
-7.82253;-1.44937
-9.65195;-2.10395
-11.1349;-0.996854
-11.5665;-3.44418
-10.5931;-0.720123
-8.62681;-4.13152
-6.46779;-5.7043
-4.69496;-5.20661
-3.50112;-5.87634
-2.84434;-2.93044
-2.61581;-4.4485
-2.7289;-2.34477
-3.14841;-2.23574
-3.89165;-1.01904
-5.0153;-0.742075
-6.57866;-1.34238
-8.54833;-1.57373
-10.6122;-4.22501
-12.0268;-1.01674
-11.9393;-3.62782
-10.2321;-4.96026
-7.72681;-3.31417
-5.37039;-5.69911
-3.63177;-5.59594
-2.55295;-6.3857
-1.99941;-4.06387
-1.82501;-1.88306
-1.93481;-2.60151
-2.29611;-2.48445
-2.93368;-2.43881
-3.92294;-1.22382
-5.37512;-3.19962
-7.38151;-2.71399
-9.84467;-1.48638
-12.1621;-2.27349
-13.1396;-0.847923
-11.919;-2.87022
-9.09177;-5.28443
-6.03464;-5.13706
-3.63353;-5.9
-2.06657;-6.8064
-1.16559;-5.37476
-0.702329;-3.0464
-0.500435;-2.91692
-0.452534;-4.21377
-0.506207;-2.22546
-0.64778;-2.34953
-0.893068;-1.8295
-1.28666;-0.663804
-1.90952;-0.465828
-2.89413;2.61014
-4.4402;0.113485
-6.79566;0.662419
-10.0725;-0.556656
-13.6406;0.0871875
-15.4504;-0.606705
-13.5924;-1.93867
-9.19348;-4.63253
-4.80564;-6.86305
-1.65818;-5.42398
0.268376;-7.44444
1.39311;-6.48836
2.1162;0.450394
2.72393;-4.18593
3.40944;-0.342348
4.31239;1.16091
5.54024;-0.987126
7.14704;-0.409513
9.04064;0.811325
10.8257;2.4999
11.7745;3.01123
11.2721;2.6954
9.46692;2.55495
7.16735;2.27459
5.12539;3.75196
3.6684;5.11449
2.80111;4.98854
2.408;4.59767
2.3772;0.416719
2.64669;0.915718
3.21195;2.28641
4.11931;0.938206
5.44745;3.01054
7.25428;-1.42035
9.43882;0.0612912
11.505;4.86765
12.4992;0.80573
11.6677;0.461265
9.3461;4.56568
6.63261;6.2654
4.37583;2.47631
2.84323;6.20908
1.95255;3.45262
1.52736;4.47552
1.42093;2.34456
1.54969;-0.102155
1.89155;-0.327448
2.47852;-1.21259
3.3931;1.18629
4.76331;2.23369
6.72836;1.59208
9.29939;-0.588706
12.0152;0.68541
13.6258;1.31538
12.8361;3.37654
9.92862;2.4535
6.48298;3.61701
3.68435;4.2886
1.82706;3.43218
0.731787;7.27581
0.121838;1.58824
-0.227228;1.28716
-0.465088;-0.990804
-0.687487;-1.00697
-0.96362;-1.45572
-1.35991;-0.203665
-1.96063;-1.35976
-2.88781;-1.94084
-4.31742;0.706143
-6.46528;-1.15897
-9.44441;0.524982
-12.7934;0.566192
-14.8602;-2.25217
-13.7612;-2.67224
-9.98324;-3.59987
-5.77996;-3.53401
-2.56873;-6.52314
-0.531381;-5.48004
0.662916;-6.17444
1.39193;-4.74174
1.94156;-4.60064
2.50796;-0.764769
3.23553;3.93932
4.24992;0.279864
5.66689;2.30938
7.54875;1.7529
9.75999;0.670425
11.7343;1.97029
12.4899;0.705644
11.3946;0.0556107
8.9489;3.6613
6.26764;7.84953
4.11384;4.00168
2.68538;0.91159
1.87419;5.95646
1.50393;4.41817
1.43667;2.78091
1.59857;0.285871
1.97616;0.944485
2.6093;3.50946
3.5881;1.48451
5.04566;-2.2603
7.11327;0.430994
9.75332;1.01041
12.3861;0.479384
13.6645;-0.372163
12.4607;1.9557
9.35974;4.66692
5.9728;4.18866
3.33114;5.79287
1.61846;3.64687
0.622139;6.71778
0.0696944;1.6877
-0.249995;3.45552
-0.475267;0.171496
-0.694859;1.86805
-0.974715;-2.20684
-1.3808;-0.427827
-1.99919;-1.7598
-2.95584;-0.0524375
-4.43218;0.0770088
-6.64689;-0.224512
-9.69633;-2.18268
-13.0479;-1.63273
-14.9481;-3.38563
-13.5822;-0.242483
-9.65913;-3.60475
-5.47104;-4.41218
-2.33658;-5.74364
-0.369167;-7.58283
0.781944;-6.16892
1.49323;-3.93114
2.04493;-2.02652
2.6291;0.19602
3.38844;-1.53599
4.44758;1.40452
5.91718;0.309184
7.84041;-0.621328
10.0354;1.16312
11.8745;1.90428
12.385;3.65783
11.0776;2.4253
8.57786;1.31412
5.97324;3.37158
3.9374;4.8547
2.6132;4.24429
1.87901;3.80082
1.56495;4.47941
1.54486;2.31536
1.75646;-0.692196
2.19703;0.000488834
2.91709;-1.47438
4.01638;0.0501614
5.62908;-1.50388
7.85353;0.0476497
10.5321;0.369678
12.8662;3.0635
13.454;-2.2601
11.6088;3.82872
8.34973;4.30952
5.18458;7.14816
2.85799;4.91053
1.40131;9.43465
0.57432;9.39784
0.126148;2.12275
-0.125035;4.20087
-0.293609;0.206906
-0.450149;2.20085
-0.644778;1.93199
-0.925818;-0.994862
-1.35589;0.273896
-2.02901;-0.035334
-3.09073;-3.81139
-4.75421;0.610513
-7.26832;-1.36873
-10.6826;-0.558154
-14.1566;-0.578821
-15.4442;-1.70213
-12.9881;-0.490511
-8.40773;-3.77422
-4.16722;-7.66412
-1.23354;-8.74192
0.533031;-4.86215
1.56881;-7.90266
2.25861;-4.57821
2.87158;-1.69573
3.5897;-3.47715
4.54612;1.63169
5.84039;0.647562
7.50612;1.79234
9.40381;2.31108
11.0693;0.815311
11.7564;1.94527
10.9696;3.33423
9.0207;2.38458
6.74878;2.93166
4.82486;4.78158
3.49796;4.03023
2.73856;6.71489
2.42833;6.41474
2.46541;3.32619
2.80047;2.08853
3.44045;-1.04834
4.43972;0.969757
5.87577;0.350014
7.78032;2.71925
9.97522;-0.977522
11.8437;3.64046
12.4094;5.95631
11.1496;2.67218
8.66219;1.86218
6.04092;4.98227
3.97923;3.5802
2.63211;5.53475
1.88098;3.41665
1.55464;2.10469
1.52441;3.91302
1.72552;-0.792662
2.15298;2.36362
2.8551;-1.34967
3.92968;-1.39762
5.51106;-0.754121
7.7053;-1.21446
10.3809;0.796598
12.7825;2.39724
13.5104;-1.87368
11.7836;3.91721
8.54613;2.14156
5.33429;3.40296
2.94705;4.19732
1.44233;6.35888
0.583893;4.9273
0.11641;2.51409
-0.147515;2.03718
-0.326733;0.884513
-0.495213;-0.0121281
-0.706077;-0.671845
-1.01108;0.0871981
-1.47754;-1.32664
-2.20622;-0.441635
-3.35145;-2.75306
-5.133;0.115007
-7.78436;1.39653
-11.2607;-1.07671
-14.5013;-2.11202
-15.1953;0.117751
-12.2705;-3.01854
-7.68247;-2.94613
-3.67698;-6.3324
-0.978722;-7.14506
0.630066;-8.02421
1.58065;-3.40715
2.23432;-3.18176
2.84098;-3.65822
3.57198;-0.265421
4.55698;2.20064
5.89589;2.98902
7.62063;1.65451
9.57652;2.1413
11.2596;-0.771746
11.8802;4.23064
10.9578;2.9387
8.8819;5.77422
6.54451;3.45165
4.61029;4.32819
3.29926;4.7345
2.55946;5.54151
2.26164;5.10934
2.30046;1.03817
2.62635;3.72773
3.24753;1.24566
4.22177;1.16062
5.63595;0.308843
7.54429;0.0284919
9.80907;1.05528
11.8462;-1.43157
12.6265;3.37826
11.4833;2.29142
8.94901;1.99419
6.19168;4.61581
3.99311;4.27877
2.54256;3.37039
1.71788;4.94205
1.33197;3.51601
1.23958;0.164636
1.3608;2.14922
1.67544;1.676
2.21483;1.86455
3.05961;2.58133
4.33943;2.98244
6.21235;1.87527
8.75584;1.29555
11.6459;1.19226
13.7203;2.95621
13.4334;0.532234
10.6761;3.14534
7.03951;3.71925
3.95512;6.04603
1.86383;3.87851
0.611703;7.01532
-0.101344;4.39281
-0.530554;2.41781
-0.851844;0.192136
-1.18321;1.17684
-1.6164;0.218891
-2.24537;-2.91776
-3.18941;-0.351652
-4.60663;-0.791766
-6.67136;-0.348391
-9.43033;-0.748449
-12.4006;-2.34563
-14.151;-1.65632
-13.1781;0.612613
-9.88762;-1.59899
-6.1325;-6.0194
-3.17723;-5.49239
-1.25927;-5.59196
-0.132124;-7.38665
0.524103;-3.59154
0.960002;-3.8455
1.34657;-4.02185
1.80544;-2.18588
2.44301;-4.36
3.37774;0.932764
4.75393;0.0864297
6.71774;-0.867345
9.28389;-0.919822
11.9959;3.22737
13.6113;3.53864
12.8363;-1.00144
9.94322;2.91938
6.50392;4.29886
3.70531;3.68625
1.84587;7.44067
0.74883;7.23973
0.138472;2.54357
-0.209315;3.20516
-0.443961;-0.467295
-0.660726;0.312043
-0.927876;-0.478451
-1.31025;0.940227
-1.88966;-0.313909
-2.78468;-2.18398
-4.16775;-1.13039
-6.25617;-2.30959
-9.18607;-2.13211
-12.569;-2.57576
-14.8359;-1.46864
-14.0009;-1.33701
-10.327;-1.77015
-6.06133;-5.22051
-2.74058;-7.26622
-0.614717;-8.77352
0.634124;-5.77864
1.3911;-3.79008
1.95189;-1.24055
2.51944;-1.40282
3.24141;-2.248
4.24402;-0.965963
5.64213;-0.813344
7.49797;0.237208
9.68242;1.33595
11.6486;0.532227
12.4377;-0.282889
11.4083;3.62593
9.01976;3.28919
6.3635;6.68781
4.20996;6.33186
2.77236;7.70113
1.95274;5.41929
1.5791;4.00398
1.51495;4.04101
1.68714;1.51097
2.08325;0.407267
2.74479;0.546859
3.76338;0.39141
5.27038;0.572447
7.38316;0.0439813
10.0209;3.24596
12.5305;1.62049
13.5543;2.08524
12.1301;2.15748
8.99726;3.61474
5.71656;2.63411
3.20694;5.0427
1.59759;6.98209
0.670102;6.25663
0.163804;3.73336
-0.118613;2.14345
-0.303761;-0.682618
-0.469984;-0.820246
-0.671861;-0.166732
-0.96022;-1.74906
-1.39919;-0.913799
-2.08374;-0.973948
-3.15969;-0.667109
-4.83842;1.01969
-7.36082;-0.0333595
-10.7548;-2.42676
-14.1507;-0.914688
-15.3296;-0.140314
-12.8392;-3.34512
-8.31612;-2.73178
-4.15222;-5.06497
-1.27409;-6.51077
0.460052;-7.20696
1.47765;-7.09552
2.15543;-5.68961
2.75747;-1.32676
3.46349;0.297653
4.40738;-0.211297
5.69378;-0.345534
7.36851;-0.180475
9.3119;0.396962
11.0733;1.8656
11.8797;-1.17455
11.1637;2.32848
9.19635;0.922549
6.84791;5.21409
4.83932;4.61953
3.44449;4.85796
2.63538;3.66184
2.28558;1.9738
2.28379;3.19713
2.57262;4.97118
3.15288;0.990067
4.07647;1.18978
5.42831;1.88022
7.2727;2.68894
9.50991;3.86779
11.6258;2.2016
12.6239;0.0289678
11.7271;2.83505
9.31176;3.75097
6.52908;3.67375
4.23977;3.33968
2.69721;7.32555
1.80315;5.45214
1.37084;4.85121
1.24757;3.34205
1.34538;3.18603
1.63721;1.32847
2.14847;0.84611
2.95388;-0.44593
4.17751;1.80412
5.97638;1.45953
8.44662;0.51983
11.3317;2.0913
13.5717;-0.23506
13.5915;2.33927
11.0533;4.00479
7.43561;1.71378
4.25824;4.11449
2.06183;9.84748
0.73307;2.99235
-0.0241702;6.576
-0.472673;3.60561
-0.795887;-0.137639
-1.11597;0.285974
-1.5252;-0.440013
-2.11476;0.881612
-2.99859;0.335312
-4.32928;-1.55146
-6.28513;-0.141922
-8.9548;-0.0419319
-11.9781;-0.210597
-14.0612;0.108951
-13.5547;-3.15715
-10.498;-2.53148
-6.68104;-3.31617
-3.54905;-6.52499
-1.47068;-6.69056
-0.23682;-7.15016
0.478495;-5.2961
0.941335;-3.06468
1.33508;-2.64893
1.78826;0.187627
2.40934;0.887208
3.31539;-2.15474
4.64745;-2.03784
6.55118;1.21788
9.05695;1.26299
11.7625;0.905392
13.4996;2.90778
12.9423;3.20595
10.2053;3.21804
6.79218;2.26687
3.94498;7.45788
2.02489;4.39953
0.883215;4.4294
0.249639;6.73352
-0.102325;2.85436
-0.324646;-0.481573
-0.512472;1.35806
-0.730275;-0.165248
-1.03454;-1.80646
-1.49284;-1.51246
-2.20241;1.29915
-3.30982;-1.96874
-5.02274;-1.38062
-7.56475;0.953488
-10.9164;-2.79171
-14.1446;-1.79315
-15.089;-2.64427
-12.5187;-2.47723
-8.10881;-3.72745
-4.10348;-5.53662
-1.34316;-6.9173
0.320692;-7.32927
1.29805;-4.51597
1.94874;-4.75565
2.52573;-1.82475
3.20327;-1.39241
4.11552;-3.69412
5.37603;1.29588
7.05479;0.710393
9.0762;0.213697
11.0308;2.06059
12.106;-0.631173
11.5782;1.96925
9.60159;2.86375
7.09874;1.76631
4.9053;7.27889
3.35863;4.74508
2.43857;4.55387
2.00227;6.07756
1.91758;1.01944
2.10834;1.68749
2.55961;3.00284
3.31192;0.671871
4.45252;0.500017
6.08983;1.05794
8.26576;0.848135
10.7319;-0.16661
12.6543;2.18347
12.8407;1.54981
10.9308;1.25913
7.93716;5.14022
5.11693;3.76074
3.06069;7.6677
1.78302;10.5589
1.08135;5.10019
0.748204;3.37157
0.639176;2.30749
0.675228;2.54588
0.827876;-1.18211
1.10727;-0.945977
1.5588;-0.719696
2.26873;-1.59199
3.37648;1.49451
5.08135;0.263118
7.59318;0.102684
10.8759;-0.242021
14.0088;-1.25247
14.9187;3.02874
12.436;3.2965
8.15235;3.29432
4.23127;4.54353
1.51027;7.13414
-0.136891;6.97676
-1.10268;4.59073
-1.73714;4.67275
-2.28799;1.25716
-2.92681;-0.236339
-3.78776;-1.24503
-4.99115;-1.68702
-6.63012;-1.98543
-8.68262;0.218044
-10.8158;-1.05852
-12.2287;-1.15144
-12.0303;-0.889947
-10.161;-3.57257
-7.53672;-5.64554
-5.1326;-4.78342
-3.3921;-3.82593
-2.32589;-5.75247
-1.78036;-4.48413
-1.60062;-3.254
-1.68772;-1.72157
-2.00586;-3.80356
-2.57627;-1.11284
-3.47183;-1.93507
-4.80941;-0.621015
-6.71415;-2.36688
-9.18699;-0.492861
-11.7903;-2.18535
-13.3669;-1.40891
-12.7013;-2.72414
-9.99468;-4.48058
-6.6955;-4.47623
-3.96078;-4.60415
-2.12014;-6.44103
-1.03025;-5.05895
-0.43581;-5.45499
-0.124448;-3.17469
0.0437187;-0.654359
0.151526;0.0909693
0.247582;-0.841786
0.364792;-0.323225
0.53382;-2.49984
0.794126;-0.122357
1.20589;-0.220654
1.8661;-1.29253
2.93073;-1.14536
4.63667;-0.282417
7.27685;2.10554
10.9478;1.47286
14.7311;-0.731552
16.0228;0.652931
13.1105;2.6476
8.04297;0.467274
3.55243;3.24169
0.543297;8.33616
-1.23289;5.76501
-2.27317;7.55711
-2.98685;1.56391
-3.64944;0.534567
-4.43806;0.306241
-5.46624;-1.10656
-6.78646;-2.14449
-8.34215;1.15434
-9.87576;-1.38949
-10.8921;-2.92787
-10.8797;-3.3055
-9.75072;-4.48801
-7.97026;-4.58433
-6.16627;-3.10605
-4.74273;-6.27072
-3.82271;-5.17375
-3.37134;-3.61669
-3.31421;-3.15681
-3.59908;-2.75695
-4.21445;-4.12565
-5.1824;-3.72105
-6.52659;-2.69269
-8.19783;-3.32115
-9.9448;-1.56862
-11.2162;-2.44382
-11.3592;-3.75068
-10.1776;-6.51288
-8.18388;-4.44116
-6.13454;-5.18005
-4.51471;-4.98982
-3.45935;-5.37792
-2.91204;-4.91337
-2.77196;-4.70476
-2.96695;-4.88073
-3.47544;-2.20159
-4.32386;-3.56758
-5.56747;-1.19229
-7.23861;1.30582
-9.22623;-1.50356
-11.0885;-4.13715
-12.0201;-0.730193
-11.3747;-2.33463
-9.37921;-0.686332
-6.94126;-4.88936
-4.83816;-5.14303
-3.36995;-5.54458
-2.50842;-4.5866
-2.11705;-5.10495
-2.07358;-2.59574
-2.31126;-2.5262
-2.82338;0.140956
-3.65718;-0.631698
-4.90155;-1.33314
-6.64967;-1.08129
-8.88443;0.156892
-11.2301;-1.70809
-12.7392;-4.17239
-12.3712;-2.54985
-10.1481;-3.26962
-7.21115;-3.04425
-4.63681;-4.5063
-2.83417;-7.27114
-1.74882;-5.81208
-1.17998;-4.35171
-0.945098;-5.92759
-0.926577;-2.71365
-1.06961;-0.925186
-1.37006;-3.44529
-1.86749;-3.30275
-2.64675;-2.21868
-3.8447;-0.807626
-5.6444;0.748666
-8.19628;1.40745
-11.32;-0.811296
-13.9391;-2.34898
-14.2012;0.547915
-11.5206;-5.27574
-7.54775;-1.84553
-4.05934;-4.45423
-1.66785;-6.79126
-0.22531;-7.69312
0.61469;-5.07185
1.15414;-3.52092
1.60571;0.330631
2.11774;-0.1994
2.81121;-1.63872
3.80901;-0.289555
5.24599;-0.852979
7.2309;2.33458
9.69305;3.45727
12.0699;2.05068
13.1775;3.92481
12.0813;0.689581
9.28945;1.91259
6.19067;2.27598
3.72516;7.42617
2.10332;7.44575
1.16401;5.62866
0.67493;4.24228
0.453287;4.42814
0.385842;0.491106
0.414944;2.64676
0.521331;-0.265476
0.713452;1.04466
1.02493;0.425964
1.51994;-1.23974
2.30642;0.940915
3.55499;-0.292286
5.50744;0.673298
8.40018;-1.20502
12.0801;-0.803947
15.1504;-0.249875
15.1056;0.23397
11.462;2.16229
6.67939;4.49804
2.81988;6.12105
0.327575;8.51845
-1.13383;9.64063
-2.01423;5.00749
-2.66251;2.57334
-3.31379;1.74538
-4.12804;-1.1912
-5.22127;-0.510546
-6.66243;-1.93563
-8.41125;-0.7874
-10.1896;-2.33563
-11.3986;-2.43858
-11.3797;-2.68556
-10.0176;-2.83234
-7.91693;-3.91914
-5.85041;-4.59644
-4.26565;-4.23331
-3.25941;-8.10403
-2.75524;-4.86765
-2.64682;-3.75334
-2.86367;-2.27191
-3.38864;-2.36493
-4.25381;-3.0168
-5.52141;-1.78853
-7.23178;-1.19698
-9.27803;0.367864
-11.2047;-1.36177
-12.1645;-1.95328
-11.4754;-3.32751
-9.38835;-3.51859
-6.86587;-4.42892
-4.71097;-4.61927
-3.21802;-7.82474
-2.34409;-6.29557
-1.9407;-5.67631
-1.87791;-3.80554
-2.08383;-3.98018
-2.54766;-3.3005
-3.31365;-1.70312
-4.47257;0.529095
-6.13567;0.0194954
-8.34373;-2.41301
-10.8349;0.244414
-12.744;-2.07446
-12.8614;-1.91855
-10.8668;-0.807896
-7.82474;-4.921
-4.99787;-5.67502
-2.95484;-5.40154
-1.69238;-6.16995
-0.99993;-7.0876
-0.667712;-3.57159
-0.550751;-2.8903
-0.568958;-5.17629
-0.691204;-1.06934
-0.922546;-1.94384
-1.29982;-0.110527
-1.89614;-0.755161
-2.83331;-2.23805
-4.29582;-1.25023
-6.51626;-0.704093
-9.6221;-1.17062
-13.1136;0.699578
-15.1818;-1.2383
-13.8407;-0.772892
-9.77559;-3.76669
-5.42299;-4.27359
-2.17911;-5.1498
-0.152479;-5.67418
1.03213;-4.59858
1.77064;-2.14831
2.35539;-0.619629
2.98537;-0.502771
3.80583;1.12311
4.93668;-0.049593
6.46715;1.21389
8.3851;-0.544822
10.4134;0.718135
11.8622;-0.086667
11.8992;-0.101033
10.3414;1.55995
7.92856;1.69759
5.59346;5.05961
3.83645;5.16972
2.73007;4.95299
2.15569;2.52937
1.97244;3.018
2.08608;3.59799
2.46351;2.55812
3.1291;-1.81174
4.15664;3.11449
5.65007;0.910053
7.67766;-0.349931
10.0908;2.25102
12.2272;1.64071
12.9297;1.95702
11.5265;1.44398
8.7226;0.508626
5.8129;2.06548
3.56896;5.67061
2.12142;3.70286
1.30308;6.32352
0.902812;1.99113
0.762651;3.35729
0.792;0.957468
0.955788;1.68106
1.26225;-1.38517
1.75868;-0.657632
2.5361;-1.33433
3.73937;-1.05444
5.56553;0.848531
8.18772;-1.10803
11.443;0.787507
14.2039;1.62858
14.466;1.65523
11.604;4.9385
7.42779;3.10799
3.81678;6.28069
1.3718;10.5359
-0.0941101;6.28587
-0.955413;8.63692
-1.53013;3.93413
-2.04102;2.58578
-2.64476;1.78328
-3.46982;-2.67933
-4.64092;1.31836
-6.27164;-1.59906
-8.38517;-1.30105
-10.7083;-3.6611
-12.4342;-2.64229
-12.5014;-2.05342
-10.6566;-3.45807
-7.84511;-4.90844
-5.20141;-6.44537
-3.26645;-3.21577
-2.06447;-6.69986
-1.4188;-6.80622
-1.14544;-2.42149
-1.11918;-3.53345
-1.27967;-0.997524
-1.62152;-0.650053
-2.18735;-2.47258
-3.06809;-0.978729
-4.40489;-0.378197
-6.36714;-0.164292
-9.0295;-0.393431
-12.0101;-2.47971
-14.0107;-3.24052
-13.4372;-2.55267
-10.3862;-3.14472
-6.62348;-4.52944
-3.54737;-4.46942
-1.50829;-7.89665
-0.29913;-5.67831
0.398972;-5.80491
0.845583;-2.27264
1.219;0.0268099
1.64335;1.23302
2.22273;-1.99725
3.06979;-0.140942
4.32387;-0.413329
6.14111;0.152131
8.59836;-0.941551
11.4017;2.50793
13.4796;0.726787
13.3542;3.35375
10.8122;1.55787
7.30327;4.66313
4.24841;4.92619
2.14173;6.12628
0.870449;6.02526
0.153461;6.0403
-0.257124;3.34538
-0.53252;2.36027
-0.783599;0.302746
-1.0896;-0.530421
-1.52435;-0.635531
-2.17877;1.39255
-3.18116;0.880747
-4.70983;-2.1832
-6.96424;-1.05441
-9.98332;1.0496
-13.1379;-1.44715
-14.6855;-1.27519
-13.0964;-4.48645
-9.25892;-2.08842
-5.29945;-3.37625
-2.36586;-5.96849
-0.529063;-5.98695
0.543966;-8.35469
1.20272;-4.87915
1.70639;-2.18097
2.23316;-3.49051
2.91781;-3.04853
3.88449;0.380428
5.25959;-1.19503
7.13889;-0.234796
9.45328;1.03472
11.7016;-0.101166
12.8347;1.99915
11.9707;2.50372
9.46338;3.84592
6.54487;4.09746
4.14423;4.69676
2.52869;3.30122
1.58634;5.07909
1.11243;2.02308
0.939009;2.92607
0.964886;-0.133464
1.14893;1.30395
1.49854;2.01974
2.0648;-0.709806
2.94593;-0.405576
4.29291;-1.607
6.292;-0.63861
9.04239;-0.163294
12.1698;0.369617
14.2961;1.10073
13.6796;1.26564
10.4328;1.57268
6.48172;1.18571
3.29668;4.82153
1.20826;7.54729
-0.0268469;7.74948
-0.753016;5.06569
-1.24548;5.61827
-1.69412;2.44563
-2.23496;-0.781576
-2.98615;-0.781298
-4.0737;0.992853
-5.63416;-2.48582
-7.75758;-0.936836
-10.2943;-2.29768
-12.5222;-3.82085
-13.175;-2.449
-11.5713;-4.75183
-8.55599;-6.7731
-5.52464;-6.05764
-3.24011;-4.96822
-1.78795;-7.28021
-0.966635;-5.59014
-0.546114;-3.96412
-0.357285;-3.38609
-0.298888;-0.194238
-0.320247;-2.51712
-0.404197;-0.614509
-0.556997;0.612743
-0.80576;-2.95499
-1.20289;0.705677
-1.83779;0.0944847
-2.85598;0.15355
-4.47939;-0.859779
-6.98763;-1.63284
-10.504;-2.08567
-14.2701;-3.27869
-15.9032;-0.514233
-13.4775;-1.34932
-8.62327;-4.20609
-4.09185;-4.54502
-0.969924;-7.42579
0.897666;-7.35097
1.98739;-7.04652
2.71385;-4.15604
3.36244;-2.07272
4.11979;-1.4593
5.11123;-2.9519
6.41015;-0.979546
7.99762;1.62392
9.66434;-1.74097
10.928;0.312889
11.189;2.59079
10.2096;1.5382
8.39523;3.75121
6.44055;3.95671
4.84162;6.03614
3.77045;3.94366
3.19972;3.79581
3.04328;2.32331
3.23341;0.403611
3.747;1.14718
4.60415;0.430735
5.84657;2.23328
7.48109;1.64892
9.36028;-0.351838
11.0247;-0.185049
11.7346;2.6394
10.9854;4.07426
9.06695;2.73244
6.80666;5.42211
4.87985;4.62382
3.54429;5.74664
2.7763;4.48216
2.45981;5.15988
2.49324;1.82355
2.82671;1.36173
3.46637;0.187952
4.46547;3.41792
5.89973;1.02712
7.79791;0.0238191
9.97841;1.58902
11.8252;-0.550363
12.373;2.98109
11.1135;-0.345428
8.64311;4.49694
6.04258;4.18477
3.99696;6.5838
2.66034;4.39344
1.91649;6.61528
1.59687;4.66771
1.57501;1.52199
1.78809;0.160109
2.23307;2.54755
2.96037;0.550007
4.06942;0.317691
5.69271;-1.3043
7.9226;-0.165209
10.5878;0.97874
12.8745;0.755733
13.3954;0.418399
11.5137;2.07304
8.26818;1.71721
5.14028;2.76951
2.84892;4.58545
1.41738;4.29013
0.607227;3.91168
0.17188;3.58193
-0.0664039;1.65986
-0.218411;-0.73496
-0.350985;0.12534
-0.509414;-1.34268
-0.734859;0.0787723
-1.07878;-1.38802
-1.618;0.283625
-2.4734;-2.51658
-3.83136;0.264527
-5.94695;0.8553
-9.03436;0.167763
-12.7881;-0.971376
-15.4987;-0.663193
-14.705;-3.56469
-10.5893;-4.60599
-5.83584;-6.58866
-2.21048;-4.78166
0.0662227;-6.98596
1.39239;-6.41101
2.21071;-4.86029
2.84926;-2.19447
3.52676;-2.7952
4.39275;-1.80754
5.55345;-1.2735
7.05802;1.74201
8.82211;2.24868
10.4982;3.35947
11.4493;0.803329
11.1082;1.9671
9.54078;2.9334
7.43015;7.01278
5.4826;5.04004
4.05108;6.61555
3.18066;-1.07976
2.78402;3.81114
2.76368;0.142787
3.0634;3.40427
3.67919;2.46686
4.65146;2.09575
6.03847;-2.67292
7.84687;0.0534834
9.88191;3.63869
11.5641;1.5958
12.0386;2.48168
10.8766;-0.036682
8.60661;4.54963
6.18994;5.98466
4.26256;1.95313
2.99162;6.19112
2.29056;2.83559
2.01578;5.1276
2.0586;3.8744
2.37017;0.863473
2.96057;3.67845
3.89167;2.19992
5.26199;2.2706
7.15691;-1.03259
9.50202;3.40016
11.7818;1.34394
12.9165;2.1763
12.0074;3.98394
9.43685;1.70468
6.47366;3.86124
4.0535;4.45963
2.43292;5.74725
1.4891;2.83477
1.01057;4.82768
0.825532;3.48316
0.82978;1.82108
0.978329;3.69193
1.27269;-2.42702
1.75499;-0.0258096
2.51112;1.52604
3.67958;-2.59092
5.45033;3.63036
7.99629;-0.534113
11.187;-0.16114
13.9898;0.896795
14.4607;1.34701
11.8256;0.965384
7.73636;2.24849
4.10033;1.6605
1.59904;6.48766
0.0883388;6.73158
-0.794914;5.40828
-1.36938;5.63133
-1.86012;-1.23312
-2.42436;0.260895
-3.18943;-1.50381
-4.28041;-2.32861
-5.82166;-0.0889344
-7.87749;-2.22719
-10.2686;0.14129
-12.2913;-1.78225
-12.8102;-3.48444
-11.2745;-2.98517
-8.46729;-3.32177
-5.6384;-4.95486
-3.48871;-4.67561
-2.11585;-4.93745
-1.34985;-4.47483
-0.988173;-3.8016
-0.883105;-3.93283
-0.953508;-2.93022
-1.17369;-1.03972
-1.56306;-0.842985
-2.18384;-0.267463
-3.14672;-1.53999
-4.61598;-2.39339
-6.78109;-2.53937
-9.69373;-1.4754
-12.8064;-2.24256
-14.511;-3.14224
-13.2317;-1.23883
-9.60981;-4.49123
-5.69019;-6.86362
-2.70737;-8.977
-0.811418;-7.25202
0.298445;-5.21125
0.965156;-2.09246
1.44882;-3.08516
1.92797;-0.772532
2.53499;0.936025
3.39065;-0.506247
4.62443;-0.105494
6.36204;0.573947
8.63126;-0.422852
11.1153;2.59775
12.8744;0.74444
12.7287;2.35698
10.5349;2.61296
7.46024;3.12221
4.70915;6.73811
2.76449;6.46081
1.58097;2.59841
0.940503;1.39174
0.639225;1.61355
0.540225;0.0781476
0.569836;1.1839
0.701408;1.13051
0.943307;1.14976
1.33547;-0.142829
1.95482;1.07012
2.92828;1.06959
4.44642;-0.857702
6.7433;2.01489
9.92181;0.632436
13.391;-2.77177
15.2308;1.15143
13.5787;2.86765
9.38353;2.68047
5.08473;3.24298
1.94759;8.87933
0.00758656;7.84527
-1.12582;7.53577
-1.84264;3.98026
-2.42654;2.09237
-3.07063;0.0351569
-3.91719;-0.196609
-5.08384;-2.44956
-6.6533;-4.00148
-8.59424;-1.16214
-10.5916;-1.73862
-11.9217;-1.5087
-11.7867;-4.41254
-10.1068;-3.55451
-7.67703;-3.85757
-5.39713;-5.65149
-3.71435;-4.87377
-2.67238;-5.19386
-2.14639;-4.62812
-1.99981;-3.904
-2.14547;-1.53386
-2.55716;-0.896211
-3.26532;-1.37214
-4.34817;-0.198027
-5.90858;-1.94057
-7.99686;-2.29079
-10.4105;-1.83371
-12.4057;-1.71641
-12.8266;-2.57102
-11.1757;-3.99399
-8.3076;-3.5073
-5.47858;-4.44238
-3.35668;-6.00432
-2.01334;-6.21951
-1.26789;-4.57845
-0.915954;-2.54961
-0.810835;-2.31578
-0.872198;-1.05815
-1.0738;-1.08841
-1.43271;-0.883726
-2.00684;-2.14533
-2.901;-2.01333
-4.275;-1.70059
-6.32748;-2.37306
-9.16759;-0.838213
-12.3978;-2.85543
-14.5393;-0.282348
-13.7677;-3.14159
-10.3092;-2.71161
-6.23268;-2.94039
-3.01278;-6.97897
-0.928949;-7.43204
0.298669;-7.13993
1.03124;-4.13089
1.55107;-2.38484
2.0527;-1.66414
2.6776;-0.154232
3.54989;-2.88865
4.79644;-0.498511
6.53155;-1.42201
8.75857;0.65865
11.1314;2.92079
12.7252;0.952436
12.466;0.715055
10.302;3.55544
7.35365;5.25106
4.73314;3.47184
2.88312;6.26525
1.76182;3.93871
1.16819;3.2546
0.915181;3.22057
0.880335;0.552023
1.00448;1.49354
1.27918;1.46841
1.73893;-0.39706
2.46215;-2.11169
3.57847;-0.685453
5.26855;0.31226
7.70613;0.607138
10.8074;0.295279
13.6731;3.24236
14.4503;2.15997
12.1558;4.50313
8.19823;6.56008
4.51931;4.98653
1.92502;2.73274
0.338947;6.10835
-0.584452;4.96908
-1.16567;2.19673
-1.6344;4.54373
-2.14953;0.0544081
-2.83665;-0.649397
-3.81872;0.700635
-5.2274;0.39072
-7.16773;-1.31087
-9.57366;-1.384
-11.9133;0.74959
-13.0566;-2.27292
-12.0738;-2.26658
-9.39632;-5.40256
-6.3559;-4.60309
-3.9007;-6.32638
-2.26966;-6.55848
-1.32153;-4.73958
-0.833357;-7.23029
-0.626533;-1.02646
-0.591241;-1.0186
-0.67526;0.945331
-0.868858;-3.83524
-1.19651;-0.675403
-1.71766;-2.16636
-2.536;0.00353633
-3.81341;-0.827261
-5.769;-2.219
-8.58718;-3.18062
-12.0379;-1.67639
-14.7547;-1.04955
-14.5519;-1.39954
-11.1435;-4.44955
-6.72217;-4.80921
-3.12106;-6.54458
-0.767602;-6.95367
0.622778;-7.05002
1.45535;-5.40123
2.05202;-3.37612
2.63419;0.388227
3.35873;0.00970112
4.35329;-1.89608
5.72715;-1.01298
7.53145;-1.58863
9.62842;1.90444
11.49;-0.181364
12.2245;1.48077
11.2494;3.56608
8.98882;6.137
6.45418;3.30698
4.37915;7.8075
2.98401;5.09836
2.19051;4.35353
1.84342;5.14011
1.81808;3.70287
2.05058;0.169177
2.53752;0.48137
3.3298;2.31747
4.52431;3.55015
6.2367;0.347543
8.50347;-1.51538
11.0332;0.686849
12.901;-0.00382677
12.8739;1.74323
10.7204;2.60169
7.60033;2.43983
4.77399;2.94443
2.7641;7.61552
1.53456;3.42155
0.861773;6.29233
0.533213;4.35759
0.403857;0.563729
0.392395;1.41704
0.463456;-0.722163
0.613397;0.619931
0.863974;0.385838
1.26407;1.11108
1.8993;0.280055
2.90891;0.391639
4.50314;-0.637454
6.9423;-1.98339
10.3336;0.687354
13.9666;0.64054
15.6324;-0.79087
13.4624;2.42324
8.85383;1.84638
4.42938;5.89211
1.32397;6.45113
-0.554663;8.40203
-1.65185;6.74166
-2.37164;2.52556
-2.99781;3.25692
-3.71987;2.34218
-4.67196;-0.467552
-5.94844;-0.671995
-7.57228;-2.07629
-9.39391;-1.62626
-10.959;-2.149
-11.5713;-1.88805
-10.7926;-2.69252
-8.92977;-2.69006
-6.76453;-2.07762
-4.92524;-5.00462
-3.6533;-5.3125
-2.92966;-4.18414
-2.64912;-4.23881
-2.72012;-2.68713
-3.1003;-2.50259
-3.80021;-1.69277
-4.87197;-0.339219
-6.37647;-1.26494
-8.29783;-0.138334
-10.3687;-2.97015
-11.8992;-1.76007
-12.0175;-2.92493
-10.4854;-2.90116
-8.03634;-5.2918
-5.64006;-5.46143
-3.82722;-5.98375
-2.67932;-4.65186
-2.07428;-4.99348
-1.86433;-4.20933
-1.94852;-3.32171
-2.28787;-3.49842
-2.90153;-1.46306
-3.85997;-1.78482
-5.27078;-2.42358
-7.22749;0.356565
-9.65262;-0.71324
-11.9927;-2.86043
-13.0947;-2.50218
-12.0423;-2.19153
-9.31369;-4.39369
-6.26011;-4.18518
-3.81516;-5.79107
-2.19986;-4.38281
-1.2638;-6.60084
-0.781353;-2.69966
-0.573802;-4.65853
-0.531415;-1.12008
-0.601216;-0.869022
-0.771338;-1.88128
-1.06222;0.567764
-1.52665;-2.45629
-2.25846;-2.21153
-3.40742;-0.588522
-5.18745;-0.755068
-7.82112;-3.28928
-11.2478;-0.68735
-14.4107;-0.435924
-15.0656;-0.666567
-12.195;-4.26175
-7.69697;-4.17175
-3.75616;-6.42129
-1.09121;-7.88915
0.501751;-7.43604
1.44204;-4.18965
2.08392;-1.67503
2.67364;-3.7483
3.38129;-0.18606
4.33821;0.644971
5.65207;-0.494771
7.37474;-1.33163
9.38782;1.08295
11.22;1.00406
12.0479;3.14048
11.2698;2.79443
9.19197;4.07928
6.74735;4.9372
4.68239;8.1787
3.26209;6.71052
2.44093;5.6137
2.07894;3.95114
2.05645;0.623591
2.31085;-0.966517
2.83942;1.67868
3.69298;-0.730597
4.96321;-2.25364
6.74328;0.593593
9.00722;1.10792
11.3529;-2.78224
12.8003;0.907624
12.3235;1.73484
10.0158;3.65267
7.05768;3.40915
4.50497;3.91133
2.73514;5.79681
1.67695;5.63056
1.12522;4.5343
0.898286;2.81497
0.880432;1.12402
1.01803;0.264256
1.30696;-0.471525
1.78561;-3.07203
2.5367;0.867453
3.69482;-1.07945
5.44429;0.826579
7.95147;0.680669
11.0884;0.821243
13.8587;-1.40634
14.3779;-0.109716
11.8523;0.960871
7.84727;4.52571
4.243;6.42455
1.74367;8.83887
0.228056;2.56741
-0.65527;5.00692
-1.22018;3.19837
-1.68933;1.8196
-2.21756;0.87761
-2.92951;-0.383493
-3.94902;-2.07571
-5.4074;-0.817914
-7.40049;-1.09206
-9.82892;-1.23349
-12.097;-1.32181
-13.0438;-2.17426
-11.8453;-2.75815
-9.07701;-3.41515
-6.0751;-5.37643
-3.7086;-4.59064
-2.16016;-5.34568
-1.27113;-6.80378
-0.820948;-3.78604
-0.638855;-3.10007
-0.622481;-1.88123
-0.725576;-0.888882
-0.943615;-1.72727
-1.30675;0.714433
-1.88188;-0.881333
-2.78296;0.554499
-4.18372;-1.7839
-6.30614;0.978896
-9.28786;0.283116
-12.7174;0.0528694
-14.959;-1.51824
-14;-1.08625
-10.2038;-3.6684
-5.89025;-1.75414
-2.57337;-6.96447
-0.465441;-7.16567
0.770553;-6.61184
1.52571;-3.95912
2.09667;-3.79018
2.68649;-0.0287936
3.44294;-0.201856
4.49097;1.32602
5.93785;0.0535039
7.82182;0.545602
9.96223;-0.226305
11.7538;1.78393
12.267;0.969912
11.0259;1.90361
8.61296;3.16413
6.07119;4.8392
4.06661;5.17659
2.75475;3.75178
2.02764;5.20518
1.72456;3.28642
1.72503;3.07091
1.97118;-1.73633
2.46499;2.82858
3.262;1.41362
4.46435;0.698466
6.19521;0.649145
8.50091;-1.68997
11.0938;1.2523
13.0229;1.48093
12.9984;1.88708
10.775;3.78032
7.5675;1.65573
4.67983;5.56645
2.63759;8.06016
1.39106;5.53557
0.703764;5.43675
0.354226;3.01981
0.190558;2.49343
0.124095;-1.12488
0.109051;1.07406
0.125343;-0.747918
0.168049;1.10675
0.242579;-1.05293
0.364146;-1.59666
0.560948;0.261074
0.88158;-0.86971
1.40842;0.494379
2.27944;1.69413
3.71804;0.263584
6.04773;-1.10823
9.56696;1.22407
13.897;-0.0551316
16.7235;-1.75845
15.0282;0.894924
9.79829;2.92361
4.50047;1.69651
0.779365;6.33429
-1.43643;7.92599
-2.69576;5.20373
-3.48886;1.09803
-4.14688;4.4202
-4.87122;-0.267182
-5.77409;-2.21625
-6.89201;-1.33643
-8.16126;-1.66435
-9.37103;-2.26304
-10.165;-2.3666
-10.1967;-5.58206
-9.39434;-3.85361
-8.05171;-4.78917
-6.61437;-2.59558
-5.42002;-4.30433
-4.61691;-3.11197
-4.22105;-5.86856
-4.19773;-4.70765
-4.51328;-2.3372
-5.15261;-3.73868
-6.10873;-4.0664
-7.34443;-3.14022
-8.7233;-2.1061
-9.93901;-1.43394
-10.5503;-1.97377
-10.2296;-4.67515
-9.05564;-3.78401
-7.47562;-4.28369
-5.97361;-4.45493
-4.83455;-5.57132
-4.13921;-4.03045
-3.86108;-3.45133
-3.9504;-3.87058
-4.37607;-3.93175
-5.1335;-3.20107
-6.22599;-2.09123
-7.61469;-1.61475
-9.13123;-3.35016
-10.3949;-1.44168
-10.8859;0.0674575
-10.2913;-1.99118
-8.81955;-3.15936
-7.04153;-3.49731
-5.46782;-4.05296
-4.34234;-5.02835
-3.69686;-5.3433
-3.47442;-4.05946
-3.61422;-3.32388
-4.08735;-3.21929
-4.89999;-3.44188
-6.07236;-1.80559
-7.58404;-1.9728
-9.2703;-1.1631
-10.7075;-2.0605
-11.2776;-4.0364
-10.5934;-2.48221
-8.90926;-5.92747
-6.91069;-4.45019
-5.17887;-5.14664
-3.96205;-4.79602
-3.26634;-4.33142
-3.00832;-3.42159
-3.10991;-1.16139
-3.53516;-2.8736
-4.29439;-0.401559
-5.42881;-2.38768
-6.96671;0.41352
-8.82323;-3.13216
-10.6385;-2.54949
-11.7132;-0.478876
-11.3873;-2.78863
-9.70682;-1.77287
-7.4321;-3.47975
-5.34603;-4.60007
-3.8238;-4.09556
-2.89753;-6.18507
-2.45915;-4.67988
-2.39423;-4.4767
-2.63512;-3.70601
-3.17145;-3.9974
-4.04443;-2.41347
-5.32977;-1.61066
-7.08888;-1.0615
-9.24089;-2.10794
-11.3336;-2.03737
-12.4485;-2.45458
-11.783;-3.42032
-9.56793;-3.7207
-6.86614;-4.7904
-4.56578;-3.31647
-2.97874;-5.17284
-2.04403;-2.26303
-1.58946;-2.7731
-1.46555;-5.72109
-1.58469;-1.45733
-1.9214;-1.72611
-2.50506;-2.03224
-3.41585;-0.0296147
-4.77904;-1.89597
-6.73006;-2.26672
-9.27672;-0.86714
-11.9624;0.189562
-13.56;-2.96155
-12.7971;-3.44579
-9.93879;-2.60296
-6.53127;-6.61225
-3.75092;-5.27417
-1.89981;-6.34912
-0.807377;-4.38564
-0.202407;-4.45956
0.136291;-0.479282
0.355718;-1.93776
0.548189;-1.97702
0.777576;-0.0630966
1.10184;-0.540067
1.59217;1.0151
2.35191;1.68868
3.536;2.11638
5.35862;-1.2004
8.02905;0.818265
11.4399;-0.877171
14.4603;2.45527
14.8825;2.24832
11.8952;2.22828
7.45624;1.48253
3.63455;5.26621
1.06803;7.26758
-0.462993;7.46631
-1.36862;4.33635
-1.99102;1.62761
-2.56783;2.62273
-3.26466;2.60062
-4.21234;-0.633365
-5.52276;0.4603
-7.25882;-1.26559
-9.31981;-1.50487
-11.245;-0.439131
-12.1806;-1.42062
-11.4543;-4.19418
-9.34012;-2.65919
-6.81082;-4.81919
-4.66279;-6.98699
-3.18073;-6.69386
-2.31632;-6.25587
-1.91947;-4.5546
-1.86046;-3.67407
-2.06811;-0.706237
-2.53231;-3.03785
-3.29797;-0.314017
-4.4566;-1.74887
-6.12077;-2.00363
-8.33353;-3.66688
-10.8355;0.0633499
-12.7601;-2.14641
-12.8873;-2.13822
-10.888;-2.12813
-7.83212;-4.0999
-4.99179;-5.00625
-2.93954;-7.26932
-1.67134;-5.43402
-0.974641;-3.62069
-0.637872;-4.65312
-0.514591;-1.57269
-0.523249;-0.595544
-0.630854;-1.71606
-0.839698;0.742165
-1.18232;-2.43992
-1.72526;0.397361
-2.58092;1.1842
-3.92341;-2.76954
-5.98604;-1.90099
-8.95159;-0.354501
-12.5121;0.22021
-15.098;-2.83411
-14.4635;-1.42702
-10.677;-3.4735
-6.15748;-7.09393
-2.62646;-7.0629
-0.371755;-7.15433
0.950246;-5.74968
1.75576;-5.26747
2.36249;-2.9243
2.98645;-1.09423
3.78076;0.57056
4.86704;0.176241
6.33516;0.136032
8.18279;2.61845
10.1678;0.301195
11.6606;2.38089
11.8525;2.12764
10.4814;1.85829
8.18412;3.30864
5.87333;5.06578
4.08855;4.62106
2.94186;3.93046
2.33515;4.77093
2.13386;1.93922
2.2437;1.68801
2.62976;1.38182
3.3142;-1.08884
4.36705;0.156516
5.88267;-0.7121
7.90598;-0.786603
10.2459;-2.48686
12.2073;-0.749191
12.696;0.936463
11.193;0.925012
8.45521;0.468968
5.6885;3.43164
3.57799;3.04233
2.22713;6.28406
1.4765;3.12557
1.13215;2.33555
1.05284;2.66017
1.16339;-0.369937
1.44542;0.296753
1.92857;-1.2793
2.68926;-0.402602
3.85456;-1.49214
5.59471;0.357295
8.0489;0.110457
11.0542;1.72993
13.6314;-1.32943
14.0488;3.32905
11.6363;-0.0150292
7.84491;3.08863
4.40983;3.80086
2.00687;4.81414
0.542833;5.42233
-0.302922;3.84303
-0.822765;2.53011
-1.22445;1.2292
-1.65021;-1.32306
-2.21176;1.47241
-3.0215;0.464462
-4.213;0.526642
-5.93589;-0.166825
-8.27563;-1.91765
-10.9999;-0.93557
-13.17;0.212003
-13.3577;-3.78406
-11.1416;-4.97075
-7.77088;-6.11221
-4.69357;-6.19571
-2.50921;-6.68564
-1.16995;-5.3286
-0.416571;-6.41609
-0.0038596;-2.73562
0.240255;-2.12522
0.423891;0.0419934
0.616666;-0.172437
0.873382;-1.30668
1.25345;-0.191308
1.83879;-0.364449
2.75309;0.748472
4.17989;1.52097
6.35362;1.3276
9.42091;-1.06379
12.9426;0.647289
15.1753;0.142944
14.0397;1.83984
10.0437;2.33939
5.63406;5.42435
2.30385;4.18835
0.21066;7.57018
-1.01351;6.35198
-1.77123;8.03063
-2.36241;3.44534
-2.99095;2.02795
-3.80433;1.10324
-4.92275;0.42194
-6.43524;-1.05113
-8.33185;-1.15035
-10.3449;-2.73498
-11.8021;-0.655028
-11.8799;-2.05528
-10.3746;-3.33399
-7.99671;-4.25142
-5.6718;-4.64143
-3.91001;-5.56449
-2.7947;-5.3874
-2.2132;-4.24652
-2.02684;-5.47828
-2.14176;-2.12636
-2.52478;-2.99355
-3.20001;-0.90665
-4.24044;-1.09969
-5.74695;1.03279
-7.77895;-1.56207
-10.1697;0.319486
-12.2385;-2.42279
-12.8474;-1.28658
-11.3889;-4.9541
-8.59978;-5.32704
-5.7432;-5.38922
-3.55325;-6.28428
-2.14623;-7.59406
-1.3562;-5.15119
-0.978173;-5.67472
-0.86062;-3.19855
-0.918862;-1.07274
-1.12405;-3.17685
-1.4923;-1.37802
-2.08182;-2.46858
-2.99832;-1.97104
-4.40166;-2.74637
-6.48525;-1.09256
-9.33673;0.0594396
-12.5099;-4.0659
-14.494;-0.999854
-13.5623;-1.3827
-10.0757;-3.70873
-6.07658;-5.70089
-2.9506;-6.39748
-0.936529;-6.23297
0.247762;-5.72731
0.953914;-3.33842
1.45468;-1.9151
1.9377;-2.91958
2.54005;-1.44946
3.38362;-2.40002
4.59662;0.135748
6.30297;1.57705
8.53343;0.410652
10.9901;-0.818515
12.772;0.516383
12.7145;1.23491
10.6203;2.39327
7.59797;4.03896
4.85143;4.84667
2.89028;4.89516
1.68933;7.79527
1.03909;4.47564
0.738139;2.33402
0.650297;2.16612
0.703401;0.868933
0.874365;-1.04321
1.17823;-1.15508
1.66599;0.144208
2.43132;0.512738
3.62298;0.674818
5.44706;0.859734
8.09703;-0.559924
11.4412;-0.518144
14.3494;2.14444
14.7024;0.844532
11.7707;1.16697
7.44665;3.83759
3.71603;6.50975
1.20142;7.04743
-0.302206;6.43058
-1.1895;3.81302
-1.79237;3.73782
-2.34237;1.91378
-3.00186;-1.11244
-3.90172;2.3426
-5.16122;0.0227071
-6.86749;-1.38598
-8.97326;-1.46834
-11.087;-1.8356
-12.3468;-3.74381
-11.9039;-1.73669
-9.85042;-3.79217
-7.18389;-3.16742
-4.83574;-7.5988
-3.17888;-5.52564
-2.185;-5.45778
-1.69036;-4.52169
-1.54321;-1.48278
-1.65108;-1.59956
-1.98426;-2.60055
-2.56901;-1.69903
-3.48278;-0.282281
-4.84699;-0.13925
-6.78991;-1.14261
-9.3073;-0.691653
-11.9333;-0.525929
-13.4626;-1.94483
-12.6807;-4.02592
-9.86986;-3.07906
-6.53121;-5.92345
-3.8043;-6.53977
-1.98599;-5.81615
-0.914097;-4.85767
-0.326765;-3.47316
-0.0101864;-4.64264
0.176383;-4.19952
0.318342;-1.44718
0.469955;-2.07578
0.674428;0.225569
0.979818;-1.72125
1.45403;-1.14909
2.20235;-0.509479
3.38848;-1.42008
5.24704;2.81884
8.0246;-0.710888
11.6471;-1.56779
14.9007;0.368002
15.3025;0.277803
11.9819;2.15926
7.20398;2.48584
3.19972;5.9718
0.565633;6.74715
-0.987942;5.46263
-1.91353;5.78859
-2.57339;3.08498
-3.21355;2.46554
-4.00061;0.858791
-5.05537;-0.14981
-6.45528;-1.73464
-8.18064;-0.0510739
-9.99093;-2.49868
-11.3203;-3.9144
-11.4807;-1.62583
-10.2586;-2.6144
-8.19359;-3.34056
-6.07946;-3.95395
-4.41661;-5.74054
-3.33632;-5.58486
-2.77281;-4.69622
-2.61723;-1.83126
-2.79214;-3.18813
-3.27317;-3.1186
-4.08686;-1.27284
-5.29438;-1.70858
-6.9465;-2.3053
-8.97125;-0.62658
-10.9752;-1.42642
-12.1446;0.637594
-11.7066;-4.4486
-9.75769;-4.45033
-7.22092;-2.99871
-4.96997;-5.47625
-3.37042;-6.9987
-2.41024;-6.36168
-1.94372;-3.27041
-1.8326;-4.44042
-1.99461;-0.350752
-2.40926;-2.08338
-3.11222;-2.06577
-4.18796;-1.29528
-5.75017;-1.1645
-7.8695;-0.420468
-10.3714;0.222393
-12.5143;-2.32487
-13.0623;-3.22489
-11.4116;-4.25577
-8.43084;-5.18609
-5.46904;-7.03685
-3.2473;-5.66791
-1.83954;-6.81335
-1.0488;-7.46503
-0.653456;-2.674
-0.492315;-2.68424
-0.471383;-2.37104
-0.548061;0.210054
-0.716171;-1.36292
-0.998673;-2.88438
-1.449;-1.13638
-2.1607;0.205864
-3.28366;-1.95278
-5.03547;-0.179957
-7.65426;-2.77938
-11.1208;-1.38475
-14.4288;-0.916843
-15.2726;-1.84183
-12.4532;-1.02291
-7.85651;-5.08469
-3.78897;-5.57573
-1.0323;-5.40537
0.614767;-7.85385
1.58592;-5.52785
2.24858;-4.05525
2.85743;-3.01421
3.58636;-1.02129
4.56569;1.04166
5.89475;-1.45541
7.60479;2.32873
9.5431;1.37219
11.2142;0.959686
11.8412;1.38285
10.9455;3.49519
8.90111;4.13085
6.58497;4.23753
4.65965;4.85084
3.35021;6.26729
2.60986;2.37935
2.31252;3.1387
2.35441;2.07571
2.68668;0.928659
3.31781;2.29668
4.30508;-0.748642
5.73261;1.60573
7.64647;-0.767163
9.89209;-2.64457
11.8674;2.22117
12.5569;-0.29041
11.3519;4.37257
8.82155;1.17542
6.11085;4.69333
3.9651;4.69755
2.55642;5.80373
1.7617;3.67258
1.399;5.08382
1.32915;3.92673
1.47788;0.728615
1.8306;0.82643
2.42495;-0.242383
3.34846;2.05805
4.73525;-0.446821
6.73256;0.51204
9.35801;1.37173
12.1381;-0.859682
13.77;-0.18901
12.9117;2.54649
9.89234;1.54698
6.36563;2.16555
3.53159;4.08194
1.66452;5.15981
0.565364;3.83938
-0.0542333;1.46435
-0.425337;0.698608
-0.703076;2.47666
-0.990342;-1.94782
-1.36744;0.532675
-1.91809;-1.50589
-2.75172;0.310617
-4.02103;0.507786
-5.91753;0.70674
-8.57721;-1.04455
-11.7405;-0.705556
-14.1792;-0.785514
-14.0385;-1.76548
-11.0441;-4.51102
-7.0291;-3.31896
-3.65464;-4.48508
-1.39487;-5.60448
-0.0462371;-6.20732
0.743401;-7.18618
1.26682;-4.68566
1.7279;-3.83649
2.27074;0.0506305
3.01658;-0.655325
4.09067;1.4159
5.62593;3.029
7.70841;1.41133
10.1931;3.10542
12.3883;1.90373
13.0754;0.146955
11.5689;0.96302
8.6463;3.28909
5.6623;4.85061
3.38907;6.95094
1.93419;6.34302
1.11119;5.02479
0.697661;0.940284
0.528709;0.124198
0.507261;1.31028
0.589141;0.544787
0.768121;-1.26954
1.06856;0.174376
1.54684;1.83144
2.30119;-0.0894586
3.48752;-1.2051
5.32671;0.111375
8.04079;2.1893
11.5314;1.18826
14.631;2.06595
15.0319;-1.23667
11.9125;-1.80701
7.34797;4.69281
3.46272;6.19222
0.875317;6.47372
-0.661395;7.31199
-1.57354;4.93423
-2.21069;3.80518
-2.81377;0.406082
-3.54942;-1.77896
-4.54605;0.170957
-5.90461;-1.60245
-7.6578;0.909487
-9.64617;-0.355884
-11.3483;-4.96328
-11.9504;-0.830129
-10.972;-3.7647
-8.83547;-2.85176
-6.46035;-3.0097
-4.51281;-5.51834
-3.20173;-5.54966
-2.465;-5.01236
-2.16762;-5.94727
-2.20157;-4.28807
-2.51614;-2.01692
-3.1191;-1.8004
-4.06903;-1.8074
-5.45739;-0.104288
-7.35263;-0.426039
-9.64781;-1.63236
-11.7947;-1.2698
-12.7457;-3.25667
-11.7263;-2.90518
-9.19172;-4.20994
-6.34912;-3.77452
-4.05087;-7.05718
-2.52076;-7.4429
-1.63944;-5.05643
-1.2103;-5.77709
-1.07665;-1.90952
-1.14795;-1.39781
-1.39343;-1.81337
-1.83225;0.17621
-2.53044;-1.12467
-3.60389;1.19996
-5.21515;-1.22991
-7.51941;-0.854507
-10.4454;-1.30311
-13.2126;-1.63637
-14.1634;0.570251
-12.2584;-2.92074
-8.60383;-4.3015
-5.03167;-6.33851
-2.43012;-6.60031
-0.811055;-7.15703
0.126553;-4.82609
0.686351;-3.66276
1.09049;-2.79893
1.4897;-1.91087
1.99711;-3.54454
2.72069;-0.660294
3.78714;-2.52674
5.34728;0.511364
7.52627;-0.375991
10.2281;2.95682
12.7411;0.0547177
13.6423;1.68674
12.0243;4.06988
8.76382;2.61759
5.45903;2.3261
2.97965;4.84907
1.40835;6.42882
0.505759;5.76299
0.00577213;5.1787
-0.289484;4.46774
-0.507895;3.86432
-0.732417;-1.57363
-1.02733;-0.564609
-1.46038;0.141248
-2.12264;0.928423
-3.14818;1.53497
-4.72753;2.68518
-7.07728;-2.39488
-10.2395;0.0811951
-13.5119;1.31356
-14.9748;-3.98672
-13.0754;-2.51848
-8.95758;-5.58744
-4.88491;-4.20367
-1.94712;-8.35686
-0.136043;-5.88245
0.922424;-8.70538
1.5928;-5.77913
2.13942;-2.01713
2.74397;0.413305
3.54469;-1.24911
4.66461;-1.40214
6.20884;1.73718
8.19693;0.912963
10.3867;1.73709
12.0694;0.793242
12.2825;-0.855451
10.7106;3.60956
8.12727;0.379224
5.59114;5.60708
3.67674;2.19056
2.46348;7.0312
1.81119;4.95359
1.55414;4.43512
1.57687;-0.738229
1.82789;0.836175
2.31405;0.256543
3.09477;1.93618
4.27746;0.87801
5.99709;0.258673
8.32646;-0.789134
11.0192;1.24176
13.1335;3.29238
13.2736;3.15923
11.0586;1.82538
7.72816;3.95748
4.69575;5.75195
2.54417;4.40599
1.2259;5.24357
0.487444;2.36872
0.0892635;3.4073
-0.135983;-1.45697
-0.29188;-0.224868
-0.442483;0.931543
-0.634524;-0.620947
-0.914916;1.0277
-1.34617;-0.828645
-2.02331;-2.55357
-3.09422;-1.29835
-4.77609;-0.304589
-7.32249;-0.844755
-10.7801;0.770798
-14.2749;-3.3227
-15.5029;-2.46501
-12.934;-4.14962
-8.28324;-2.64822
-4.03121;-5.60973
-1.11117;-7.22606
0.640464;-8.41108
1.66847;-5.65619
2.359;-5.07461
2.9805;-2.69272
3.71372;-2.11625
4.68958;1.34958
6.00192;1.80516
7.67095;2.95823
9.53352;1.94489
11.1044;-0.362422
11.6579;3.3877
10.7726;0.585837
8.81447;1.83317
6.60272;4.4527
4.75918;1.85631
3.5028;3.94699
2.79751;3.88535
2.53019;2.86246
2.60718;4.248
2.98676;0.811906
3.6816;0.94332
4.74784;-0.000281395
6.25451;2.11842
8.20058;1.47712
10.3367;-0.147278
11.9706;-0.386361
12.1777;1.39789
10.6558;1.55375
8.14324;0.706021
5.66203;4.11859
3.77874;5.53399
2.58138;2.56126
1.94031;6.45121
1.69752;4.54748
1.74294;1.50404
2.02956;2.01665
2.56908;-1.48249
3.42576;0.793021
4.70846;1.51852
6.53817;2.72091
8.92947;1.78643
11.5028;2.5132
13.1919;1.34913
12.7699;2.38622
10.2696;1.06312
7.03653;0.873561
4.26997;7.20042
2.37053;5.74203
1.2334;5.55372
0.614877;2.75875
0.303167;3.48351
0.15759;0.959491
0.0974661;-0.908549
0.0814505;0.237884
0.0911732;2.76296
0.121397;-0.451372
0.175401;-0.608915
0.264094;-3.66897
0.408163;-1.68039
0.643525;0.492796
1.03147;2.4704
1.67598;0.432121
2.75075;-1.66049
4.5309;1.58066
7.37893;0.900498
11.4575;0.93136
15.6779;1.61717
16.8104;-2.2974
13.0546;3.70133
7.27657;2.72698
2.50637;4.90801
-0.539281;7.43743
-2.27932;5.2068
-3.28313;5.29906
-3.97835;-0.633433
-4.63444;-0.0614297
-5.40635;-0.854117
-6.36643;-1.59219
-7.50357;-0.810466
-8.69163;-1.76363
-9.66444;-4.35225
-10.0816;-1.41473
-9.73063;-5.11472
-8.71237;-2.80294
-7.38477;-3.85356
-6.12628;-5.10907
-5.17058;-4.76042
-4.59794;-4.14872
-4.40188;-4.46239
-4.55142;-3.70701
-5.02305;-2.9678
-5.8034;-2.58
-6.86565;-2.65958
-8.11887;-2.92292
-9.34294;-2.69837
-10.1744;-3.10177
-10.2496;-4.42309
-9.47419;-4.09816
-8.1309;-3.50671
-6.67203;-3.38332
-5.44835;-5.18598
-4.61712;-4.48327
-4.19742;-6.2172
-4.15399;-3.2025
-4.45166;-3.90501
-5.07455;-2.57205
-6.01721;-0.007069
-7.24779;-0.198615
-8.63967;-1.54128
-9.8962;-3.1835
-10.5723;-3.49299
-10.3144;-2.1639
-9.17034;-3.7024
-7.58042;-5.39834
-6.04436;-4.75789
-4.8654;-6.21896
-4.13412;-6.97329
-3.82596;-3.01316
-3.88929;-5.84235
-4.29052;-5.33822
-5.02405;-2.36929
-6.09572;-0.81645
-7.47554;-1.43219
-9.01151;-1.78264
-10.3386;-2.5752
-10.9286;-2.12681
-10.4238;-0.911348
-8.9875;-2.91472
-7.18783;-3.8319
-5.56287;-5.21259
-4.38223;-4.69027
-3.68911;-6.97549
-3.42737;-3.97848
-3.53252;-2.78547
-3.97149;-0.494507
-4.74835;-3.62601
-5.88609;-3.3672
-7.37663;-3.29201
-9.08122;-1.82206
-10.6061;-3.84773
-11.3272;-2.41076
-10.787;-3.29506
-9.16271;-4.7944
-7.13371;-3.81484
-5.32628;-6.56979
-4.02946;-5.1903
-3.26646;-4.10098
-2.95434;-2.79365
-3.00875;-3.23524
-3.38652;-1.85024
-4.09271;-0.913148
-5.16831;-2.06941
-6.653;-2.99742
-8.49576;-1.27193
-10.3944;-0.811706
-11.6828;-2.09285
-11.6214;-2.00328
-10.1002;-2.34901
-7.81959;-4.98119
-5.62666;-4.74981
-3.97703;-6.18045
-2.94258;-4.11255
-2.42107;-4.21636
-2.28899;-3.85908
-2.46611;-0.985045
-2.93042;-0.924186
-3.71429;-2.76058
-4.89172;0.243104
-6.54241;-3.06016
-8.64944;-1.17541
-10.8831;-1.56533
-12.4055;-0.960905
-12.2426;-3.72037
-10.2989;-3.46081
-7.55053;-4.69746
-5.04064;-5.00193
-3.23202;-5.34359
-2.12416;-6.07107
-1.54627;-4.76036
-1.32915;-4.54077
-1.36264;-1.57286
-1.60044;-1.30397
-2.05197;-2.30533
-2.7772;-1.1328
-3.8856;0.854818
-5.52557;-2.81035
-7.81693;-1.84707
-10.6205;-1.15508
-13.1047;-0.340348
-13.7426;-1.73686
-11.7694;-2.74644
-8.31059;-2.93081
-4.99525;-4.89687
-2.58858;-5.89124
-1.0925;-6.33844
-0.236145;-7.20797
0.252373;-3.31639
0.569861;-2.92601
0.845402;-0.348555
1.16925;-0.318356
1.62138;-1.67747
2.29584;-0.356587
3.32145;0.172216
4.87257;-3.24513
7.13387;0.785297
10.109;-2.05103
13.1256;-0.384446
14.4824;2.48584
12.8172;3.54524
9.07265;4.00056
5.25944;3.97933
2.44034;6.79394
0.674546;6.35174
-0.354883;7.01761
-0.979793;3.40924
-1.44615;1.99398
-1.92266;2.1104
-2.5369;-2.37599
-3.40876;1.22009
-4.66939;-3.11709
-6.44615;-0.689226
-8.76141;0.285089
-11.272;0.158132
-12.9901;-1.98631
-12.7253;-2.67287
-10.4107;-3.42868
-7.28176;-4.40964
-4.53478;-4.95253
-2.61648;-7.17751
-1.45762;-6.45513
-0.830968;-6.10384
-0.530865;-2.7252
-0.42026;-3.15982
-0.424223;-3.49603
-0.512309;0.428856
-0.685395;-2.59656
-0.970617;-0.942681
-1.42451;0.573901
-2.14414;0.725602
-3.28482;-3.32015
-5.07263;0.689751
-7.75527;-0.542466
-11.3062;-2.86739
-14.6493;-1.11969
-15.3725;-2.20849
-12.3451;-0.195219
-7.62439;-1.41304
-3.53558;-4.88697
-0.800136;-7.27399
0.823814;-6.76932
1.78456;-4.43696
2.45222;-1.73179
3.08059;-1.036
3.84154;2.65099
4.86071;2.34871
6.22488;-0.998458
7.93603;-0.608596
9.79171;0.365442
11.2579;3.03437
11.612;3.3163
10.533;1.11402
8.49078;3.80619
6.30759;5.36427
4.5463;4.88767
3.37668;5.2377
2.7428;5.1562
2.53081;2.17986
2.65394;1.05753
3.07875;1.16745
3.82524;0.516817
4.95382;2.33898
6.52954;2.04608
8.52681;0.739338
10.6377;2.9449
12.1048;2.07055
12.0388;1.20867
10.3027;4.60331
7.74182;2.24235
5.33495;2.81935
3.56238;2.50116
2.46245;2.80147
1.89309;4.38441
1.70154;4.6192
1.78776;1.22644
2.11459;3.53829
2.70257;2.36345
3.62391;-0.149316
4.99247;-0.517099
6.92187;-1.77939
9.38269;0.341593
11.8884;0.506524
13.2742;2.90459
12.4409;1.20362
9.71312;4.13089
6.50839;2.38265
3.89103;5.78015
2.14286;2.51462
1.11587;2.70751
0.566249;3.67283
0.295077;2.40168
0.174452;-0.310405
0.133118;2.72574
0.136412;0.993216
0.17151;0.0920228
0.239335;-0.895178
0.351841;-0.748461
0.533656;-0.568129
0.828064;-0.970735
1.30858;-0.361542
2.09832;-0.00324526
3.39769;-0.549826
5.50491;0.10672
8.73829;4.05368
12.9446;-0.305736
16.3094;-0.3219
15.6772;0.206954
10.9979;5.25692
5.58303;4.09403
1.5444;6.87789
-0.93101;5.05463
-2.34307;8.19102
-3.20315;4.69962
-3.87261;-0.405474
-4.57709;0.393612
-5.44889;-1.78573
-6.54757;-1.99356
-7.84179;-1.38408
-9.15731;-3.0984
-10.1479;-4.34336
-10.4098;-2.64562
-9.76516;-3.55421
-8.4442;-5.02489
-6.91686;-5.435
-5.58498;-5.2667
-4.64506;-6.5437
-4.13156;-4.02221
-4.00881;-2.97569
-4.23569;-2.34287
-4.79221;-2.05824
-5.67635;-2.65603
-6.87367;-2.09662
-8.2936;-1.07441
-9.68232;-2.49789
-10.5974;-1.69492
-10.5981;-2.64638
-9.60432;-4.38761
-8.00591;-4.82398
-6.35276;-5.19279
-5.02256;-5.58351
-4.15074;-4.44934
-3.72466;-6.20484
-3.68695;-4.65386
-3.99383;-3.63794
-4.63346;-3.42055
-5.61693;0.802943
-6.94139;-1.87317
-8.51306;-3.70369
-10.0377;-2.82895
-10.9893;-1.72507
-10.8631;-3.5191
-9.62512;-1.81421
-7.78894;-2.36456
-5.98512;-3.92663
-4.59265;-8.06152
-3.71152;-4.89634
-3.2955;-4.61633
-3.26784;-4.77572
-3.57843;-3.89665
-4.21946;-4.0702
-5.2166;-4.17135
-6.59505;-1.44146
-8.30107;-2.50415
-10.0668;-0.742398
-11.3148;-1.85955
-11.3842;-2.11401
-10.1132;-3.00948
-8.06085;-4.40661
-5.99588;-5.18822
-4.38778;-5.53565
-3.35303;-5.6626
-2.82464;-5.04365
-2.69826;-3.84021
-2.90195;-2.03739
-3.41595;-3.94447
-4.2694;-4.39341
-5.52145;-1.75579
-7.20993;-2.55585
-9.22925;-1.25726
-11.1352;-0.436737
-12.1013;-2.44508
-11.4526;-3.89296
-9.41666;-3.77093
-6.92924;-3.8319
-4.78841;-5.26308
-3.29703;-4.92889
-2.42113;-5.30598
-2.01762;-3.62629
-1.95918;-3.5988
-2.17533;-2.11906
-2.6563;-2.90161
-3.44715;-3.20563
-4.63781;-1.99087
-6.33286;0.454361
-8.55174;-1.10575
-10.9895;-1.01011
-12.7467;-2.41222
-12.6747;-3.44402
-10.5881;-3.3913
-7.58694;-3.71689
-4.86067;-4.84456
-2.91348;-6.35407
-1.72137;-4.47095
-1.07782;-5.86041
-0.784097;-4.80442
-0.70627;-0.461646
-0.774429;0.00846821
-0.968369;-1.75396
-1.30734;1.03545
-1.84866;-0.666853
-2.69496;1.04096
-4.00525;-0.514032
-5.98756;-2.6584
-8.79362;-1.77035
-12.13;-1.85252
-14.6052;-1.30338
-14.2034;-2.6514
-10.8305;-4.26941
-6.5898;-4.38194
-3.15904;-4.02942
-0.91685;-3.88571
0.40875;-6.77617
1.19973;-4.29499
1.75977;-2.51705
2.29851;0.287363
2.96648;-2.06835
3.89109;1.61234
5.1938;-0.137178
6.96493;-1.06228
9.14987;0.633281
11.3184;2.09866
12.5395;1.20415
11.9452;2.97608
9.71834;4.6216
6.94885;4.78568
4.57433;4.26151
2.93004;5.33392
1.95529;7.45424
1.46967;5.396
1.3147;4.15657
1.39465;0.325317
1.67616;1.05349
2.17993;-0.763043
2.97677;-1.42109
4.18645;-0.335364
5.96069;3.69409
8.39148;0.351138
11.2301;0.926232
13.4542;1.9118
13.5302;1.55174
11.0896;3.70428
7.54171;2.78146
4.38943;7.83972
2.1934;5.71473
0.859828;6.60684
0.102906;4.53216
-0.335519;3.94268
-0.635933;1.90403
-0.916693;-1.14704
-1.26387;0.0684351
-1.75897;2.30132
-2.50252;-1.98146
-3.63363;-0.0274156
-5.33497;1.40027
-7.77469;-2.25848
-10.8534;0.901839
-13.6567;-4.99965
-14.3599;-2.9972
-12.0467;-3.52119
-8.1309;-3.16044
-4.50707;-4.85434
-1.9541;-5.61911
-0.393656;-6.57451
0.513483;-5.5917
1.08139;-4.92866
1.53493;-3.49175
2.02943;-1.13993
2.68767;-0.199374
3.63092;-3.17755
4.99303;-0.539785
6.8929;0.4325
9.30414;0.044922
11.7603;3.31043
13.1457;3.33734
12.3901;1.76622
9.7669;2.31281
6.63142;5.27215
4.04006;6.80918
2.29514;4.79388
1.2672;4.2968
0.722874;4.9742
0.468814;1.3687
0.381575;0.759801
0.396025;1.7759
0.487588;-0.534001
0.660266;0.853088
0.942733;-0.0619005
1.39232;-2.00121
2.1068;1.70876
3.24285;-1.70225
5.03008;1.80374
7.72421;-0.986845
11.3117;0.554746
14.7157;-1.63628
15.4725;2.71425
12.4051;2.0545
7.615;2.87024
3.47627;3.76553
0.715181;8.01734
-0.920663;8.02509
-1.88845;4.1728
-2.56335;1.08255
-3.20147;1.4425
-3.97483;-0.21026
-5.00655;0.648516
-6.37608;-1.18923
-8.07047;-2.11601
-9.86691;-1.42801
-11.2256;-2.87424
-11.4653;-0.715876
-10.3346;-1.30031
-8.32523;-3.87374
-6.22071;-5.02681
-4.53998;-5.34705
-3.4342;-3.86788
-2.84816;-5.39868
-2.67594;-3.85385
-2.83929;-3.24012
-3.31163;-3.39276
-4.11679;-2.87417
-5.31273;-3.46214
-6.94671;-1.72792
-8.9449;-0.437641
-10.9197;-1.93051
-12.0765;-1.33019
-11.6597;-2.8794
-9.75546;-5.30002
-7.25971;-5.73909
-5.03295;-5.77557
-3.44376;-4.925
-2.48775;-5.56116
-2.02518;-3.41303
-1.92149;-3.4799
-2.09673;-4.02706
-2.53231;-1.70657
-3.26555;-2.67804
-4.38113;-1.28646
-5.98723;-0.23303
-8.13317;-2.45804
-10.5949;0.344418
-12.5753;-1.02995
-12.8805;-3.68812
-11.0742;-3.44943
-8.10955;-5.71235
-5.26156;-4.96967
-3.16131;-6.25843
-1.8462;-6.24511
-1.11934;-5.18419
-0.771419;-4.25156
-0.654617;-2.5199
-0.687076;-3.62525
-0.838503;0.192028
-1.11802;0.530214
-1.57042;-1.14882
-2.28158;-2.02068
-3.39037;1.50451
-5.0949;-2.56292
-7.60261;-0.84511
-10.8739;-0.751845
-13.9882;-0.209741
-14.8871;-1.15978
-12.4154;-3.32508
-8.15323;-3.8162
-4.24874;-5.5918
-1.53669;-5.54404
0.106069;-5.98594
1.06896;-6.99748
1.70008;-3.6908
2.24604;-4.01183
2.87771;-1.92944
3.72909;-0.705352
4.92135;1.07731
6.55129;1.57623
8.60614;-1.25828
10.7679;0.171038
12.2418;-0.0233302
12.1091;-1.07745
10.2666;5.18005
7.62331;4.53359
5.18027;4.49336
3.40278;4.75768
2.30858;4.78935
1.74249;6.49221
1.5454;1.42375
1.61403;1.10421
1.90857;0.300982
2.44628;-0.508503
3.29626;0.305196
4.57376;1.15897
6.41184;0.358245
8.84693;-0.204426
11.522;0.0198746
13.3473;3.59955
12.994;1.27729
10.4338;1.33129
7.07764;5.22267
4.20323;4.6856
2.23316;5.03979
1.05171;6.68832
0.398219;4.45159
0.0464957;6.61912
-0.156178;1.82128
-0.303141;-0.239167
-0.452753;2.26278
-0.649431;-0.27031
-0.940221;0.455097
-1.38985;0.259304
-2.09789;-2.07044
-3.21942;-2.30532
-4.98017;-2.22501
-7.63298;-0.69562
-11.1761;-0.197545
-14.5854;-2.15631
-15.4516;-3.2615
-12.52;-4.64787
-7.78501;-1.50945
-3.63426;-5.19413
-0.842926;-6.87874
0.816848;-6.24288
1.79651;-4.87274
2.47229;-4.08569
3.10251;-1.8961
3.86132;-1.69216
4.87477;-1.7255
6.22875;-1.045
7.92429;-0.946172
9.76078;-0.62289
11.2128;-0.117979
11.5709;-0.847177
10.5161;2.54592
8.50403;2.17057
6.34313;2.23769
4.59319;9.18559
3.42781;4.34842
2.79561;5.41825
2.58584;4.34162
2.71337;0.183754
3.14554;0.192896
3.90226;3.39323
5.04242;-1.22187
6.62612;0.81098
8.61637;1.28587
10.6884;1.36349
12.08;1.42951
11.9371;0.806699
10.1736;3.46828
7.64065;5.14789
5.28459;4.553
3.55918;7.52849
2.4947;4.33213
1.9516;3.72786
1.78275;2.06956
1.89369;3.27789
2.25242;2.15414
2.88427;1.41761
3.86538;1.29559
5.30898;-0.653769
7.31194;3.28129
9.78881;-1.43477
12.1509;0.309021
13.1946;-1.88944
12.0157;3.11261
9.17843;3.36886
6.08156;3.73126
3.64017;4.48765
2.0435;4.56607
1.12223;6.34843
0.643278;5.55705
0.425421;2.43783
0.356873;5.07936
0.380586;0.183058
0.476863;0.722587
0.65256;-0.398113
0.938248;0.768316
1.39303;2.36233
2.11705;0.920371
3.27065;-2.21994
5.08852;-0.307141
7.82959;-0.369843
11.4657;-0.24786
14.8588;0.53502
15.4871;0.113555
12.2689;2.07216
7.42247;2.06043
3.30081;3.68434
0.574904;5.11998
-1.03395;9.33721
-1.98852;5.68458
-2.66241;4.67933
-3.30903;1.59342
-4.09786;-2.0627
-5.14849;0.474388
-6.53284;0.500192
-8.22239;-1.95758
-9.97103;-0.320321
-11.2271;-1.75043
-11.344;-3.05663
-10.1407;-3.47083
-8.14054;-3.001
-6.09786;-4.72246
-4.48992;-5.85645
-3.44617;-3.70182
-2.90831;-6.09348
-2.77578;-3.98306
-2.97746;-1.93178
-3.49286;-1.47916
-4.34922;-3.72993
-5.60188;-2.47161
-7.28142;-2.96355
-9.27132;-0.571368
-11.1207;-2.20237
-12.0207;-1.41936
-11.3392;-1.75231
-9.32465;-3.91549
-6.88934;-4.64689
-4.80029;-5.23702
-3.34757;-5.31788
-2.49866;-7.36175
-2.11668;-4.70403
-2.08056;-2.84876
-2.32508;-2.42458
-2.8449;-1.91292
-3.68845;-0.131081
-4.9452;-2.2942
-6.70704;-1.21979
-8.95052;0.110778
-11.2857;0.13872
-12.7524;-1.43708
-12.3264;-0.976104
-10.0686;-4.52475
-7.13321;-3.54317
-4.57995;-5.19818
-2.80038;-6.40021
-1.73285;-4.40994
-1.17606;-3.30333
-0.949328;-2.70929
-0.937193;0.768906
-1.0867;-2.34265
-1.39537;-2.20922
-1.90452;-1.08361
-2.70114;-0.295301
-3.92438;-2.57756
-5.75792;0.146226
-8.34422;-0.504025
-11.4715;0.642151
-14.0102;-4.00471
-14.1174;-4.19617
-11.3294;-2.59386
-7.35673;-4.01111
-3.92395;-5.28843
-1.5897;-6.83624
-0.187056;-8.41615
0.630263;-5.35636
1.15906;-3.58997
1.60743;-3.31438
2.12097;-0.0018126
2.81966;0.425228
3.82666;-1.22802
5.27755;0.0602368
7.28056;-2.35039
9.75887;1.13988
12.1329;1.27962
13.2016;0.66867
12.0465;2.50906
9.21585;1.9238
6.11098;1.24244
3.65733;7.07798
2.05025;7.04776
1.12174;3.40452
0.637925;7.60176
0.416348;3.78929
0.344113;1.5537
0.363183;-0.713591
0.4528;-3.09075
0.61842;-0.329896
0.888504;-1.57138
1.31886;-1.44837
2.00455;3.56495
3.09887;0.064649
4.83008;-0.494
7.46556;-1.27322
11.045;-0.478778
14.5999;0.715828
15.663;1.41
12.7841;1.14861
7.94263;1.52722
3.65879;4.90586
0.773493;5.41409
-0.940003;8.45806
-1.94854;7.3317
-2.64161;5.66369
-3.28534;0.421171
-4.0564;-0.84613
-5.07773;-1.46812
-6.42472;-0.476436
-8.07851;-2.61261
-9.81599;-2.24734
-11.1163;-3.33549
-11.3364;-3.05818
-10.2457;-2.75039
-8.31044;-5.74279
-6.27483;-3.38347
-4.64048;-4.68105
-3.56158;-5.74143
-2.99257;-5.67127
-2.83603;-3.71722
-3.01929;-3.96655
-3.51864;-2.20349
-4.35769;-2.51943
-5.5882;-3.01046
-7.23872;-1.78373
-9.19662;-1.94141
-11.0276;-4.0384
-11.9474;-3.74617
-11.3262;-2.16993
-9.3776;-4.61575
-6.98203;-6.41099
-4.90435;-5.09581
-3.44776;-6.45432
-2.59161;-7.24454
-2.20539;-4.15962
-2.17059;-4.57587
-2.42281;1.25458
-2.957;-1.54509
-3.82114;-2.72303
-5.10194;0.233867
-6.88165;-1.51355
-9.11325;-0.771628
-11.371;-1.34821
-12.6887;-3.14949
-12.1236;-2.40019
-9.83361;-3.18727
-6.96368;-5.18524
-4.5048;-6.76372
-2.80531;-6.98953
-1.79504;-5.82688
-1.28004;-5.31557
-1.0904;-3.2774
-1.1208;-0.558888
-1.32809;-2.04685
-1.72093;-3.29752
-2.35489;-2.13324
-3.33459;-0.589798
-4.81392;-1.15354
-6.95966;-1.79532
-9.78167;-0.148639
-12.699;-3.61839
-14.1886;-1.93918
-12.8817;-4.0939
-9.44174;-3.11862
-5.73952;-5.19532
-2.90813;-6.55668
-1.09884;-6.20207
-0.0422095;-5.24007
0.576895;-4.96784
0.998834;-3.68875
1.38691;-2.057
1.85915;-0.382904
2.52187;-1.76225
3.49597;0.750258
4.92837;-1.52743
6.96101;-1.08105
9.57938;1.05752
12.2512;0.287745
13.6626;1.91763
12.6141;1.92314
9.57823;2.95991
6.16257;2.90361
3.45877;5.30131
1.69079;7.17155
0.657066;6.81579
0.0827281;3.5301
-0.248725;4.19674
-0.480126;2.83538
-0.703106;2.11193
-0.985231;-0.988473
-1.39328;0.0438162
-2.01364;0.278553
-2.97212;-0.308832
-4.44934;-3.3197
-6.66189;0.167084
-9.70208;-0.577816
-13.0342;-2.69246
-14.9144;-1.44506
-13.5498;-1.91918
-9.64839;-4.13712
-5.48251;-5.2484
-2.36186;-6.7428
-0.401566;-7.31201
0.745472;-6.93715
1.45305;-6.80003
1.99976;-4.53718
2.57666;-0.781052
3.32593;-0.650228
4.37248;0.706177
5.82955;0.278724
7.74802;-0.689255
9.96156;-0.470659
11.8575;-0.210345
12.449;0.342814
11.195;4.59493
8.69167;2.65586
6.04705;7.03091
3.96571;5.19511
2.60502;3.52927
1.84439;2.43059
1.50965;3.1998
1.46953;1.76462
1.65697;0.837018
2.06461;0.014201
2.73817;-1.191
3.77325;0.246608
5.30534;-0.598582
7.45412;0.4246
10.1312;2.79135
12.652;0.452338
13.6184;3.04788
12.0888;3.57316
8.87785;1.22892
5.57435;4.24244
3.07459;7.03541
1.48219;5.53266
0.565915;6.67775
0.0608547;1.78748
-0.231539;1.2365
-0.439375;0.849911
-0.644443;-0.254018
-0.90796;0.420439
-1.2921;0.254477
-1.87909;-0.489792
-2.79071;-2.48148
-4.20564;-2.85096
-6.34933;-0.0174558
-9.35813;0.934721
-12.8029;0.215585
-15.0109;-2.01123
-13.971;-5.374
-10.1143;-2.21031
-5.78937;-6.06381
-2.48677;-6.33628
-0.395979;-5.76865
0.828916;-6.16207
1.58042;-4.92218
2.15441;-2.08738
2.75315;-1.48912
3.52401;0.150529
4.59108;1.7073
6.05813;0.0430196
7.95287;-0.0923548
10.073;-0.101829
11.7908;1.007
12.1928;0.0438429
10.8708;3.08947
8.45094;2.61756
5.95459;5.73133
4.00778;3.68995
2.74458;5.09759
2.05352;5.2203
1.77818;3.63439
1.80419;2.69298
2.07953;2.24421
2.61155;0.496254
3.46067;1.87923
4.73148;2.18081
6.53961;1.15015
8.89519;1.5855
11.4247;0.794602
13.0925;1.23662
12.7056;2.09979
10.2776;3.98542
7.10484;4.15594
4.36882;6.68076
2.47973;4.52987
1.34623;7.63262
0.733607;5.48253
0.435266;5.3681
0.314506;1.15673
0.295493;-0.304353
0.344429;-0.856297
0.455339;-0.876185
0.643405;0.0243702
0.945515;1.08695
1.42777;-2.12303
2.20045;-2.38438
3.43947;2.15682
5.39942;0.464652
8.34377;-0.792455
12.1538;-0.0431013
15.3977;-0.0768902
15.3853;3.06851
11.5653;3.92528
6.57881;3.59826
2.59583;6.13917
0.0475381;6.19775
-1.43777;5.96845
-2.3335;2.33256
-3.00018;4.03906
-3.67682;-0.0737835
-4.52073;-3.64126
-5.63607;-1.44106
-7.06457;-2.41035
-8.71975;-0.96272
-10.2792;-2.83774
-11.1726;-0.952956
-10.8949;-3.70351
-9.48681;-4.504
-7.5419;-5.19609
-5.70751;-4.06422
-4.33403;-6.77277
-3.48927;-3.74414
-3.10832;-5.34768
-3.10806;-3.83664
-3.43922;-3.97987
-4.09854;-2.89308
-5.1189;-3.37053
-6.53531;0.291762
-8.30385;-0.811839
-10.1552;-2.91256
-11.4802;-2.25113
-11.5618;-2.38446
-10.2188;-4.19324
-8.05661;-7.29714
-5.89843;-4.92966
-4.23172;-6.193
-3.1644;-5.77438
-2.61467;-6.45982
-2.46635;-2.27136
-2.63992;-2.75607
-3.11147;-4.32876
-3.90993;-3.09178
-5.10245;-0.811808
-6.75369;-1.73832
-8.81804;-0.691358
-10.9317;-3.8842
-12.2678;-1.96257
-11.9587;-2.42751
-10.0134;-2.81843
-7.38002;-4.81048
-5.00951;-4.96433
-3.3123;-5.36436
-2.28235;-5.71863
-1.76286;-5.51252
-1.60152;-2.02067
-1.70331;-0.857594
-2.03612;-0.671851
-2.62449;-1.55554
-3.54431;1.4306
-4.91449;-1.61603
-6.85753;-0.321055
-9.35755;-1.13159
-11.9353;-2.34488
-13.3957;-2.26244
-12.5744;-1.61071
-9.78447;-3.44123
-6.49798;-5.31909
-3.81927;-5.72496
-2.03412;-5.73667
-0.983864;-4.80207
-0.413495;-4.4384
-0.115379;-3.45177
0.0458926;-2.01871
0.150098;1.36208
0.244041;0.899628
0.359624;-1.70151
0.526941;0.11289
0.785064;-1.22766
1.19383;-0.94099
1.84986;-1.96988
2.90881;-1.1966
4.60768;-0.385644
7.24148;-2.3551
10.9145;-0.146525
14.7226;-1.25154
16.0579;1.53498
13.166;1.66956
8.0827;0.095841
3.56656;3.84058
0.538096;6.32198
-1.2493;7.401
-2.29516;3.51361
-3.01125;5.06392
-3.67455;1.03655
-4.4626;0.445252
-5.48843;-1.00855
-6.80311;-0.162792
-8.34832;-0.0801704
-9.86629;-1.53953
-10.8665;-2.68152
-10.8466;-3.1903
-9.72426;-4.24177
-7.95982;-6.52645
-6.17267;-3.62555
-4.76201;-5.93446
-3.85056;-5.04578
-3.40509;-5.35288
-3.35295;-4.68349
-3.64307;-4.53842
-4.26432;-2.36059
-5.23796;-2.2447
-6.58481;0.225075
-8.2498;-4.39174
-9.97384;-2.76847
-11.2041;-0.58954
-11.3042;-3.65342
-10.103;-3.3902
-8.12038;-4.82774
-6.09883;-5.70946
-4.50808;-4.88087
-3.4763;-3.96006
-2.94704;-5.0228
-2.82209;-3.57283
-3.03222;-1.69032
-3.55807;-1.13914
-4.42702;-1.12603
-5.6924;-0.456448
-7.37829;-2.91212
-9.3547;-1.3511
-11.1552;-2.07115
-11.9765;-2.55355
-11.2292;-3.33383
-9.20121;-1.66281
-6.79757;-6.02737
-4.75506;-5.95393
-3.34379;-6.23172
-2.52635;-5.57945
-2.16865;-3.86837
-2.15453;-0.83426
-2.42349;-2.47152
-2.97435;-2.92837
-3.85854;-2.4387
-5.16529;-2.68685
-6.97617;-1.28332
-9.23405;-1.55355
-11.4863;-2.96245
-12.738;-0.978596
-12.0677;-1.51087
-9.70177;-2.91359
-6.81633;-2.52266
-4.3801;-6.44915
-2.71221;-5.2041
-1.72763;-7.13685
-1.22882;-4.62671
-1.04688;-0.828141
-1.0784;-1.96111
-1.28145;-1.89701
-1.66496;-0.916083
-2.28392;-1.56994
-3.24205;-1.17326
-4.69349;0.0256163
-6.81123;-1.00379
-9.62768;-1.27813
-12.6069;-1.18198
-14.2434;1.175
-13.0714;-3.13497
-9.65015;-4.74458
-5.88146;-6.1932
-2.97071;-7.51722
-1.1018;-5.83956
-0.00730469;-6.33089
0.635683;-5.85191
1.07562;-0.596457
1.482;-2.32596
1.97748;-2.40919
2.67204;0.00166686
3.6891;0.636143
5.17409;-0.102491
7.25441;0.264302
9.87013;1.19498
12.4105;1.98096
13.5464;4.26425
12.2542;2.13323
9.18085;3.84598
5.88363;4.13232
3.3285;6.66302
1.67721;5.99331
0.721472;7.0134
0.199908;3.21868
-0.0881515;1.89842
-0.271989;3.64923
-0.431065;-0.0990261
-0.619446;-0.819945
-0.885755;-0.481762
-1.28986;-1.11789
-1.91982;-0.643258
-2.91157;-0.0984411
-4.46664;-1.95498
-6.83295;-0.784091
-10.1175;-1.82899
-13.6749;1.24361
-15.4435;-1.15881
-13.5425;-2.23213
-9.13472;-5.24265
-4.76262;-7.46321
-1.63425;-7.26778
0.278599;-6.25934
1.39559;-5.47889
2.11517;-3.493
2.72201;-2.47994
3.40829;-1.93065
4.31326;1.0747
5.54436;0.765794
7.15554;2.65742
9.05371;-2.25091
10.8408;0.2701
11.7855;-0.419702
11.2729;0.620523
9.45716;2.79603
7.1516;2.91544
5.10842;4.46641
3.65272;6.08424
2.78724;4.78279
2.39547;4.33532
2.36519;0.281419
2.63439;0.0341105
3.19865;-2.20536
4.10454;1.40367
5.43132;-0.167914
7.23825;-0.190993
9.42687;2.22089
11.5035;1.15993
12.5123;2.87009
11.6901;3.90743
9.36646;2.0911
6.64383;3.02719
4.37723;5.28865
2.83707;3.58517
1.94106;2.5124
1.51169;5.25564
1.40102;2.7317
1.52444;0.884589
1.85879;0.36826
2.43493;-0.616488
3.33417;0.48791
4.68404;-0.164603
6.62663;1.20948
9.18586;-1.60119
11.9292;-0.575941
13.6283;2.09205
12.9428;2.728
10.077;4.75733
6.60615;1.63214
3.75906;5.25342
1.85939;4.28664
0.735142;5.87532
0.10695;8.65735
-0.254393;3.21489
-0.502715;-0.385174
-0.737011;2.0491
-1.02936;1.33581
-1.44939;-1.51546
-2.08551;-1.27039
-3.06492;0.272791
-4.56784;-2.30509
-6.80408;1.51138
-9.84236;-0.16281
-13.1011;-2.24864
-14.8264;0.237721
-13.3431;-3.12182
-9.45645;-4.1096
-5.37975;-6.24829
-2.34494;-6.6122
-0.44263;-6.29443
0.669824;-7.69072
1.35578;-5.97992
1.88522;-2.88901
2.44359;-1.37121
3.17012;0.980012
4.1899;-1.23599
5.62219;0.730619
7.53597;1.14094
9.80039;-0.686762
11.8359;1.08686
12.6178;2.69653
11.4805;0.708176
8.953;2.52482
6.19998;3.36488
4.00309;5.48292
2.55284;6.82015
1.72821;3.48178
1.34274;5.83109
1.25154;3.88435
1.37499;3.1141
1.69323;1.40403
2.2381;-0.539394
3.09082;-2.73633
4.38145;1.60095
6.26698;1.03024
8.81898;0.28177
11.6984;-1.08601
13.7273;0.123538
13.3793;0.461009
10.5928;2.431
6.9681;4.12694
3.91159;7.50996
1.84538;4.58537
0.610421;4.85379
-0.091985;3.72804
-0.514286;3.46721
-0.829972;0.981224
-1.15522;0.736688
-1.58032;0.919109
-2.19785;-2.11364
-3.12577;-1.39488
-4.52163;-1.82601
-6.56294;0.235849
-9.31082;-0.398076
-12.3152;-2.29527
-14.168;-2.10337
-13.3064;-2.85218
-10.0479;-4.16186
-6.25323;-4.53635
-3.24069;-5.73653
-1.2771;-6.86024
-0.120503;-5.13697
0.553655;-3.39585
1.00167;-2.7202
1.39898;-1.85475
1.87037;-0.636834
2.52454;-2.64766
3.48145;0.205822
4.88488;0.689693
6.87413;1.27668
9.44174;2.14118
12.0903;-1.8635
13.5617;0.834065
12.6482;1.28977
9.72554;2.71915
6.34851;5.1133
3.63347;6.33477
1.84089;6.05626
0.788804;5.56944
0.208856;5.12851
-0.114;3.78663
-0.321361;2.18506
-0.501467;-1.17295
-0.71485;-1.94173
-1.01601;2.58941
-1.47172;0.290132
-2.17929;-2.03897
-3.28631;2.45139
-5.00307;-2.1869
-7.55824;-3.00169
-10.9382;-1.19115
-14.203;-2.97785
-15.1557;-1.03936
-12.5447;-2.93435
-8.08326;-3.42883
-4.0462;-6.08817
-1.27253;-6.55277
0.396279;-7.84939
1.37718;-7.571
2.03365;-4.20421
2.62038;-3.79704
3.31237;-0.934154
4.24324;-1.83124
5.52308;0.86691
7.21165;0.131062
9.2121;3.59966
11.0892;3.03573
12.0364;1.08708
11.3987;2.05767
9.39896;4.88226
6.94987;3.07306
4.83555;4.49351
3.35891;5.15261
2.49148;6.87802
2.0954;3.55309
2.04706;1.80514
2.27858;1.55261
2.7823;-0.226033
3.60475;1.62991
4.83504;2.51039
6.56927;2.71849
8.79985;-0.193052
11.1692;0.72349
12.7416;1.83496
12.4481;3.20729
10.259;3.9007
7.30642;2.86935
4.69489;5.95343
2.85673;6.77098
1.74505;4.19624
1.15777;5.66093
0.908438;3.99779
0.875521;1.29701
1.00056;0.37354
1.27559;0.676645
1.73539;-2.02022
2.45862;-0.139963
3.57515;1.06861
5.26609;-1.03632
7.70584;0.0156052
10.8112;-1.15075
13.6816;1.85716
14.4594;2.11167
12.1592;-2.47742
8.19459;4.15866
4.51128;5.34733
1.91511;6.7301
0.328312;10.4084
-0.595684;3.27317
-1.17795;3.39644
-1.64851;1.83213
-2.16657;1.23146
-2.85798;1.25222
-3.84593;-0.130662
-5.26169;-0.308788
-7.20821;-2.17979
-9.61341;-0.994137
-11.9357;-3.19608
-13.0434;-1.37383
-12.0277;0.520908
-9.34228;-4.18523
-6.31506;-5.10123
-3.87897;-7.67971
-2.26401;-6.47769
-1.32721;-6.19982
-0.846985;-4.89987
-0.646761;-3.27422
-0.618599;-1.60464
-0.712048;-0.548728
-0.919391;1.06022
-1.26782;-2.19086
-1.82076;-4.07404
-2.6875;-0.133554
-4.03635;0.0507877
-6.08749;-1.57202
-8.99797;-0.846058
-12.4336;0.667938
-14.8719;-2.38941
-14.2239;-1.8357
-10.588;-4.66447
-6.23647;-2.80239
-2.81054;-5.31916
-0.607581;-6.75961
0.687827;-6.74236
1.47149;-4.52842
2.04938;-2.85677
2.63126;-1.90165
3.36822;-0.102511
4.38642;-0.589146
5.79558;0.262852
7.64414;0.508418
9.7789;-0.534736
11.6358;3.47717
12.2914;-0.671226
11.1934;1.03785
8.84014;0.788443
6.27532;3.19243
4.21261;6.86182
2.84337;6.18746
2.07236;2.58238
1.73836;3.34308
1.71593;0.647232
1.94181;0.889292
2.41308;0.304984
3.18091;0.27071
4.34394;0.218541
6.0257;0.468849
8.28622;2.7634
10.8806;-0.0194745
12.9183;0.535619
13.0933;1.38418
11.0236;0.90697
7.84124;2.57099
4.89532;2.00217
2.77847;2.06903
1.47302;3.59649
0.747826;5.93029
0.376717;4.06461
0.201779;2.9516
0.129815;0.976307
0.112249;0.606962
0.12747;2.97976
0.169774;1.21316
0.244172;0.964945
0.365652;-0.399729
0.562212;0.136554
0.882174;-0.457041
1.40743;0.457369
2.2751;1.07103
3.70707;-1.05028
6.02482;-0.728507
9.52647;-1.27098
13.8442;3.01634
16.6929;0.0962382
15.0529;2.33261
9.85779;2.66881
4.56137;0.503361
0.829087;5.48943
-1.39732;8.29665
-2.66334;8.88196
-3.45962;2.66907
-4.11857;1.18098
-4.84287;0.83179
-5.74619;-0.632472
-6.86693;-3.43368
-8.14365;-1.05119
-9.36702;-2.85021
-10.1786;-3.13752
-10.2249;-2.53439
-9.42683;-3.06176
-8.07709;-2.65574
-6.62654;-2.83125
-5.41848;-2.89593
-4.60397;-6.34246
-4.1993;-6.32529
-4.16897;-5.5118
-4.47857;-3.47632
-5.11284;-3.75234
-6.06586;-2.48149
-7.30309;-2.23289
-8.69229;0.159725
-9.93011;-2.79542
-10.5711;-0.908084
-10.2748;-3.18742
-9.10755;-3.93372
-7.51677;-4.86931
-5.99546;-5.53515
-4.83671;-4.17811
-4.12483;-6.22175
-3.83337;-3.313
-3.91129;-3.32632
-4.3263;-4.64999
-5.07359;-3.23987
-6.15817;-4.14364
-7.54605;-1.10009
-9.07697;-3.34298
-10.3766;-0.980961
-10.9182;-4.14366
-10.3647;-3.51095
-8.90415;-2.57502
-7.10932;-3.74644
-5.50622;-6.22387
-4.35139;-6.97171
-3.6814;-5.80528
-3.43896;-5.14038
-3.56101;-4.89429
-4.01647;-2.4073
-4.8107;-0.289715
-5.96597;-4.74725
-7.46929;-0.95318
-9.17054;-1.88659
-10.6613;-1.6712
-11.3167;-1.32922
-10.7085;-3.63778
-9.05043;-4.7619
-7.02878;-4.79698
-5.25142;-5.39704
-3.9887;-6.895
-3.2551;-6.08534
-2.96664;-3.74983
-3.04133;-4.24871
-3.43904;-2.18557
-4.16732;-1.86658
-5.26778;-2.48886
-6.77639;-1.80867
-8.62948;0.873012
-10.5015;-0.282783
-11.7092;-3.30734
-11.5398;-3.20311
-9.94661;-3.37486
-7.66003;-4.94959
-5.50504;-4.98526
-3.90456;-6.9432
-2.91293;-3.61371
-2.42436;-5.13977
-2.3183;-2.75384
-2.51929;-2.51999
-3.0098;-3.04089
-3.82589;-1.69149
-5.04292;-2.96878
-6.73548;-2.76565
-8.86586;-2.19269
-11.0606;-0.359895
-12.4455;-3.26328
-12.0964;-2.43488
-10.0391;-2.96254
-7.29458;-4.76598
-4.85504;-5.36546
-3.12582;-4.01984
-2.08123;-5.84678
-1.54812;-4.68503
-1.3637;-3.62522
-1.42558;-0.712104
-1.69467;0.680441
-2.18716;-1.62188
-2.96991;-3.40077
-4.1587;-3.02388
-5.90148;0.319448
-8.29105;-2.0993
-11.0967;-0.717656
-13.3411;-0.415267
-13.5159;-2.14271
-11.1884;-1.29956
-7.69494;-7.02018
-4.54162;-6.88269
-2.32352;-6.28242
-0.969556;-5.96179
-0.202282;-5.36514
0.234799;-3.91537
0.521877;-1.67794
0.775835;-0.886116
1.0789;-0.989793
1.50551;-0.107643
2.14535;-1.31662
3.12384;-0.176562
4.61558;0.0737177
6.81943;-2.74923
9.79084;-2.3609
12.9579;0.134832
14.6434;0.560206
13.2464;0.887028
9.50201;3.24337
5.52407;3.35112
2.53242;3.8021
0.644464;5.52677
-0.459843;4.9638
-1.13134;5.79812
-1.6333;3.68474
-2.14663;3.15332
-2.80673;-0.201028
-3.73725;0.664222
-5.06577;-1.97214
-6.898;-1.47382
-9.19682;-1.31809
-11.5203;-1.1456
-12.8496;-4.3891
-12.2043;-3.14627
-9.79103;-3.97442
-6.82921;-5.75893
-4.32895;-7.5332
-2.61915;-3.72635
-1.60744;-4.57442
-1.08599;-5.21406
-0.877165;-2.9425
-0.870081;-3.13436
-1.01491;-1.15274
-1.31029;-0.352644
-1.79682;0.270783
-2.55948;-2.47384
-3.73552;-1.87616
-5.51169;-1.24218
-8.05253;2.65102
-11.2121;-1.75281
-13.9498;-1.16757
-14.3618;-3.2112
-11.7318;-4.67456
-7.69594;-3.43194
-4.11401;-3.85479
-1.64893;-5.46364
-0.159504;-7.66388
0.709752;-5.05388
1.27118;-2.05839
1.74539;-0.89826
2.28637;-1.93563
3.01905;-0.123914
4.06798;-0.39239
5.56295;0.627857
7.58964;2.90893
10.0188;0.566844
12.207;3.1157
12.9872;1.96728
11.6359;3.72624
8.82694;1.56039
5.87764;2.86874
3.59077;4.20956
2.11025;6.83459
1.26895;7.68336
0.851219;3.08804
0.694152;0.765691
0.702611;1.04604
0.836852;2.84253
1.0993;1.66688
1.52908;-0.37929
2.20572;0.802773
3.26;-1.04311
4.88146;2.04352
7.27906;-1.21498
10.4612;-0.934361
13.6501;1.85794
14.8955;1.45105
12.8059;1.30922
8.67051;3.3682
4.68838;4.44584
1.84987;1.60543
0.109057;6.30174
-0.908449;5.41549
-1.55749;3.75093
-2.09362;3.03442
-2.69305;1.4186
-3.49173;0.770298
-4.61316;0.142223
-6.16581;-0.306877
-8.17534;-0.0676128
-10.4043;-0.707533
-12.1344;-3.54124
-12.3711;-2.60084
-10.7767;-3.62141
-8.14327;-5.07239
-5.56035;-5.63594
-3.61465;-5.04712
-2.38253;-5.70633
-1.71666;-5.98366
-1.44507;-5.98741
-1.44747;-3.26673
-1.66804;-1.90443
-2.10897;-3.5868
-2.82443;-1.06135
-3.91803;-1.38434
-5.53075;1.35207
-7.77424;-2.72348
-10.5105;-0.609162
-12.9439;-2.56958
-13.615;-3.32885
-11.7598;-2.47514
-8.41494;-3.61082
-5.1584;-4.46177
-2.76807;-7.14834
-1.27258;-5.07776
-0.418738;-4.14784
0.0562835;-4.37518
0.343783;-4.62561
0.566994;-3.52357
0.807291;2.33946
1.13046;0.322995
1.60887;-0.227563
2.3417;-1.42418
3.47422;1.68188
5.20605;1.93206
7.7371;0.399321
11;-0.40269
14.0285;-0.158148
14.779;3.94246
12.2223;2.93715
7.9905;3.09804
4.16301;2.77371
1.51803;3.31812
-0.0811193;6.06789
-1.01866;6.14904
-1.63452;4.39119
-2.16905;3.06953
-2.78942;0.144555
-3.6282;-2.03938
-4.808;-1.11304
-6.43203;-2.30972
-8.50211;-1.64036
-10.7207;-1.44975
-12.2945;-2.53347
-12.2534;-1.88982
-10.4298;-2.17784
-7.73542;-3.94887
-5.21939;-5.69719
-3.37976;-5.56066
-2.241;-4.98156
-1.64207;-3.27692
-1.41526;-5.11539
-1.44926;-0.229222
-1.69683;-3.86385
-2.16747;-1.51291
-2.92211;-1.5941
-4.07069;-1.48494
-5.7572;-1.00298
-8.08105;-2.70657
-10.85;-1.08434
-13.1653;-1.72059
-13.5433;-0.193739
-11.4152;-3.8384
-7.99222;-4.30005
-4.80641;-9.19825
-2.52526;-7.39357
-1.11868;-7.88457
-0.32052;-4.64095
0.126773;-4.54418
0.406487;-2.82295
0.636506;-2.96578
0.896599;-2.75781
1.2546;0.462967
1.78865;0.855643
2.60762;1.75859
3.86928;-1.97389
5.77977;-1.26353
8.50472;0.54279
11.8172;2.79946
14.4472;0.68546
14.3605;-0.0419235
11.205;1.08227
6.97184;4.67077
3.44601;4.20115
1.10638;8.15175
-0.284613;5.88323
-1.10829;4.96931
-1.67619;2.75434
-2.20459;1.28098
-2.84716;-0.611454
-3.73211;-1.9802
-4.9824;0.0443065
-6.69815;-1.08642
-8.85673;-0.804381
-11.0902;-1.10611
-12.5109;-1.45346
-12.1667;-1.31909
-10.077;-2.1871
-7.28804;-3.6635
-4.81384;-4.1247
-3.06369;-5.73644
-2.00659;-5.20083
-1.46317;-5.85646
-1.26577;-4.21296
-1.30821;-1.38682
-1.54758;-3.56887
-1.99553;-0.91192
-2.71336;-1.75609
-3.81207;1.72717
-5.4436;-0.952407
-7.73691;-1.32969
-10.5706;-1.74442
-13.1272;-1.52828
-13.8472;-2.35437
-11.8964;-3.22437
-8.39253;-3.3539
-5.01381;-4.8856
-2.55734;-6.80705
-1.02902;-7.01644
-0.151183;-5.89847
0.355855;-4.95765
0.695329;-2.12698
1.00194;-0.268792
1.37204;0.126697
1.89343;-0.208858
2.67054;-1.65643
3.84361;0.853777
5.58947;0.0717476
8.05114;2.69913
11.0672;-1.11351
13.6538;-0.429082
14.0684;3.11549
11.6398;1.31723
7.83195;2.13344
4.38788;1.75967
1.98166;5.86373
0.516588;6.78761
-0.330356;5.61826
-0.85283;1.7657
-1.25943;3.22483
-1.69319;2.88395
-2.26691;0.879814
-3.09425;-0.4702
-4.30958;-1.56766
-6.06036;-2.01801
-8.42034;-0.778189
-11.1268;-2.89798
-13.205;-1.56866
-13.2544;0.138804
-10.9554;-1.5223
-7.59739;-6.46303
-4.58043;-4.65876
-2.45665;-5.77469
-1.16146;-6.97488
-0.436697;-5.16038
-0.0433631;-4.8321
0.184508;-3.06069
0.350017;0.0541589
0.518231;-2.89194
0.738768;1.78589
1.06392;1.8254
1.56509;-0.975954
2.35103;-2.44133
3.58803;-1.0384
5.50769;4.02953
8.33169;-2.37355
11.9079;1.83014
14.9153;-0.10051
14.9721;-0.543661
11.5327;1.06516
6.88909;4.39932
3.07589;4.46236
0.584942;4.93334
-0.883484;9.30074
-1.76327;2.02345
-2.39811;2.676
-3.02233;1.29401
-3.79794;0.0749204
-4.84839;0.20687
-6.2624;-0.969506
-8.04135;-1.33211
-9.96624;-0.202378
-11.4584;-0.50688
-11.7487;-5.4393
-10.5342;-3.43808
-8.36241;-4.77449
-6.10605;-5.0027
-4.32326;-5.05338
-3.15799;-4.90931
-2.53321;-4.68955
-2.32381;-3.00579
-2.43838;-4.5581
-2.84226;-3.35521
-3.55651;-2.61641
-4.64705;-3.09908
-6.19534;-0.285669
-8.21382;-2.4881
-10.4539;-2.13283
-12.1814;-2.01922
-12.3912;-4.72991
-10.7578;-3.92763
-8.09673;-3.76972
-5.50469;-5.50699
-3.5612;-5.27374
-2.33442;-5.80597
-1.67243;-3.6977
-1.40141;-2.91903
-1.40048;0.209097
-1.6133;-1.82887
-2.04124;-1.74748
-2.73723;-2.70129
-3.80385;-0.612634
-5.38366;-1.13076
-7.59916;-1.40513
-10.3443;-1.07455
-12.8718;-1.53558
-13.7132;-3.11886
-11.9832;-3.24812
-8.63933;-1.84014
-5.30857;-2.95968
-2.83688;-6.24897
-1.28066;-6.35739
-0.387249;-6.3548
0.114213;-4.33536
0.42338;-3.08081
0.670335;-0.0855517
0.942459;-2.61945
1.31202;0.881937
1.85976;-0.765902
2.69595;-0.716889
3.97801;-0.0180881
5.90712;-0.527603
8.63196;1.70262
11.8899;-3.04615
14.3886;0.249083
14.1751;1.98337
11.0143;1.72927
6.86893;4.02493
3.43767;5.97002
1.16408;4.97125
-0.187062;7.08991
-0.985358;4.96106
-1.53206;3.27429
-2.03625;2.26077
-2.647;-1.1214
-3.49034;0.276671
-4.6919;-2.32135
-6.36642;0.18137
-8.53105;-0.434677
-10.8853;-1.77535
-12.5721;-2.34487
-12.5135;-0.0767114
-10.5306;-4.29527
-7.6481;-4.97623
-5.00156;-6.03687
-3.09435;-8.87662
-1.92193;-7.19039
-1.29541;-5.91255
-1.02793;-5.05375
-0.994359;-3.23734
-1.13392;-0.717841
-1.43896;-1.50943
-1.94746;-0.860852
-2.74374;0.493196
-3.9636;-1.65716
-5.7852;-0.987847
-8.34251;-1.6869
-11.4188;1.14921
-13.9069;-2.43216
-14.02;-0.718995
-11.303;-2.8943
-7.40611;-2.64651
-4.01819;-6.7667
-1.70327;-8.37353
-0.309202;-6.41698
0.499718;-4.6627
1.01413;-1.8782
1.438;-3.33411
1.91306;0.565063
2.55495;-1.34701
3.48307;-1.06755
4.83513;-1.15351
6.74321;0.33433
9.20684;1.03418
11.7845;0.807516
13.3269;0.776032
12.6451;2.52956
9.95397;3.62018
6.68473;2.86302
3.97597;3.15982
2.15248;5.26558
1.07358;5.581
0.488002;1.58546
0.186822;2.32746
0.0331049;1.2887
-0.0528184;0.879153
-0.11526;-0.220758
-0.18052;-0.586739
-0.26863;-0.722508
-0.401676;0.862629
-0.611363;1.31807
-0.948472;1.75639
-1.49703;3.05157
-2.39598;-1.42177
-3.86713;-0.901918
-6.22352;-0.0528673
-9.7282;-1.50534
-13.9318;1.152
-16.5202;-2.26081
-14.7107;-0.860871
-9.6022;-1.06389
-4.48456;-4.30887
-0.889937;-7.4148
1.25853;-6.05899
2.4888;-6.64786
3.2742;-3.10522
3.93708;-2.40157
4.6772;-1.06381
5.61136;1.04459
6.78528;-0.0655085
8.14383;-0.2845
9.47077;4.64727
10.3736;0.666079
10.4471;2.58903
9.5892;3.73015
8.12516;1.90479
6.55882;6.57194
5.26417;5.98123
4.39513;4.19083
3.95788;4.32905
3.90618;4.43365
4.1996;1.77055
4.82356;0.977842
5.78108;-0.398069
7.05649;2.53035
8.54272;0.0128065
9.94749;-1.05549
10.7848;2.23194
10.6179;1.75821
9.4429;3.7762
7.73073;1.56653
6.04997;5.48559
4.74885;10.0057
3.9278;6.03734
3.55336;2.69493
3.56138;3.81248
3.90965;1.82458
4.59178;0.469224
5.62539;1.52541
7.01192;2.53118
8.65228;2.05424
10.2268;-0.523115
11.1666;-0.879134
10.947;0.388986
9.57636;4.52922
7.63436;0.811988
5.77924;4.92059
4.37784;3.91892
3.50746;5.486
3.1056;0.529228
3.08782;3.89301
3.40246;2.68341
4.04411;0.334135
5.04475;0.851332
6.44152;-0.264055
8.19893;-0.652448
10.0647;-0.137562
11.4451;3.04074
11.6098;3.52822
10.3311;1.9324
8.18369;2.4489
6.00157;3.93212
4.29761;3.63313
3.19578;5.00429
2.61886;3.23695
2.44916;4.13074
2.60373;0.982352
3.05519;1.86266
3.82966;0.45575
4.99326;0.720292
6.61441;0.442671
8.66241;0.351243
10.804;1.75319
12.2372;-0.573725
12.0597;2.32314
10.1973;1.67493
7.56463;3.75839
5.14625;3.3254
3.39281;4.85253
2.31698;4.45536
1.76437;8.17999
1.57848;0.763661
1.65879;-1.13553
1.96809;-0.109314
2.52616;-1.7764
3.40452;2.24213
4.71962;2.43543
6.59992;-2.07762
9.06036;1.51617
11.6939;0.240413
13.3662;0.517609
12.8156;-0.360121
10.1591;2.23575
6.83551;2.45475
4.04777;2.63877
2.15901;7.69277
1.03528;2.94758
0.418894;5.21242
0.0922149;4.20675
-0.0894944;-0.368018
-0.213093;-1.9713
-0.331037;-0.420537
-0.480909;-0.615811
-0.700152;-2.10497
-1.03883;-0.0144985
-1.57395;-0.133545
-2.42841;-2.11509
-3.79356;-0.770806
-5.93438;0.412453
-9.07968;-0.364943
-12.9237;-1.12685
-15.6866;-2.23424
-14.8059;0.953432
-10.5314;-0.933073
-5.67365;-4.4679
-2.01069;-5.74661
0.27187;-9.12141
1.59706;-7.17592
2.41855;-5.43893
3.06797;-6.45901
3.76389;-1.92482
4.65232;-0.623696
5.82992;-0.269189
7.32541;2.19006
9.02111;-0.104204
10.5416;0.341917
11.2794;1.72723
10.7778;1.43962
9.19506;4.28809
7.19232;0.950515
5.39331;3.40075
4.0941;5.04333
3.32515;5.50288
3.00768;4.66498
3.05884;2.83595
3.43544;2.76522
4.14154;3.46703
5.21609;2.70793
6.69511;1.30448
8.52205;1.5646
10.3905;2.12538
11.6407;0.444474
11.5552;3.46567
10.0412;4.52796
7.79062;6.77874
5.63101;3.47064
4.00724;4.41887
2.99051;3.92792
2.48212;4.5184
2.36246;3.22388
2.55454;3.58837
3.03869;-1.97838
3.84867;2.84596
5.05728;-1.13952
6.73618;-2.2678
8.84571;1.80321
11.0165;1.91597
12.3898;1.8465
12.058;0.122958
10.0382;3.05534
7.3278;3.28907
4.90757;5.61653
3.18607;4.44491
2.14435;6.03669
1.61435;4.68417
1.43635;2.71738
1.51009;0.800151
1.79851;1.41146
2.32042;0.534186
3.14581;-2.04256
4.39233;1.75844
6.2024;1.77061
8.63925;-0.577153
11.3958;-0.610437
13.4082;-1.12717
13.2472;3.56626
10.7336;1.9862
7.28569;2.90004
4.28379;5.46749
2.21093;7.28162
0.960155;6.09406
0.258925;2.61241
-0.133651;3.96629
-0.38316;3.05206
-0.594783;2.62474
-0.840371;0.709405
-1.18293;0.0276859
-1.69737;-1.12487
-2.4902;0.353788
-3.71838;-0.501942
-5.59261;0.727901
-8.29959;-2.13883
-11.6659;-0.135541
-14.4753;-1.40941
-14.6034;-0.84577
-11.5035;-2.29461
-7.16962;-4.41265
-3.51198;-5.94547
-1.07382;-8.08901
0.377649;-5.82523
1.2375;-6.20069
1.83107;-4.43212
2.38424;-1.89825
3.05628;-2.87417
3.97701;0.489676
5.26473;1.7131
7.00172;-0.216785
9.12461;-0.191809
11.2101;-0.433078
12.3732;0.395692
11.8035;-0.198994
9.67329;3.85678
7.00666;5.04077
4.70158;7.5696
3.09459;5.06673
2.14094;5.70976
1.67478;6.25702
1.54786;0.892317
1.67233;2.82856
2.02266;1.77729
2.62893;-0.138562
3.5721;0.576448
4.97584;-0.178267
6.96482;-0.103209
9.51325;0.749477
12.1034;0.155781
13.4863;2.59892
12.5174;-1.10064
9.6137;2.62173
6.29683;6.51878
3.6397;4.70237
1.88791;5.83396
0.862646;8.47306
0.303263;2.76565
0.00190292;2.30673
-0.17681;1.02531
-0.31469;-2.55292
-0.463929;-0.751682
-0.666635;0.573274
-0.970323;-0.452423
-1.44267;0.421022
-2.18899;-0.14018
-3.37341;-3.37152
-5.23184;-1.43768
-8.01384;-0.371281
-11.6501;0.18347
-14.9256;-2.66934
-15.3378;-0.920176
-12.0016;-1.87303
-7.19935;-4.76306
-3.17813;-5.21825
-0.535414;-6.908
1.0222;-6.32445
1.95025;-4.2763
2.61267;-2.57991
3.25626;-0.73391
4.04754;0.588439
5.10632;-0.29078
6.50723;0.186225
8.22512;2.03267
10.0126;-0.481701
11.3036;0.922197
11.4261;3.1722
10.1901;3.41034
8.13946;3.50352
6.05339;2.77967
4.41798;3.50032
3.35908;3.00334
2.81166;4.37046
2.66972;2.50639
2.85873;2.23272
3.35653;3.74077
4.19076;2.32477
5.42114;-0.188434
7.09108;0.162082
9.11025;-0.0595205
11.058;1.03758
12.1149;-0.0653503
11.5628;3.09089
9.56982;5.25532
7.06446;1.89491
4.87725;5.65619
3.33901;4.52434
2.42617;6.41337
1.9951;4.84587
1.91406;3.49713
2.10761;0.653352
2.56147;2.16561
3.31682;2.57964
4.46143;1.62159
6.10396;-0.793091
8.28545;-1.79883
10.7539;2.78253
12.6692;4.06177
12.8379;0.41084
10.9111;2.8246
7.91081;6.25886
5.09295;5.78989
3.04221;4.31554
1.76952;5.1713
1.07111;5.38515
0.739519;2.2849
0.630651;1.41104
0.665666;0.584509
0.816058;-1.02608
1.09169;2.12945
1.53734;0.235812
2.23834;-1.03433
3.3329;-0.130029
5.01962;1.07587
7.51138;-0.673337
10.7871;1.40418
13.9581;1.47803
14.9582;2.47898
12.5467;2.88015
8.26506;2.50889
4.30785;5.55682
1.54953;6.88943
-0.123324;5.76273
-1.10364;4.11649
-1.74511;3.56538
-2.29864;0.0954598
-2.93763;0.624267
-3.79695;-0.18484
-4.99664;-2.26139
-6.629;-0.349052
-8.67146;0.215917
-10.7934;-0.105151
-12.2012;-1.4829
-12.0116;-2.72756
-10.161;-3.58516
-7.5537;-4.29059
-5.1591;-3.91537
-3.42215;-7.91382
-2.35692;-5.71487
-1.81238;-3.34145
-1.63514;-2.06632
-1.72719;-3.49662
-2.05354;-0.360015
-2.63637;-1.63978
-3.54941;-0.150265
-4.90927;0.286495
-6.83631;-2.8653
-9.31523;1.54647
-11.8767;-1.47689
-13.3468;-1.20926
-12.5675;-3.52023
-9.82302;-2.28718
-6.56039;-6.09768
-3.88592;-5.42359
-2.09692;-6.76556
-1.04282;-6.49291
-0.472348;-3.50423
-0.179431;-3.95909
-0.0298893;-3.13129
0.0540715;-3.80861
0.115681;0.00237284
0.180691;-0.830964
0.268907;-0.340658
0.402383;1.8933
0.612943;-0.0483459
0.951658;-2.56675
1.50309;-0.433556
2.4071;2.24742
3.88688;-1.06737
6.25679;-0.119036
9.7778;0.788132
13.9851;0.688942
16.5365;1.79075
14.6674;-0.662978
9.53314;-0.982191
4.42438;3.34414
0.847408;7.39207
-1.28727;7.55515
-2.50969;5.32068
-3.29193;6.5294
-3.95465;1.73514
-4.69633;2.03559
-5.63262;-1.21968
-6.80774;-3.99016
-8.16438;-1.61585
-9.48381;-3.21835
-10.3731;-1.93043
-10.4314;-3.28596
-9.56395;-5.09658
-8.09976;-5.0578
-6.54023;-3.63556
-5.2549;-4.72318
-4.39469;-3.33185
-3.96487;-2.96244
-3.91943;-5.33782
-4.21854;-4.16373
-4.84797;-1.77996
-5.81046;-3.75992
-7.08876;-3.83602
-8.57255;-2.75739
-9.9656;-3.45729
-10.7816;-2.87552
-10.5922;-3.09586
-9.40471;-3.35213
-7.69428;-3.3501
-6.02435;-3.56515
-4.73648;-3.7979
-3.92737;-5.95045
-3.56279;-4.78624
-3.57925;-4.85968
-3.93552;-3.09904
-4.62588;-1.2123
-5.66766;-2.93143
-7.06008;-1.82659
-8.69888;-4.59661
-10.2573;-2.51563
-11.1646;-3.26915
-10.9089;-5.5363
-9.51825;-2.92001
-7.57865;-3.00873
-5.73978;-4.30188
-4.35778;-4.9741
-3.50445;-3.47137
-3.11632;-4.47833
-3.11019;-5.34354
-3.43609;-1.15677
-4.08997;-1.84437
-5.10415;-2.00016
-6.51376;-2.13436
-8.27661;-2.40463
-10.1279;-3.6323
-11.4638;-3.23696
-11.5662;-3.08489
-10.2431;-3.72661
-8.0897;-3.69162
-5.92959;-5.32275
-4.25597;-5.7654
-3.18127;-7.04915
-2.62553;-6.37567
-2.47274;-3.20136
-2.64286;-2.41014
-3.11129;-3.30269
-3.90632;-2.31593
-5.09453;-2.74459
-6.7405;-1.96747
-8.79972;-1.55822
-10.912;-4.23818
-12.2556;-1.36307
-11.9618;-2.26779
-10.0306;-2.08295
-7.40305;-2.94417
-5.03141;-4.02214
-3.3303;-6.75797
-2.29655;-5.61899
-1.77446;-4.24946
-1.61185;-6.07128
-1.71352;-2.49206
-2.04722;-0.455946
-2.63738;-0.974083
-3.55983;-0.903488
-4.93314;-0.436648
-6.87861;-2.15116
-9.37721;-0.988042
-11.9447;-0.887646
-13.3854;-2.23128
-12.5475;-0.906711
-9.75609;-4.03016
-6.47963;-5.64199
-3.81291;-4.44698
-2.03705;-6.0734
-0.993076;-7.03754
-0.427197;-3.03885
-0.133159;-2.50369
0.0232301;-1.19792
0.120569;-1.05064
0.204228;-1.70608
0.304045;-1.84617
0.446863;0.253003
0.666502;-0.44726
1.01426;-1.06609
1.57312;-2.35411
2.47833;0.619638
3.94267;-1.29663
6.25993;0.180482
9.66273;-1.73602
13.6996;-1.3621
16.199;0.39951
14.5584;3.6223
9.71904;2.01611
4.7651;1.76652
1.22853;4.94868
-0.910124;4.79729
-2.14341;5.56219
-2.93059;3.7114
