0.261398 0.000351537 0.260969 0.000330279
0.159845 0.0131946 0.159565 0.0133349
0.151151 0.00705163 0.150811 0.00716427
0.147257 0.0101191 0.146885 0.0102296
0.142215 0.00784207 0.141784 0.00794002
0.144482 0.00679272 0.144136 0.00685187
0.151427 0.01051 0.151158 0.0105468
0.153304 0.00911993 0.15301 0.00914009
0.169583 0.014975 0.16927 0.0149691
0.174021 0.008392 0.17369 0.00837841
0.184224 0.00445363 0.183886 0.00446488
0.186848 0.00429661 0.186514 0.00428999
0.188233 0.0033603 0.187902 0.00336105
0.191155 0.00296615 0.190859 0.00296947
0.192416 0.00414338 0.192127 0.00416543
0.195367 0.00466145 0.1951 0.00468204
0.202904 0.00895645 0.202661 0.00898303
0.201122 0.00575713 0.200858 0.00577598
0.205374 0.00450148 0.205113 0.00451052
0.205779 0.00467492 0.205511 0.00467338
0.209733 0.00605638 0.209472 0.00607398
0.210456 0.0034807 0.210176 0.00348711
0.219404 0.0106798 0.219125 0.0106922
0.224265 0.00941081 0.223994 0.0094249
0.223048 0.0120911 0.222766 0.0121005
0.22795 0.00567891 0.227667 0.00568263
0.242723 0.00983628 0.242451 0.0098437
0.242311 0.0135544 0.242033 0.0135571
0.246479 0.00525699 0.246215 0.00526445
0.25067 0.0118702 0.250408 0.0118785
0.257286 0.0105955 0.25702 0.0106022
0.26133 0.0119001 0.261072 0.0119214
0.266814 0.00994449 0.266554 0.00994926
0.271822 0.00693479 0.271565 0.00693847
0.280579 0.0066289 0.280314 0.00663371
0.277612 0.00900596 0.27735 0.00901447
0.278119 0.00908205 0.27786 0.00908761
0.277682 0.00614363 0.277416 0.00614859
0.280566 0.00494448 0.280302 0.00495166
0.287653 0.0106316 0.287407 0.0106566
0.282038 0.00498915 0.281771 0.00499246
0.289724 0.00826208 0.289474 0.00828006
0.28799 0.00563835 0.287736 0.00565711
0.286514 0.00412375 0.28625 0.00412677
0.288563 0.0049562 0.288305 0.0049713
0.28678 0.0042115 0.286514 0.00421715
0.287512 0.00859238 0.287253 0.00860757
0.288449 0.00650549 0.288188 0.0065233
0.289142 0.00586627 0.288881 0.00588081
0.290738 0.00648002 0.29048 0.00649559
0.288978 0.00479428 0.288719 0.00480341
0.286889 0.0041803 0.286625 0.00419463
0.291037 0.00661296 0.290781 0.00662597
0.29391 0.00866675 0.293659 0.00868109
0.291522 0.00825569 0.291266 0.00827302
0.293429 0.00814854 0.293176 0.00816025
0.289728 0.00468702 0.289465 0.00469149
0.288661 0.00626584 0.288402 0.00628663
0.288303 0.00510203 0.288038 0.00511314
0.289676 0.00542369 0.289414 0.00543389
0.288636 0.00580928 0.288376 0.00582927
0.290483 0.00713878 0.290225 0.00714848
0.288109 0.00468063 0.287846 0.00469405
0.28882 0.0042274 0.288557 0.00423574
0.291361 0.00533878 0.291106 0.00535185
0.290353 0.00535691 0.290089 0.0053632
0.291099 0.00452079 0.290844 0.0045247
0.288122 0.0031589 0.287858 0.00316318
0.294267 0.0105632 0.294022 0.0105941
0.294518 0.00989447 0.294271 0.00992196
0.288927 0.00851155 0.288666 0.00853812
0.288813 0.00409784 0.28855 0.00411264
0.288834 0.0059942 0.288574 0.00601423
0.291482 0.00746946 0.291228 0.00749692
0.290236 0.00969574 0.289977 0.0097111
0.289001 0.00481662 0.288735 0.00482178
0.290324 0.00531391 0.290069 0.0053301
0.291166 0.00740065 0.290908 0.00741352
0.292738 0.00894749 0.292488 0.00896194
0.290276 0.00818441 0.290022 0.00820892
0.291219 0.00955431 0.290962 0.00958254
0.291091 0.00739188 0.290837 0.00740571
0.292747 0.00879891 0.292497 0.00882766
0.289063 0.00476635 0.288801 0.00477214
0.287902 0.00250736 0.28764 0.00251006
0.289927 0.00513033 0.289674 0.00514721
0.289482 0.00841902 0.289223 0.00843142
0.287604 0.00267106 0.287344 0.00268172
0.289837 0.00373061 0.289578 0.0037397
0.290441 0.0067697 0.290177 0.00677641
0.290696 0.00617128 0.290445 0.00618969
0.292813 0.00711924 0.292569 0.0071444
0.295822 0.00671316 0.295578 0.00672527
0.294931 0.00741893 0.294696 0.00744879
0.287204 0.00204304 0.286936 0.00204338
0.292098 0.00634151 0.291839 0.00634812
0.293911 0.0175491 0.293675 0.0175984
0.300235 0.0115548 0.300004 0.0115625
0.288757 0.00251988 0.288498 0.00253216
0.291125 0.00691019 0.290869 0.00693369
