1.25829;1.1682
1.27593;1.17845
1.29025;1.19468
1.29817;1.21453
1.29592;1.23472
1.28;1.25161
1.24925;1.26135
1.20579;1.25959
1.15378;1.24079
1.0974;1.199
1.0398;1.13257
0.98297;1.0497
0.927917;0.965229
0.874955;0.890595
0.823995;0.8295
0.774802;0.780588
0.727204;0.740796
0.681203;0.707012
0.637001;0.676677
0.594969;0.648042
0.555631;0.620298
0.519702;0.593507
0.488212;0.568329
0.462681;0.545662
0.445327;0.5264
0.439203;0.511453
0.447976;0.502017
0.474884;0.499959
0.520804;0.508179
0.582643;0.530839
0.653806;0.573166
0.726637;0.639869
0.794787;0.731148
0.854186;0.837948
0.902856;0.942358
0.940314;1.02635
0.967002;1.08114
0.98389;1.10811
0.992233;1.11369
0.993464;1.10467
0.989185;1.08638
0.981233;1.06252
0.971785;1.03564
0.963466;1.00761
0.959328;0.980117
0.962525;0.954962
0.975597;0.934426
0.999498;0.921493
1.03261;0.919891
1.07013;0.933573
1.10493;0.965249
1.13053;1.01431
1.14407;1.07512
1.14664;1.13631
1.14145;1.18177
1.13221;1.19703
1.12213;1.17985
1.11367;1.1424
1.10837;1.10085
1.10685;1.06618
1.10873;1.04298
1.11267;1.03195
1.11645;1.03186
1.11704;1.04038
1.11079;1.0542
1.09416;1.06913
1.06542;1.08032
1.02619;1.08257
0.980788;1.07036
0.933979;1.03844
0.889498;0.98455
0.849718;0.914643
0.815823;0.843311
0.788015;0.784676
0.765689;0.744406
0.747646;0.721204
0.732391;0.711348
0.718493;0.710839
0.704936;0.715748
0.691389;0.722265
0.678379;0.727057
0.667415;0.72782
0.661114;0.723785
0.663166;0.715915
0.677617;0.706755
0.707044;0.700133
0.750493;0.701052
0.803336;0.715764
0.859567;0.751076
0.914307;0.811125
0.964739;0.891682
1.00976;0.977897
1.04928;1.05201
1.08361;1.10466
1.11317;1.13721
1.13829;1.15602
1.15926;1.16708
1.17635;1.1742
1.19002;1.17915
1.20103;1.18242
1.21061;1.1839
1.22055;1.18345
1.23276;1.18129
1.2484;1.17831
1.26632;1.17633
1.28214;1.17821
1.28936;1.18734
1.28255;1.20592
1.26001;1.23169
1.22356;1.25481
1.17677;1.2591
1.12336;1.23098
1.06648;1.17041
1.00856;1.09056
0.951343;1.00689
0.896036;0.929213
0.843376;0.86136
0.793693;0.803795
0.746925;0.755651
0.702663;0.715691
0.660324;0.682621
0.619475;0.655101
0.580193;0.631647
0.543189;0.610557
0.509668;0.590065
0.481178;0.568967
0.459678;0.547527
0.44775;0.527819
0.44874;0.512856
0.46633;0.50539
0.503047;0.507771
0.558029;0.52282
0.62598;0.554643
0.698947;0.608344
0.769503;0.687521
0.832653;0.789027
0.885887;0.898614
0.928397;0.995182
0.960316;1.06332
0.982276;1.10069
0.995231;1.11389
1.0004;1.11104
0.99924;1.09811
0.993454;1.07862
0.98503;1.05474
0.976345;1.02824
0.970235;1.00096
0.969871;0.974847
0.978246;0.952097
0.997224;0.935343
1.02642;0.927898
1.06231;0.933688
1.09841;0.95639
1.12751;0.997465
1.14503;1.05378
1.1505;1.11611
1.1464;1.16944
1.13638;1.19727
1.12398;1.19147
1.11208;1.15892
1.10271;1.11532
1.097;1.07428
1.09507;1.04313
1.09609;1.02417
1.09825;1.01703
1.0988;1.01992
1.09425;1.03004
1.08089;1.04364
1.05614;1.05613
1.02036;1.06224
0.977018;1.0563
0.930838;1.03262
0.885965;0.987454
0.845289;0.923472
0.810507;0.852627
0.782302;0.790081
0.760474;0.744613
0.74409;0.717068
0.731718;0.704576
0.721766;0.703507
0.71286;0.710141
0.704203;0.720652
0.695843;0.731307
0.688859;0.739021
0.685514;0.741995
0.689234;0.740157
0.70401;0.735276
0.73269;0.730801
0.774813;0.731661
0.826139;0.744161
0.88076;0.775344
0.933751;0.83017
0.982286;0.905951
1.02536;0.989089
1.06304;1.06161
1.09586;1.11302
1.12439;1.14403
1.14914;1.16111
1.17045;1.17073
1.18862;1.17712
1.20398;1.1823
1.21713;1.18688
1.22902;1.19069
1.24104;1.19343
1.25471;1.195
1.27061;1.19587
1.28699;1.19734
1.29894;1.20168
1.30014;1.21167
1.28633;1.22888
1.2572;1.25029
1.21545;1.26512
1.1648;1.25723
1.10876;1.21596
1.0501;1.14591
0.990905;1.06242
0.932646;0.979564
0.876329;0.904617
0.822579;0.839627
0.771685;0.784226
0.723637;0.737312
0.678167;0.697694
0.634899;0.664236
0.593619;0.635822
0.554549;0.611257
0.518437;0.58922
0.486455;0.568408
0.460146;0.54804
0.441561;0.52856
0.433495;0.511841
0.439531;0.500451
0.46335;0.496824
0.506861;0.503391
0.567877;0.523428
0.63973;0.561636
0.713885;0.623375
0.783214;0.711283
0.84342;0.819315
0.892673;0.929591
0.930693;1.02002
0.958004;1.07804
0.975536;1.10501
0.98446;1.10945
0.986149;1.0998
0.982164;1.08172
0.974289;1.05848
0.964611;1.0321
0.955636;1.00422
0.950341;0.976554
0.951965;0.950956
0.963353;0.929618
0.985886;0.915299
1.01837;0.911528
1.05635;0.922371
1.09287;0.951246
1.12131;0.998621
1.13834;1.05967
1.14449;1.12329
1.14261;1.17332
1.13623;1.19481
1.12859;1.18415
1.12218;1.15184
1.11863;1.11339
1.11865;1.08015
1.122;1.05745
1.12751;1.04655
1.13315;1.04652
1.13611;1.05516
1.1328;1.06934
1.11943;1.08508
1.09362;1.09785
1.05626;1.10272
1.01133;1.09433
0.963747;1.06696
0.917492;1.01684
0.875161;0.94774
0.838096;0.873432
0.806618;0.809456
0.780239;0.76331
0.757885;0.73452
0.738186;0.719432
0.719816;0.713934
0.701813;0.714056
0.683823;0.716061
0.666238;0.716729
0.65031;0.713837
0.638279;0.70659
0.633478;0.69578
0.639995;0.683611
0.661363;0.673387
0.698436;0.669416
0.748158;0.677221
0.804803;0.703435
0.862625;0.753817
0.917601;0.828417
0.967637;0.916971
1.01198;1.00175
1.05059;1.0684
1.08367;1.11321
1.11147;1.1405
1.13424;1.15652
1.15225;1.166
1.16593;1.17155
1.17601;1.1742
1.18368;1.17417
1.19074;1.17147
1.19943;1.16636
1.21187;1.15972
1.22889;1.15325
1.24863;1.14971
1.26596;1.15274
1.27407;1.16593
1.26775;1.19046
1.24566;1.22186
1.2099;1.24805
1.16415;1.25222
1.1122;1.22233
1.05723;1.16052
1.00166;1.08093
0.94725;0.998776
0.895137;0.923431
0.845965;0.858482
0.799881;0.804277
0.756552;0.75985
0.715244;0.723837
0.675107;0.69475
0.635639;0.670954
0.597072;0.65051
0.56039;0.631148
0.527071;0.610662
0.49889;0.587928
0.477985;0.56397
0.467065;0.541892
0.469459;0.525401
0.488547;0.517443
0.526225;0.520329
0.58099;0.536826
0.647458;0.570887
0.718287;0.627045
0.786875;0.707555
0.84879;0.807543
0.901696;0.912339
0.944669;1.00306
0.977587;1.06744
1.00082;1.1045
1.01513;1.12008
1.02163;1.12089
1.02175;1.11164
1.01722;1.09516
1.01009;1.07342
1.00281;1.04833
0.998255;1.02199
0.999518;0.996654
1.00937;0.974744
1.02932;0.959084
1.05853;0.953079
1.09299;0.960548
1.12588;0.984722
1.15001;1.02631
1.16122;1.08136
1.15958;1.13999
1.14805;1.1867
1.13057;1.20525
1.11083;1.18892
1.09177;1.14634
1.07547;1.09418
1.06304;1.04613
1.05465;1.0091
1.04941;0.984992
1.04536;0.973147
1.0396;0.97165
1.02863;0.97767
1.00917;0.98739
0.979656;0.99595
0.941406;0.997662
0.898159;0.986562
0.854279;0.957593
0.813442;0.909249
0.778288;0.847188
0.7505;0.78407
0.730871;0.732435
0.719302;0.698167
0.714843;0.681229
0.715911;0.679318
0.720656;0.689663
0.727432;0.709085
0.735229;0.733765
0.744047;0.759524
0.755132;0.782639
0.770968;0.800772
0.794695;0.813605
0.828519;0.823061
0.87173;0.833222
0.920341;0.849986
0.969179;0.880091
1.0143;0.928354
1.05387;0.992608
1.08777;1.06071
1.11683;1.11686
1.14222;1.15283
1.16502;1.1708
1.18601;1.17783
1.2057;1.18053
1.22432;1.18322
1.242;1.18795
1.25889;1.19513
1.27518;1.20421
1.29091;1.21428
1.3054;1.22457
1.31615;1.23473
1.31845;1.2449
1.30733;1.25538
1.28077;1.26571
1.24059;1.27237
1.19059;1.26627
1.13459;1.23495
1.07556;1.17333
1.01554;1.09138
0.955882;1.00572
0.897465;0.927435
0.84088;0.859869
0.786524;0.802217
0.734647;0.75259
0.685387;0.709314
0.638796;0.671223
0.594906;0.637555
0.553854;0.607768
0.516038;0.581398
0.482234;0.557995
0.453648;0.537173
0.432013;0.518796
0.41978;0.5033
0.42025;0.491938
0.437239;0.486672
0.473697;0.489954
0.529357;0.504938
0.599175;0.535994
0.674725;0.588563
0.747671;0.667035
0.812252;0.769681
0.865632;0.8833
0.907086;0.985583
0.937076;1.05791
0.95664;1.09568
0.967069;1.10562
0.969789;1.0974
0.96635;1.07865
0.958466;1.05409
0.948095;1.02646
0.937568;0.997495
0.929683;0.968658
0.927638;0.941514
0.934578;0.917958
0.952674;0.900427
0.981992;0.892115
1.01955;0.896953
1.05934;0.918864
1.09428;0.959888
1.11951;1.0177
1.13405;1.08397
1.13987;1.14445
1.14021;1.18276
1.1383;1.18958
1.13678;1.17004
1.13745;1.13863
1.14122;1.10856
1.14808;1.08711
1.15717;1.07673
1.1669;1.07709
1.17502;1.08631
1.17855;1.10148
1.17372;1.11898
1.15686;1.13479
1.12656;1.14484
1.0852;1.14478
1.03758;1.12933
0.988432;1.09251
0.941128;1.03186
0.897562;0.955287
0.858437;0.879651
0.823568;0.818524
0.79216;0.775471
0.763117;0.747696
0.735353;0.730728
0.708071;0.720238
0.680945;0.712416
0.654184;0.704152
0.628556;0.693364
0.605467;0.679279
0.587134;0.66248
0.576747;0.644623
0.57823;0.628023
0.595172;0.61546
0.628963;0.610446
0.677389;0.61774
0.735254;0.643344
0.796629;0.692755
0.856761;0.76688
0.912633;0.857667
0.962635;0.949155
1.00602;1.0261
1.0425;1.08194
1.07204;1.11843
1.0948;1.14057
1.11117;1.15277
1.12182;1.15779
1.12778;1.15706
1.13055;1.15139
1.13221;1.14153
1.13538;1.12853
1.1428;1.11391
1.15653;1.09984
1.17679;1.08933
1.20092;1.08623
1.22318;1.09462
1.2364;1.11715
1.23518;1.15268
1.2182;1.19415
1.18771;1.22815
1.14766;1.23807
1.10204;1.21269
1.05422;1.15485
1.00672;1.07934
0.961266;1.00211
0.918908;0.933017
0.879997;0.875728
0.844155;0.830385
0.810272;0.795715
0.776746;0.76998
0.742055;0.751139
0.705502;0.736636
0.667662;0.723176
0.630193;0.706959
0.595283;0.684799
0.56526;0.655929
0.542569;0.623201
0.529906;0.592179
0.530138;0.568434
0.545713;0.555592
0.577541;0.55574
0.62399;0.570895
0.680984;0.603707
0.743338;0.65661
0.806315;0.729372
0.866408;0.816288
0.92129;0.906074
0.969393;0.986414
1.00957;1.04976
1.0411;1.09505
1.06379;1.12501
1.07817;1.14274
1.08536;1.15004
1.08702;1.14759
1.08523;1.13626
1.08243;1.11797
1.08139;1.09564
1.08487;1.07251
1.09517;1.05178
1.11338;1.03669
1.1385;1.0306
1.16674;1.03675
1.19163;1.05738
1.20601;1.0923
1.20528;1.1375
1.18921;1.18405
1.16103;1.21803
1.12527;1.22395
1.08617;1.19355
1.04704;1.13327
1.01018;1.06016
0.976924;0.990369
0.947712;0.932664
0.922023;0.889354
0.89841;0.859434
0.874692;0.840666
0.848463;0.830263
0.817926;0.824817
0.782731;0.820104
0.744278;0.811269
0.705189;0.793739
0.668463;0.764875
0.636984;0.725838
0.613451;0.68227
0.600378;0.64228
0.599844;0.612722
0.61291;0.597243
0.639053;0.597316
0.676108;0.613928
0.720918;0.647884
0.770277;0.698633
0.821623;0.762647
0.873218;0.833113
0.923875;0.902031
0.972429;0.963461
1.01729;1.01529
1.05652;1.05857
1.08848;1.09553
1.11248;1.12761
1.12895;1.15405
1.13924;1.17195
1.14536;1.17844
1.14969;1.17336
1.15475;1.15982
1.16279;1.14243
1.17535;1.1258
1.19282;1.11395
1.21397;1.11022
1.23571;1.11698
1.25321;1.13497
1.26085;1.16259
1.25411;1.1955
1.23146;1.2265
1.19487;1.24581
1.14855;1.24281
1.09706;1.21002
1.04413;1.14805
0.992365;1.06745
0.943297;0.983671
0.897542;0.908978
0.85495;0.8486
0.814759;0.802423
0.775862;0.768
0.737193;0.742252
0.698127;0.721954
0.658748;0.703816
0.61985;0.684758
0.582753;0.662532
0.549112;0.636492
0.520887;0.607976
0.500492;0.579901
0.490922;0.555708
0.495546;0.538408
0.51717;0.530434
0.556444;0.534272
0.610713;0.553226
0.674607;0.591485
0.742002;0.652608
0.807737;0.735987
0.868199;0.833245
0.921113;0.929412
0.965153;1.01032
0.999701;1.06933
1.02475;1.10719
1.04083;1.12775
1.04898;1.1347
1.05061;1.13069
1.04751;1.11783
1.04187;1.09829
1.03628;1.07449
1.03371;1.04894
1.03713;1.02422
1.04892;1.00309
1.06995;0.988715
1.09873;0.984745
1.13075;0.994822
1.15892;1.02129
1.17623;1.0634
1.17902;1.11595
1.16807;1.16844
1.14696;1.2055
1.12003;1.21176
1.09112;1.18204
1.06319;1.12678
1.03829;1.06393
1.01749;1.00741
1.0009;0.963551
0.987528;0.933531
0.975327;0.916191
0.9614;0.909369
0.942596;0.910124
0.916529;0.91451
0.882767;0.917448
0.843294;0.913104
0.801663;0.89596
0.761651;0.862673
0.726483;0.814587
0.698703;0.759276
0.680195;0.707977
0.672064;0.66969
0.674411;0.648088
0.686229;0.643233
0.705623;0.65406
0.730327;0.67906
0.758321;0.715683
0.78833;0.759805
0.820106;0.806198
0.854386;0.849993
0.892335;0.888231
0.93436;0.920611
0.978936;0.949352
1.02276;0.978484
1.06239;1.01254
1.09575;1.05408
1.12251;1.10043
1.14363;1.14283
1.16082;1.17182
1.17596;1.18438
1.19075;1.18439
1.2064;1.17838
1.22342;1.17212
1.24161;1.16967
1.26013;1.17324
1.27763;1.18333
1.29221;1.19887
1.30118;1.21755
1.30094;1.23642
1.28773;1.25232
1.25969;1.26213
1.21829;1.26218
1.16745;1.2473
1.11141;1.21093
1.05352;1.1494
0.995954;1.06867
0.939852;0.983234
0.885665;0.905898
0.833419;0.841703
0.782985;0.789899
0.734268;0.747572
0.687306;0.711631
0.642292;0.679546
0.599546;0.649619
0.559507;0.621063
0.522784;0.593888
0.490278;0.568611
0.463349;0.54593
0.444019;0.52653
0.435136;0.511134
0.440284;0.500766
0.462988;0.497119
0.50493;0.50287
0.564031;0.521904
0.63427;0.559292
0.707822;0.620192
0.777737;0.706473
0.839344;0.811662
0.890263;0.919299
0.92981;1.00989
0.958351;1.07157
0.976829;1.10367
0.98649;1.11228
0.988754;1.10481
0.985186;1.08722
0.977559;1.06365
0.967958;1.03683
0.958891;1.00866
0.953326;0.980767
0.954454;0.954849
0.965065;0.93302
0.986601;0.918064
1.01814;0.913546
1.05564;0.923474
1.09231;0.951076
1.12126;0.996762
1.13869;1.05621
1.14487;1.11936
1.14265;1.17087
1.13565;1.19501
1.12719;1.18613
1.11986;1.15368
1.11538;1.11382
1.11453;1.07884
1.11713;1.05453
1.12205;1.04225
1.12731;1.0411
1.13011;1.04896
1.12693;1.06271
1.11405;1.07839
1.08895;1.09138
1.05227;1.09671
1.00782;1.08909
0.960518;1.063
0.914461;1.01461
0.872355;0.946998
0.835628;0.873132
0.804671;0.80872
0.779034;0.762041
0.757652;0.73309
0.739121;0.718302
0.722052;0.713536
0.705401;0.714778
0.688738;0.718214
0.672402;0.72049
0.657607;0.719204
0.64657;0.713384
0.642604;0.7037
0.649792;0.692326
0.67165;0.682607
0.708982;0.678909
0.758652;0.686789
0.814911;0.7129
0.872073;0.763044
0.926233;0.837252
0.975419;0.925081
1.01898;1.00866
1.05696;1.07379
1.0896;1.11716
1.11721;1.14336
1.14003;1.15874
1.15832;1.16802
1.17248;1.17375
1.18322;1.17694
1.19167;1.17773
1.19954;1.17606
1.20901;1.17213
1.22205;1.16671
1.23924;1.16143
1.25836;1.15895
1.274;1.16282
1.27943;1.17648
1.26998;1.20077
1.24491;1.23063
1.20667;1.25328
1.15903;1.25191
1.10566;1.21605
1.04961;1.14996
0.993185;1.06861
0.938017;0.986494
0.885185;0.911933
0.835281;0.847819
0.788436;0.794204
0.744337;0.750046
0.702315;0.713999
0.661625;0.684625
0.621882;0.660356
0.583396;0.639361
0.547163;0.61953
0.514626;0.598883
0.487542;0.576535
0.468079;0.553632
0.459045;0.533173
0.463885;0.518589
0.485995;0.512611
0.527002;0.517574
0.584806;0.536479
0.65338;0.573592
0.72506;0.633605
0.793315;0.718369
0.853986;0.82169
0.90504;0.92722
0.945812;1.01551
0.976392;1.07541
0.997325;1.10753
1.00951;1.11868
1.01415;1.11581
1.01274;1.10363
1.00706;1.08493
0.999201;1.06166
0.991668;1.03569
0.987401;1.00903
0.989537;0.983871
1.00078;0.962597
1.02241;0.948076
1.05319;0.94381
1.08865;0.953691
1.12172;0.98084
1.14552;1.02551
1.15656;1.08294
1.15538;1.14227
1.14514;1.1874
1.1297;1.20283
1.11259;1.1842
1.09656;1.14202
1.08351;1.0928
1.07437;1.04901
1.06912;1.01652
1.06667;0.996743
1.06491;0.988811
1.06083;0.990666
1.05081;0.999314
1.03156;1.01076
1.00162;1.02005
0.962613;1.02149
0.918562;1.00917
0.873935;0.978038
0.832363;0.926792
0.796348;0.861829
0.767373;0.796711
0.745999;0.744112
0.731911;0.709339
0.724026;0.691738
0.720735;0.688545
0.720284;0.696605
0.721207;0.712457
0.722726;0.732213
0.725077;0.751911
0.729726;0.768267
0.73941;0.779465
0.757663;0.785657
0.787342;0.789107
0.828475;0.794078
0.877421;0.80656
0.928684;0.833556
0.977591;0.880729
1.02157;0.947338
1.05993;1.02207
1.09311;1.08781
1.12201;1.13347
1.14756;1.1592
1.17049;1.17156
1.19127;1.17749
1.21022;1.18169
1.22758;1.18652
1.24367;1.19267
1.25896;1.19984
1.27409;1.20741
1.28944;1.21489
1.30407;1.22216
1.31456;1.22974
1.31536;1.23866
1.30176;1.24999
1.27277;1.26301
1.23083;1.27187
1.17975;1.26398
1.1231;1.22655
1.06365;1.15913
1.00338;1.07541
0.943647;0.991031
0.885393;0.914628
0.829244;0.848361
0.775591;0.791441
0.724632;0.742405
0.676401;0.699951
0.630826;0.663071
0.587848;0.630957
0.547605;0.602888
0.510599;0.578147
0.477743;0.556021
0.450367;0.535939
0.430328;0.517829
0.420228;0.502518
0.42353;0.491741
0.444076;0.487697
0.484449;0.492855
0.5435;0.510444
0.615217;0.545048
0.69082;0.602242
0.762354;0.685892
0.824736;0.792452
0.875699;0.906111
0.914848;1.00365
0.942792;1.0687
0.9606;1.09982
0.969563;1.10532
0.97111;1.09472
0.966808;1.07493
0.958406;1.05001
0.947919;1.02231
0.937758;0.993456
0.930814;0.964935
0.930338;0.938399
0.939383;0.915844
0.959801;0.899833
0.991087;0.893718
1.02956;0.901544
1.06874;0.927103
1.10175;0.971808
1.12447;1.03218
1.13665;1.09848
1.14066;1.15548
1.13982;1.18734
1.13729;1.18751
1.13556;1.16384
1.13629;1.13129
1.14022;1.102
1.14719;1.08213
1.15618;1.07347
1.16546;1.07534
1.17262;1.08565
1.17445;1.10136
1.16709;1.11871
1.14717;1.13364
1.11408;1.14195
1.07094;1.13909
1.02271;1.11945
0.973894;1.07736
0.927517;1.01224
0.885208;0.934615
0.847469;0.861687
0.813967;0.804892
0.783813;0.765928
0.755866;0.741384
0.729045;0.726789
0.702605;0.717931
0.676294;0.711107
0.650423;0.703345
0.625894;0.692744
0.604302;0.678746
0.588124;0.662146
0.580809;0.644774
0.58636;0.629108
0.607987;0.618153
0.646169;0.615775
0.697692;0.62717
0.756886;0.658529
0.818008;0.714651
0.876815;0.794344
0.930789;0.886851
0.978672;0.975224
1.01993;1.04607
1.05439;1.09559
1.08209;1.12712
1.10324;1.14586
1.11828;1.15588
1.12791;1.15949
1.13327;1.15784
1.13597;1.15161
1.13822;1.1415
1.1427;1.12861
1.15204;1.11454
1.16785;1.10165
1.18953;1.09319
1.21337;1.09316
1.23288;1.10544
1.24113;1.13186
1.23401;1.16963
1.21155;1.2096
1.17678;1.23665
1.13375;1.23478
1.08631;1.19688
1.03752;1.13067
0.989608;1.0525
0.944096;0.976601
0.901813;0.910501
0.862913;0.856395
0.82683;0.813811
0.792331;0.781292
0.757843;0.757046
0.722095;0.73896
0.684799;0.724356
0.646894;0.709854
0.610206;0.691819
0.576925;0.667719
0.549359;0.637863
0.530012;0.606033
0.521695;0.577881
0.527309;0.558265
0.549025;0.550112
0.587031;0.555392
0.638726;0.576446
0.699287;0.616221
0.76331;0.67683
0.826266;0.756625
0.885003;0.84766
0.937499;0.937081
0.982418;1.01305
1.01886;1.07
1.04638;1.10869
1.06516;1.13258
1.076;1.14472
1.08027;1.14673
1.07977;1.13945
1.07672;1.12423
1.0737;1.1034
1.07354;1.07995
1.07896;1.05702
1.09199;1.03771
1.11312;1.02527
1.14044;1.02311
1.16907;1.03433
1.19188;1.06063
1.20222;1.10071
1.19702;1.1489
1.17754;1.19426
1.14769;1.22135
1.11199;1.2159
1.07433;1.17464
1.03763;1.1092
1.00384;1.0376
0.973979;0.973415
0.948114;0.922626
0.92535;0.885999
0.903864;0.861988
0.881195;0.848181
0.854897;0.841596
0.823466;0.83849
0.787141;0.834236
0.747934;0.823737
0.70884;0.80263
0.672973;0.769189
0.643196;0.72617
0.622114;0.680815
0.612015;0.641778
0.614539;0.615211
0.630124;0.603782
0.657651;0.608396
0.694666;0.629651
0.738134;0.66767
0.785279;0.720749
0.834076;0.78422
0.883284;0.851021
0.932076;0.914214
0.979418;0.969613
1.0236;1.01657
1.06248;1.0569
1.09427;1.093
1.11829;1.12597
1.13507;1.15425
1.14604;1.1739
1.1533;1.18146
1.15921;1.17704
1.16617;1.16431
1.17616;1.1483
1.19034;1.13373
1.20867;1.12455
1.22958;1.12381
1.24982;1.13331
1.26474;1.15302
1.26921;1.1806
1.2592;1.21124
1.23357;1.23771
1.19446;1.25096
1.1461;1.24177
1.09297;1.20412
1.03865;1.13924
0.985607;1.05738
0.935202;0.973405
0.887936;0.899018
0.843588;0.838959
0.801431;0.792775
0.760515;0.757828
0.720028;0.730946
0.679613;0.708911
0.639523;0.688617
0.600565;0.667407
0.563949;0.643649
0.531184;0.61728
0.504133;0.58987
0.485199;0.564049
0.47745;0.54262
0.484372;0.528001
0.508806;0.522366
0.55122;0.528311
0.608539;0.549474
0.674905;0.590439
0.743845;0.654991
0.810042;0.742232
0.869887;0.842786
0.921232;0.940472
0.962984;1.02059
0.994826;1.07684
1.01705;1.11064
1.03045;1.12645
1.03619;1.12848
1.0358;1.11995
1.0311;1.10344
1.0243;1.08135
1.01805;1.05605
1.01537;1.02983
1.01928;1.00507
1.03211;0.984401
1.05459;0.970977
1.08498;0.96852
1.11839;0.98074
1.14758;1.00992
1.16578;1.05502
1.1699;1.11027
1.16112;1.16446
1.1431;1.20169
1.12003;1.20711
1.09555;1.17751
1.07247;1.12496
1.05264;1.06714
1.037;1.01665
1.02545;0.978844
1.01679;0.954524
1.00878;0.942445
0.998324;0.940386
0.982042;0.945258
0.95737;0.952888
0.923868;0.957991
0.883769;0.9546
0.84098;0.937052
0.799521;0.901769
0.762672;0.850059
0.732844;0.790188
0.711634;0.734603
0.69978;0.693006
0.697058;0.668867
0.7023;0.661561
0.713662;0.669206
0.729093;0.689494
0.746873;0.719313
0.766078;0.75449
0.786901;0.790338
0.810733;0.822842
0.839761;0.849806
0.875774;0.871433
0.918444;0.890352
0.96464;0.911238
1.00992;0.939902
1.05075;0.981112
1.08556;1.03458
1.11447;1.09164
1.13861;1.13896
1.15951;1.16822
1.17862;1.18057
1.19703;1.18251
1.21535;1.18081
1.23373;1.18023
1.25196;1.18338
1.26968;1.19102
1.2863;1.20252
1.30081;1.2164
1.31121;1.23096
1.31387;1.24475
1.30432;1.25667
1.27977;1.26552
1.24112;1.26882
1.192;1.26091
1.13658;1.23269
1.07821;1.17706
1.01913;1.09848
0.960658;1.01216
0.903496;0.932014
0.84802;0.863707
0.794452;0.806887
0.742975;0.759036
0.69376;0.717588
0.646978;0.680655
0.602807;0.647136
0.561486;0.616555
0.523412;0.588806
0.489288;0.563914
0.460248;0.541919
0.438002;0.522906
0.425007;0.507202
0.424552;0.495652
0.440385;0.48986
0.475374;0.492252
0.529335;0.506169
0.597623;0.5361
0.672309;0.587408
0.745272;0.664215
0.810607;0.764676
0.865169;0.876316
0.907953;0.978327
0.939249;1.05281
0.960015;1.09414
0.971518;1.10754
0.975173;1.10184
0.972515;1.08462
0.965238;1.0609
0.955289;1.03373
0.944983;1.00504
0.937101;0.976344
0.934809;0.949159
0.94122;0.925357
0.95853;0.907375
0.986948;0.898411
1.02373;0.902363
1.06304;0.923077
1.0977;0.962585
1.12256;1.01881
1.13636;1.08399
1.14105;1.14443
1.1399;1.18359
1.13626;1.19104
1.13286;1.17085
1.13163;1.13753
1.1336;1.10497
1.13883;1.08099
1.14654;1.06829
1.15514;1.06665
1.16233;1.07432
1.16507;1.08846
1.15961;1.10546
1.14236;1.12117
1.11197;1.13128
1.07075;1.13125
1.02347;1.11577
0.974874;1.07911
0.928365;1.01913
0.885891;0.943636
0.848208;0.869164
0.815162;0.809229
0.785951;0.767552
0.759414;0.741478
0.734355;0.726622
0.709838;0.718685
0.685417;0.713788
0.661229;0.708644
0.638045;0.700906
0.61735;0.689522
0.601511;0.674883
0.5939;0.65862
0.598551;0.64321
0.618876;0.631731
0.655677;0.628065
0.705993;0.637358
0.764217;0.665886
0.824546;0.718932
0.88268;0.796155
0.936111;0.88748
0.983647;0.975844
1.02484;1.0471
1.05958;1.09689
1.08793;1.12852
1.11007;1.14748
1.12636;1.1581
1.13742;1.16284
1.14422;1.16282
1.14826;1.15858
1.15163;1.15061
1.15688;1.13975
1.1666;1.12742
1.18235;1.1158
1.20346;1.10797
1.22611;1.10786
1.24375;1.11941
1.24964;1.14456
1.23998;1.18059
1.21508;1.21817
1.17806;1.24188
1.13295;1.23594
1.08348;1.19424
1.03264;1.12538
0.982608;1.04568
0.934861;0.968754
0.890226;0.901601
0.848905;0.846187
0.81044;0.801997
0.773766;0.767611
0.737512;0.74131
0.700579;0.721115
0.662764;0.704577
0.624963;0.688639
0.588862;0.670025
0.556494;0.646465
0.530067;0.618289
0.512076;0.588963
0.505424;0.563581
0.513184;0.546496
0.537679;0.540448
0.579038;0.547541
0.634272;0.570471
0.697964;0.612652
0.764191;0.676633
0.828143;0.760766
0.88662;0.856231
0.937726;0.948619
0.980365;1.02492
1.01396;1.07954
1.03841;1.11401
1.05419;1.13268
1.06229;1.1393
1.06419;1.1361
1.06175;1.12447
1.05721;1.10606
1.05319;1.08324
1.0526;1.05876
1.05824;1.0355
1.07215;1.01638
1.09474;1.00462
1.12378;1.00369
1.154;1.01687
1.17802;1.0459
1.18945;1.08929
1.18578;1.14076
1.16869;1.18844
1.14217;1.21611
1.11056;1.21
1.07756;1.16899
1.04594;1.10647
1.01751;1.04017
0.993156;0.982277
0.972795;0.937736
0.955307;0.906971
0.93859;0.888434
0.919859;0.879742
0.896341;0.877815
0.866338;0.878651
0.83018;0.877253
0.79024;0.868093
0.749934;0.846381
0.712656;0.81015
0.68134;0.76252
0.658439;0.711936
0.645891;0.668431
0.644865;0.638732
0.655405;0.625181
0.676284;0.62791
0.705304;0.646556
0.739935;0.680198
0.777993;0.726359
0.818078;0.780409
0.859686;0.83636
0.902898;0.888859
0.94762;0.934992
0.992658;0.974804
1.03551;1.01063
1.07338;1.04578
1.10443;1.08275
1.12832;1.12078
1.14599;1.15465
1.15917;1.17736
1.17001;1.18558
1.18063;1.18175
1.19278;1.17141
1.20752;1.16019
1.22497;1.15256
1.24417;1.15162
1.26313;1.15897
1.27889;1.17447
1.28769;1.19616
1.28547;1.22044
1.26901;1.24243
1.23767;1.25641
1.1939;1.25626
1.14196;1.23589
1.08607;1.19075
1.02943;1.12168
0.974056;1.03816
0.920965;0.954593
0.870409;0.881647
0.822132;0.822742
0.775641;0.776521
0.730476;0.739933
0.686418;0.709738
0.643589;0.683025
0.602426;0.657496
0.563622;0.631773
0.528101;0.605601
0.49709;0.579761
0.472292;0.555669
0.456107;0.534885
0.451742;0.518868
0.462856;0.509114
0.49232;0.507591
0.540253;0.517261
0.60284;0.542396
0.673356;0.588204
0.744658;0.658744
0.811111;0.752525
0.869141;0.858462
0.916951;0.958348
0.954008;1.03649
0.980618;1.08698
0.997617;1.1124
1.00618;1.11861
1.0077;1.11123
1.00381;1.09464
0.996395;1.07213
0.98771;1.04616
0.980474;1.01877
0.977783;0.991824
0.98271;0.967334
0.997523;0.947765
1.02272;0.936283
1.05611;0.936726
1.09231;0.952902
1.12398;0.986962
1.14498;1.03736
1.15315;1.09742
1.15016;1.15483
1.1396;1.19312
1.1253;1.19898
1.11052;1.17264
1.09768;1.12807
1.0883;1.08159
1.08295;1.04348
1.08116;1.01765
1.08144;1.0044
1.08133;1.0023
1.07758;1.00891
1.0665;1.02083
1.04508;1.03363
1.01261;1.04207
0.97156;1.04045
0.926399;1.0231
0.881567;0.985638
0.840422;0.928345
0.805115;0.85997
0.776746;0.795188
0.75548;0.745424
0.740645;0.714042
0.730914;0.69921
0.724608;0.697584
0.720098;0.705595
0.716214;0.719454
0.712587;0.735195
0.709895;0.749152
0.710025;0.758703
0.716077;0.762899
0.731857;0.762784
0.760326;0.761353
0.801405;0.763315
0.851226;0.774843
0.904067;0.802955
0.955067;0.8531
1.00147;0.923902
1.0424;1.00312
1.0781;1.07298
1.10927;1.12231
1.13664;1.15132
1.16082;1.16655
1.18222;1.17477
1.20112;1.18046
1.21782;1.18586
1.23275;1.19157
1.24662;1.19738
1.26044;1.20284
1.27518;1.20763
1.29077;1.21194
1.30464;1.21662
1.3115;1.22332
1.30559;1.23402
1.28415;1.24932
1.2483;1.265
1.20142;1.26935
1.14724;1.24724
1.08893;1.1924
1.0289;1.1142
0.968884;1.02892
0.910082;0.948262
0.853317;0.876906
0.799097;0.81537
0.747671;0.762665
0.699058;0.717556
0.653102;0.678924
0.609599;0.645787
0.56852;0.617223
0.530216;0.592287
0.495487;0.569986
0.46553;0.54941
0.441979;0.530148
0.427098;0.512808
0.423998;0.499118
0.4365;0.49135
0.468032;0.491832
0.519324;0.503295
0.586358;0.529641
0.661102;0.576182
0.734919;0.64811
0.801492;0.745903
0.857502;0.859076
0.901884;0.966001
0.934865;1.04572
0.957304;1.09068
0.970354;1.1063
0.975345;1.10232
0.973758;1.08673
0.967245;1.0645
0.957687;1.03846
0.947304;1.01038
0.93878;0.981808
0.935251;0.954354
0.93996;0.929882
0.955409;0.910696
0.98221;0.899802
1.01805;0.901013
1.05743;0.918444
1.0932;0.954856
1.11975;1.00909
1.13524;1.07406
1.14117;1.13648
1.14067;1.17972
1.13712;1.19204
1.13337;1.17544
1.13151;1.14334
1.13271;1.10999
1.13724;1.08416
1.14447;1.06931
1.15293;1.06565
1.16045;1.07168
1.16409;1.08477
1.16015;1.10144
1.14487;1.11765
1.11641;1.12906
1.07657;1.13113
1.0299;1.11857
0.981257;1.08551
0.934264;1.02884
0.891089;0.954729
0.85267;0.879082
0.818997;0.816514
0.789363;0.772115
0.76265;0.743883
0.73764;0.727588
0.713325;0.718931
0.689149;0.713981
0.665135;0.709336
0.641942;0.702444
0.620937;0.691989
0.604354;0.678085
0.595438;0.662151
0.598189;0.64655
0.616226;0.634298
0.650833;0.629184
0.699568;0.636206
0.757045;0.661575
0.81734;0.710945
0.875894;0.785087
0.929974;0.875353
0.978259;0.965133
1.02024;1.03922
1.05581;1.09178
1.085;1.12545
1.108;1.14571
1.12513;1.15719
1.13694;1.16262
1.14436;1.16329
1.14878;1.15975
1.15221;1.15244
1.15714;1.14212
1.16619;1.13007
1.18113;1.11834
1.20165;1.10988
1.22434;1.10854
1.24289;1.11833
1.2504;1.14162
1.24261;1.17646
1.21936;1.21442
1.18351;1.24064
1.13908;1.23885
1.08985;1.20124
1.03891;1.1348
0.988525;1.05552
0.940256;0.977686
0.895012;0.909047
0.853082;0.852036
0.814103;0.806343
0.777096;0.770624
0.740715;0.743201
0.703804;0.722154
0.666025;0.70513
0.628139;0.689172
0.591747;0.671011
0.558842;0.648175
0.5316;0.620586
0.512463;0.59132
0.504288;0.565362
0.510172;0.547218
0.532624;0.539794
0.572133;0.545198
0.62609;0.566029
0.689257;0.605691
0.755622;0.667033
0.820154;0.749178
0.879449;0.844234
0.931479;0.938093
0.975086;1.01701
1.00965;1.07431
1.03505;1.11085
1.05168;1.13093
1.06051;1.13855
1.06294;1.13615
1.0608;1.1252
1.05628;1.10732
1.05196;1.08477
1.05073;1.06028
1.05543;1.03667
1.06827;1.01686
1.08989;1.004
1.11846;1.00157
1.14905;1.01291
1.17441;1.04007
1.18781;1.08207
1.18623;1.13329
1.1709;1.18251
1.14564;1.21379
1.1148;1.21249
1.08218;1.17557
1.05067;1.11508
1.02219;1.04884
0.997732;0.989936
0.97733;0.94406
0.959986;0.912027
0.943696;0.892451
0.925712;0.883037
0.903178;0.880795
0.874176;0.88184
0.838745;0.881266
0.799057;0.873535
0.758496;0.853628
0.720521;0.819046
0.688136;0.77217
0.663844;0.720961
0.649633;0.675667
0.646759;0.643671
0.655397;0.627775
0.674471;0.628203
0.701892;0.644552
0.735167;0.675943
0.772072;0.720102
0.811138;0.77267
0.851803;0.827812
0.894183;0.880077
0.938356;0.926259
0.983387;0.966087
1.02692;1.0017
1.06604;1.03646
1.09862;1.07322
1.12405;1.11192
1.14305;1.14788
1.15725;1.17373
1.16873;1.18508
1.17962;1.18347
1.19172;1.17426
1.20619;1.16324
1.22329;1.15511
1.24225;1.15319
1.26132;1.15926
1.27778;1.17345
1.2881;1.19405
1.28829;1.21775
1.27481;1.23999
1.24635;1.25538
1.20474;1.25813
1.15404;1.2422
1.09856;1.20247
1.04174;1.13802
0.985827;1.0564
0.932;0.971687
0.880652;0.895942
0.83162;0.833998
0.784465;0.785167
0.738737;0.746561
0.694192;0.71492
0.650899;0.687274
0.609238;0.661239
0.569835;0.635308
0.533541;0.60906
0.501481;0.583105
0.475226;0.558724
0.456998;0.537392
0.449833;0.520509
0.457368;0.509479
0.482815;0.506116
0.527068;0.513144
0.587166;0.534567
0.656793;0.57551
0.72864;0.640617
0.796602;0.730087
0.856644;0.835048
0.906634;0.938116
0.945832;1.02203
0.974427;1.07848
0.99319;1.10859
1.00325;1.11799
1.00598;1.11266
1.00295;1.09733
0.995982;1.07556
0.987245;1.04995
0.979354;1.0226
0.975344;0.995348
0.978352;0.970123
0.990908;0.949253
1.01399;0.935734
1.04606;0.933285
1.08242;0.945836
1.11594;0.97609
1.13992;1.02348
1.15126;1.08252
1.15093;1.14212
1.14226;1.18634
1.12909;1.20024
1.11482;1.18061
1.10205;1.13918
1.09248;1.09272
1.08688;1.05299
1.08499;1.02504
1.08554;1.00973
1.08628;1.00591
1.0841;1.01134
1.07536;1.02282
1.05673;1.03614
1.0268;1.04624
0.987335;1.04754
0.94257;1.03432
0.897111;1.00164
0.854607;0.94822
0.81746;0.880712
0.786972;0.813252
0.763483;0.758899
0.74648;0.722823
0.734754;0.703922
0.72669;0.698922
0.72064;0.704215
0.715335;0.716037
0.710234;0.730449
0.705781;0.743719
0.703579;0.753007
0.706459;0.757029
0.718185;0.756428
0.74224;0.753783
0.779656;0.753386
0.827583;0.761016
0.880505;0.783569
0.933023;0.827384
0.981662;0.893693
1.02498;0.973348
1.06291;1.04889
1.09599;1.10599
1.12495;1.14161
1.15038;1.16108
1.17275;1.17146
1.19235;1.17799
1.20948;1.18347
1.22453;1.18894
1.23816;1.19437
1.2514;1.19937
1.26544;1.2036
1.28087;1.20711
1.29629;1.21064
1.30733;1.21574
1.30788;1.22459
1.29356;1.23883
1.26393;1.25655
1.22163;1.26879
1.1704;1.26032
1.11372;1.21958
1.05435;1.14974
0.994312;1.06584
0.935059;0.982318
0.87758;0.90669
0.822513;0.840952
0.770207;0.784621
0.720749;0.736532
0.674011;0.695507
0.629744;0.660487
0.587788;0.63049
0.548316;0.604523
0.511963;0.581527
0.479787;0.560437
0.453237;0.540522
0.43429;0.52195
0.425681;0.506128
0.43099;0.49529
0.45402;0.491781
0.496956;0.498052
0.557913;0.517398
0.630275;0.554559
0.705256;0.615107
0.775386;0.702256
0.836135;0.81077
0.885598;0.923028
0.923534;1.01598
0.950558;1.07569
0.967692;1.10294
0.976176;1.10659
0.977415;1.09565
0.972977;1.07626
0.964633;1.05193
0.954444;1.02478
0.944885;0.996384
0.938915;0.968333
0.939803;0.942386
0.950487;0.920646
0.972517;0.905799
1.00491;0.901327
1.04345;0.911338
1.08133;0.939437
1.11188;0.986433
1.13156;1.04789
1.14062;1.11304
1.14177;1.166
1.1384;1.19158
1.13368;1.18538
1.13007;1.15713
1.12916;1.12201
1.13163;1.09148
1.13724;1.07103
1.14486;1.06205
1.1526;1.06366
1.15781;1.07368
1.15706;1.08898
1.14646;1.10569
1.12314;1.11953
1.08739;1.12595
1.04293;1.11995
0.994733;1.09576
0.947008;1.04857
0.902503;0.980256
0.862636;0.903586
0.827769;0.835132
0.797457;0.783982
0.770703;0.750358
0.746259;0.730567
0.72295;0.720279
0.699957;0.715414
0.677017;0.712292
0.654505;0.707887
0.633503;0.700233
0.615922;0.688752
0.604672;0.674305
0.603592;0.658933
0.616642;0.645491
0.646097;0.637564
0.690737;0.63979
0.745861;0.658133
0.805436;0.698871
0.86438;0.765026
0.919468;0.851244
0.969081;0.942602
1.01259;1.02212
1.04987;1.08069
1.08095;1.11896
1.106;1.14228
1.12526;1.15587
1.13918;1.16312
1.14849;1.16569
1.15438;1.16423
1.15859;1.15907
1.16343;1.15071
1.1715;1.14012
1.18489;1.12902
1.20391;1.11998
1.22598;1.11655
1.24536;1.12281
1.25505;1.14184
1.25001;1.17321
1.22922;1.21028
1.19503;1.23949
1.1513;1.24408
1.10192;1.21348
1.05012;1.15149
0.998316;1.073
0.948228;0.993256
0.900916;0.921378
0.856847;0.860722
0.815879;0.811423
0.777262;0.772317
0.739814;0.741827
0.702367;0.718175
0.664384;0.699254
0.62634;0.682429
0.5896;0.664644
0.556006;0.64324
0.527619;0.61743
0.506771;0.589378
0.496237;0.563517
0.499179;0.544382
0.518475;0.535126
0.555303;0.53795
0.607738;0.555385
0.670776;0.590908
0.73809;0.648006
0.804095;0.727267
0.864921;0.822503
0.918298;0.919997
0.963017;1.00431
0.998505;1.06638
1.02468;1.10578
1.04196;1.12693
1.05126;1.13456
1.05394;1.13187
1.05175;1.12072
1.04681;1.10275
1.0416;1.08008
1.03898;1.05524
1.04191;1.03092
1.05286;1.00989
1.07294;0.995188
1.10094;0.990245
1.13256;0.998607
1.16082;1.02288
1.17858;1.06299
1.18193;1.11441
1.17131;1.167
1.15014;1.20532
1.12269;1.21354
1.09287;1.18566
1.06372;1.13122
1.03733;1.06778
1.01488;1.0096
0.996572;0.96358
0.981574;0.931287
0.968006;0.911712
0.95312;0.902756
0.933832;0.901582
0.907712;0.904448
0.874181;0.906547
0.835036;0.902251
0.793689;0.886048
0.75384;0.854332
0.718698;0.807967
0.690841;0.754003
0.672244;0.703396
0.664157;0.665199
0.666852;0.643298
0.679472;0.637973
0.700198;0.64839
0.726754;0.673327
0.75703;0.710548
0.789594;0.756154
0.823982;0.804923
0.86066;0.851752
0.900484;0.893323
0.943587;0.928967
0.988328;0.96055
1.03151;0.991724
1.06995;1.02661
1.10184;1.06741
1.12702;1.11139
1.14657;1.15031
1.16226;1.17572
1.17607;1.1853
1.18977;1.18313
1.20466;1.17553
1.2213;1.16812
1.23946;1.16486
1.25818;1.16805
1.27583;1.17827
1.29015;1.19451
1.29808;1.21438
1.29581;1.23462
1.27987;1.25154
1.2491;1.26131
1.20563;1.25954
1.15361;1.2407
1.09723;1.19886
1.03964;1.13238
0.982825;1.0495
0.927792;0.965047
0.874855;0.890439
0.823922;0.829374
0.774756;0.780497
0.727182;0.740745
0.681201;0.707002
0.637013;0.676705
0.594992;0.648101
0.555662;0.620375
0.519742;0.59359
0.488262;0.568406
0.462745;0.545729
0.445411;0.526458
0.439317;0.511508
0.44813;0.502076
0.475083;0.500032
0.521042;0.508278
0.582904;0.530977
0.654068;0.57336
0.726882;0.640127
0.795009;0.731456
0.854384;0.83826
0.903034;0.942616
0.940475;1.02653
0.967152;1.08124
0.984031;1.10817
0.992367;1.11373
0.993593;1.10471
0.989312;1.08643
0.981362;1.06258
0.971921;1.0357
0.963615;1.00768
0.959496;0.980195
0.962719;0.95505
0.975819;0.934529
0.999743;0.921619
1.03287;0.92005
1.07038;0.933773
1.10515;0.965492
1.13069;1.01458
1.14417;1.0754
1.14668;1.13655
1.14144;1.18192
1.13214;1.19706
1.12202;1.17977
1.11352;1.14223
1.10819;1.10064
1.10664;1.06595
1.10849;1.04274
1.1124;1.03169
1.11614;1.0316
1.11669;1.04011
1.11039;1.05392
1.09369;1.06883
1.0649;1.07999
1.02565;1.08219
0.980236;1.06992
0.933442;1.03792
0.888995;0.983964
0.84926;0.914049
0.815421;0.842778
0.787678;0.784242
0.765424;0.744076
0.747459;0.720969
0.732285;0.711202
0.71847;0.71078
0.704996;0.715772
0.691533;0.722372
0.678611;0.72724
0.667743;0.728074
0.661554;0.724105
0.663737;0.716295
0.678335;0.707197
0.707903;0.700647
0.751453;0.701664
0.804333;0.716509
0.860541;0.751991
0.915215;0.812203
0.96556;0.892832
1.01049;0.978958
1.04992;1.05285
1.08418;1.10524
1.11368;1.13759
1.13875;1.15626
1.15969;1.16725
1.17677;1.17434
1.19044;1.17928
1.20147;1.18256
1.21109;1.18407
1.22108;1.18367
1.23336;1.18156
1.24903;1.17865
1.26693;1.17675
1.28264;1.17873
1.28962;1.18797
1.28252;1.20662
1.2597;1.23236
1.22302;1.25522
1.17606;1.25901
1.12254;1.23029
1.0656;1.16924
1.00764;1.08919
0.950411;1.00554
0.8951;0.927996
0.842441;0.860294
0.792758;0.802863
0.745986;0.754825
0.701718;0.714943
0.659372;0.681924
0.618524;0.654432
0.579262;0.630986
0.542302;0.60989
0.508851;0.589387
0.480463;0.568294
0.459099;0.546898
0.447355;0.527284
0.448589;0.512457
0.46648;0.505156
0.503526;0.50773
0.558798;0.523018
0.62693;0.555152
0.699944;0.609249
0.770433;0.688855
0.833441;0.790678
0.886494;0.900287
0.928807;0.996536
0.960528;1.06417
0.9823;1.10105
0.995085;1.11386
1.00011;1.11074
0.998832;1.09761
0.992962;1.07798
0.984492;1.054
0.975806;1.02746
0.969747;1.00016
0.96949;0.974079
0.978019;0.951398
0.997174;0.934763
1.02653;0.927497
1.06251;0.933534
1.09858;0.956537
1.12757;0.997917
1.14497;1.05445
1.15035;1.11682
1.14622;1.16993
1.13624;1.19732
1.12394;1.1911
1.11218;1.15837
1.10298;1.11484
1.09743;1.07404
1.09566;1.04319
1.09681;1.02453
1.09905;1.01766
1.09963;1.02077
1.09506;1.03104
1.08161;1.04472
1.05673;1.05719
1.02083;1.06319
0.9774;1.05706
0.931184;1.03312
0.886307;0.98764
0.845644;0.923406
0.810872;0.852485
0.782658;0.790032
0.760787;0.744718
0.744314;0.717302
0.731806;0.704881
0.721673;0.703808
0.712556;0.710355
0.703673;0.720694
0.69509;0.731104
0.687903;0.738528
0.684386;0.741201
0.687977;0.739093
0.702674;0.734
0.731322;0.729388
0.773457;0.730188
0.824829;0.742705
0.879527;0.773975
0.932616;0.828945
0.981264;0.904897
1.02445;0.988206
1.06224;1.06089
1.09515;1.11246
1.12375;1.14362
1.14854;1.16082
1.16985;1.17053
1.18799;1.17696
1.20329;1.18214
1.21635;1.18666
1.22814;1.19038
1.24007;1.19298
1.25367;1.19439
1.26956;1.19509
1.28603;1.1964
1.29822;1.20061
1.29977;1.21053
1.28636;1.22779
1.25759;1.24942
1.21612;1.26473
1.16568;1.25756
1.10976;1.21705
1.05118;1.14749
0.992034;1.06416
0.933806;0.981217
0.877514;0.906088
0.823789;0.840912
0.772926;0.785363
0.72491;0.738348
0.679471;0.698673
0.636223;0.665196
0.594942;0.63679
0.555841;0.612248
0.519665;0.590234
0.487584;0.569422
0.461139;0.549012
0.442371;0.529433
0.43406;0.512561
0.439774;0.500982
0.463203;0.49714
0.506304;0.503458
0.566983;0.523182
0.638649;0.560978
0.712785;0.622204
0.782232;0.709586
0.84264;0.817285
0.892139;0.92764
0.930419;1.01856
0.957987;1.07724
0.975759;1.10482
0.984897;1.10973
0.986767;1.10041
0.982924;1.08257
0.975148;1.0595
0.965519;1.03322
0.956535;1.0054
0.951163;0.977729
0.952642;0.952084
0.963827;0.930645
0.986139;0.916163
1.01843;0.912149
1.05632;0.922666
1.09286;0.951155
1.1214;0.998159
1.13852;1.05897
1.1447;1.12259
1.14276;1.17292
1.13624;1.19489
1.1284;1.1846
1.12175;1.15234
1.11795;1.11365
1.11772;1.08003
1.12085;1.05691
1.12618;1.04562
1.1317;1.04524
1.1346;1.05362
1.13131;1.06763
1.11802;1.08332
1.09234;1.09613
1.05511;1.10113
1.01028;1.09295
0.962754;1.06587
0.916539;1.01609
0.874248;0.947283
0.837246;0.873079
0.805874;0.809049
0.779657;0.76281
0.757529;0.733977
0.738113;0.718934
0.720071;0.713582
0.702418;0.713957
0.684777;0.71631
0.667527;0.717392
0.651907;0.714933
0.640155;0.708089
0.635607;0.697609
0.642352;0.685679
0.663914;0.675611
0.70112;0.671736
0.750885;0.679607
0.807468;0.705877
0.865139;0.756305
0.919906;0.830899
0.96971;0.919311
1.01383;1.00377
1.05224;1.06998
1.08518;1.11436
1.11289;1.1413
1.13564;1.15709
1.15369;1.16646
1.16746;1.172
1.17768;1.17475
1.18553;1.1749
1.19279;1.17243
1.20168;1.16761
1.21429;1.16127
1.23139;1.1551
1.25101;1.15185
1.26793;1.15513
1.27536;1.16849
1.26823;1.19303
1.24536;1.2241
1.20896;1.24942
1.16273;1.25217
1.11043;1.22068
1.05521;1.15771
0.999455;1.07763
0.944881;0.995514
0.892617;0.920422
0.84329;0.855746
0.797041;0.801745
0.753538;0.757431
0.712063;0.721444
0.67179;0.692311
0.632251;0.668412
0.5937;0.647835
0.557128;0.628345
0.524008;0.607794
0.496111;0.585125
0.475582;0.561404
0.465154;0.539721
0.468185;0.523716
0.488056;0.516275
0.526591;0.519711
0.582135;0.536846
0.649142;0.571709
0.720191;0.628864
0.7887;0.710461
0.850306;0.811288
0.902748;0.91626
0.945168;1.00636
0.977497;1.0696
1.00015;1.10541
1.01392;1.11989
1.01994;1.11977
1.01968;1.10978
1.01485;1.09274
1.00754;1.0706
1.0002;1.04528
0.995727;1.01885
0.997221;0.993561
1.00744;0.971818
1.02782;0.956456
1.05743;0.950906
1.09214;0.959003
1.12505;0.983945
1.14905;1.02632
1.16014;1.08198
1.15854;1.14078
1.14725;1.18705
1.13021;1.20472
1.11107;1.18765
1.09272;1.14503
1.07719;1.09352
1.06555;1.04649
1.05791;1.01057
1.05334;0.987542
1.04983;0.976672
1.04446;0.976011
1.03368;0.982688
1.01423;0.992839
0.984574;1.00157
0.946117;1.00318
0.902669;0.99173
0.858624;0.962163
0.817645;0.913053
0.782333;0.85027
0.754323;0.786706
0.734348;0.73492
0.722251;0.70063
0.717046;0.683637
0.717136;0.681522
0.720696;0.691419
0.726117;0.710075
0.732451;0.733647
0.739759;0.757999
0.74935;0.779516
0.763784;0.79599
0.786303;0.807226
0.819264;0.815239
0.862103;0.824175
0.910878;0.83998
0.960322;0.869477
1.00633;0.917677
1.0469;0.982686
1.08181;1.05244
1.1118;1.11079
1.13797;1.14887
1.16138;1.1685
1.1828;1.17667
1.20272;1.18007
1.2214;1.18309
1.23901;1.18783
1.25575;1.19476
1.27187;1.20339
1.28758;1.21288
1.30247;1.22255
1.31438;1.2321
1.3188;1.24179
1.31048;1.25212
1.28674;1.263
1.24885;1.27159
1.2004;1.26939
1.14527;1.24354
1.08658;1.18686
1.02654;1.10727
0.966627;1.0213
0.907828;0.941281
0.850801;0.871626
0.795988;0.812049
0.743668;0.760827
0.693983;0.716306
0.646977;0.677278
0.602656;0.642923
0.561108;0.612634
0.522675;0.585886
0.488068;0.562166
0.458418;0.541012
0.43535;0.522192
0.42116;0.506035
0.418998;0.493705
0.432659;0.487107
0.465434;0.488596
0.517841;0.501128
0.585692;0.528803
0.660908;0.576955
0.734862;0.650513
0.801243;0.749414
0.856745;0.862723
0.900344;0.968923
0.932351;1.04752
0.953727;1.0912
0.965726;1.10536
0.969749;1.09974
0.96732;1.08249
0.960115;1.05878
0.95004;1.0316
0.939345;1.0028
0.930738;0.973837
0.927367;0.946259
0.932448;0.921885
0.948421;0.903031
0.975819;0.892738
1.01226;0.894831
1.05218;0.913353
1.08848;0.950897
1.11569;1.00611
1.13211;1.07178
1.13931;1.1346
1.14043;1.178
1.13873;1.19063
1.13698;1.17498
1.13717;1.14464
1.14036;1.11363
1.1467;1.09032
1.15548;1.07789
1.16525;1.07638
1.17388;1.08416
1.17853;1.0985
1.17553;1.11586
1.16109;1.13229
1.13319;1.14372
1.09353;1.14588
1.04667;1.13372
0.997496;1.1012
0.949661;1.04469
0.905313;0.969886
0.865349;0.892786
0.829725;0.828438
0.797739;0.782156
0.768326;0.751882
0.740377;0.733243
0.713026;0.721841
0.685853;0.713762
0.658966;0.705748
0.633028;0.695503
0.609316;0.682004
0.589882;0.665595
0.577736;0.647765
0.576718;0.630732
0.590603;0.617184
0.621333;0.610459
0.667385;0.615058
0.72397;0.636815
0.785116;0.68156
0.845767;0.751428
0.902595;0.840194
0.953768;0.932881
0.998414;1.01334
1.03618;1.07315
1.06699;1.11288
1.09098;1.1373
1.10849;1.15108
1.12012;1.15728
1.12683;1.15753
1.13003;1.1527
1.13171;1.14352
1.13437;1.13098
1.14081;1.1165
1.15327;1.10211
1.17242;1.09066
1.1962;1.08586
1.21937;1.09185
1.23479;1.11171
1.23652;1.14517
1.22241;1.1864
1.19419;1.22307
1.15563;1.23867
1.1108;1.22016
1.0632;1.16751
1.01551;1.09399
0.969611;1.01613
0.926662;0.94512
0.88715;0.885577
0.850835;0.838109
0.816731;0.801604
0.783294;0.774379
0.748927;0.75446
0.712729;0.739405
0.67503;0.726056
0.637331;0.710647
0.601761;0.689748
0.570636;0.662005
0.546371;0.629594
0.531609;0.597758
0.529209;0.572283
0.541767;0.557199
0.570573;0.55477
0.614504;0.56693
0.669872;0.596218
0.731577;0.645244
0.794715;0.714502
0.855538;0.799447
0.91153;0.889631
0.96101;0.972464
1.00277;1.03923
1.03597;1.08777
1.06033;1.12037
1.07622;1.14027
1.08468;1.14951
1.08726;1.1489
1.08595;1.13917
1.08316;1.12201
1.08159;1.10022
1.08404;1.077
1.09294;1.05559
1.10967;1.0392
1.13368;1.03117
1.16174;1.03481
1.1878;1.05264
1.20459;1.08503
1.2068;1.12879
1.19339;1.17597
1.1671;1.21348
1.13236;1.2256
1.09355;1.20196
1.05416;1.14611
1.01668;1.07395
0.982633;1.00256
0.952609;0.9422
0.926278;0.896149
0.902361;0.863814
0.878789;0.843098
0.853148;0.831311
0.823462;0.825179
0.789065;0.820637
0.751047;0.81291
0.711861;0.797273
0.674486;0.770584
0.641837;0.733185
0.616643;0.689935
0.601467;0.648739
0.598508;0.616916
0.609074;0.598696
0.632967;0.595819
0.668297;0.609295
0.712012;0.64003
0.760841;0.687871
0.812064;0.749941
0.863789;0.819943
0.914755;0.889829
0.963825;0.953042
1.0095;1.00673
1.04987;1.05147
1.08321;1.08944
1.10861;1.12235
1.12633;1.1499
1.13756;1.1695
1.14421;1.17807
1.14863;1.17486
1.15333;1.16246
1.16064;1.14537
1.17228;1.12824
1.18888;1.1152
1.20955;1.10974
1.23153;1.11445
1.25026;1.13042
1.26013;1.15656
1.25626;1.18903
1.23647;1.22114
1.20217;1.24349
1.1573;1.24535
1.10648;1.21824
1.05363;1.16104
1.00157;1.08269
0.952004;0.998421
0.905707;0.92154
0.862657;0.858526
0.822183;0.809984
0.783213;0.773718
0.744632;0.746704
0.705704;0.725736
0.666371;0.707522
0.627312;0.688898
0.589773;0.667393
0.555361;0.64201
0.525981;0.613728
0.503954;0.585255
0.49217;0.560044
0.493973;0.541242
0.512369;0.531368
0.548511;0.532835
0.600356;0.548756
0.662907;0.583204
0.730035;0.640042
0.79634;0.719717
0.857941;0.815367
0.912352;0.912822
0.958095;0.997168
0.994429;1.06023
1.02123;1.1017
1.03893;1.12518
1.04847;1.13449
1.05121;1.13242
1.04887;1.12111
1.04354;1.10269
1.03776;1.07953
1.03444;1.05413
1.0366;1.02908
1.04676;1.00709
1.06614;0.991238
1.09374;0.985107
1.12559;0.992404
1.15497;1.01583
1.17456;1.05531
1.17994;1.10653
1.17114;1.15996
1.15142;1.20096
1.12508;1.21349
1.09613;1.1898
1.0677;1.13771
1.04198;1.07483
1.02024;1.01633
1.00277;0.96983
0.988782;0.937209
0.976413;0.917579
0.962896;0.908917
0.945068;0.908437
0.920327;0.912394
0.887829;0.915911
0.849149;0.913237
0.807653;0.898693
0.767147;0.868389
0.730973;0.822662
0.701793;0.768001
0.681623;0.715355
0.671732;0.674471
0.672427;0.64994
0.682898;0.642265
0.701375;0.650505
0.725605;0.673284
0.753473;0.708315
0.78353;0.751763
0.815322;0.798492
0.849412;0.843413
0.886921;0.883112
0.928449;0.91679
0.97282;0.946241
1.01695;0.975225
1.05732;1.00828
1.09161;1.04848
1.11922;1.0942
1.14098;1.13757
1.15849;1.16878
1.17367;1.18358
1.18828;1.18496
1.20364;1.17929
1.22037;1.17259
1.2384;1.16919
1.25697;1.17163
1.27477;1.18069
1.28995;1.19555
1.29993;1.21405
1.30122;1.23327
1.29;1.25
1.264;1.26103
1.22427;1.26276
1.17448;1.25028
1.11895;1.21717
1.0612;1.159
1.00354;1.08019
0.947272;0.994512
0.892905;0.915588
0.840504;0.849565
0.789938;0.796274
0.741084;0.752945
0.69395;0.716438
0.648706;0.6841
0.605657;0.65408
0.565232;0.625437
0.528019;0.598074
0.494873;0.572465
0.467085;0.549324
0.446579;0.529366
0.43609;0.513316
0.439131;0.502147
0.459315;0.497437
0.498688;0.501709
0.555731;0.518678
0.624869;0.553284
0.698366;0.610809
0.769059;0.693832
0.831957;0.79721
0.884403;0.905603
0.925515;0.999316
0.95554;1.06509
0.975357;1.10094
0.986176;1.11239
0.989394;1.10682
0.986554;1.09043
0.979397;1.06757
0.969958;1.04111
0.960684;1.01306
0.954489;0.98505
0.954561;0.958766
0.963789;0.936248
0.983851;0.920182
1.01419;0.914035
1.0512;0.921804
1.08836;0.946924
1.11855;0.990298
1.13746;1.0483
1.14486;1.11167
1.14338;1.16562
1.13663;1.19394
1.128;1.18904
1.12021;1.15861
1.11509;1.11865
1.11357;1.08233
1.11559;1.05626
1.12015;1.04221
1.12537;1.03953
1.12856;1.04622
1.12627;1.05931
1.11474;1.07492
1.0912;1.08849
1.05584;1.09508
1.01214;1.08943
0.964992;1.06599
0.918666;1.02053
0.876046;0.954931
0.838718;0.881064
0.8072;0.81492
0.781145;0.765989
0.759552;0.735094
0.741038;0.718913
0.72418;0.713326
0.707861;0.714307
0.691547;0.718003
0.675466;0.720958
0.660713;0.720591
0.649379;0.715699
0.644656;0.70672
0.65058;0.695647
0.670832;0.685707
0.706602;0.681166
0.755165;0.68746
0.81092;0.711182
0.868071;0.75843
0.922507;0.830172
0.972089;0.917147
1.01609;1.0018
1.0545;1.06901
1.08759;1.11431
1.11567;1.14181
1.13899;1.15792
1.15781;1.16761
1.17251;1.17367
1.18372;1.17721
1.19253;1.17843
1.20056;1.17727
1.20993;1.17385
1.22265;1.16883
1.23948;1.16372
1.25847;1.16104
1.27444;1.16423
1.28068;1.1768
1.27225;1.19999
1.24813;1.22939
1.21061;1.25284
1.16339;1.25358
1.11019;1.2202
1.05409;1.1558
0.997437;1.07493
0.941921;0.992411
0.888654;0.917026
0.838268;0.851962
0.790941;0.797402
0.74641;0.752356
0.704049;0.715497
0.663125;0.685409
0.623218;0.660563
0.584574;0.639186
0.548127;0.619227
0.515278;0.598703
0.487743;0.576602
0.467643;0.55386
0.457729;0.533308
0.461418;0.518347
0.482179;0.511752
0.521878;0.515856
0.578745;0.53359
0.646965;0.569154
0.718834;0.627335
0.787623;0.710442
0.84897;0.813093
0.900714;0.919514
0.942131;1.00989
0.973296;1.07204
0.994745;1.10581
1.00737;1.11792
1.01237;1.11552
1.01121;1.10357
1.00566;1.08502
0.997765;1.06183
0.990012;1.03587
0.985307;1.00913
0.986795;0.983737
0.997259;0.962054
1.01813;0.946891
1.04842;0.941705
1.0839;0.950396
1.11763;0.976232
1.14263;1.01979
1.15504;1.07676
1.15516;1.13675
1.14599;1.18392
1.13137;1.2024
1.11484;1.18668
1.09924;1.14633
1.08649;1.09777
1.07761;1.0539
1.07262;1.02103
1.07053;1.00081
1.0693;0.992507
1.06598;0.994136
1.05698;1.00277
1.03889;1.01448
1.00999;1.0244
0.971634;1.02691
0.927734;1.01609
0.882812;0.986715
0.84061;0.936898
0.803717;0.872234
0.773677;0.805999
0.751104;0.751439
0.735729;0.714587
0.726517;0.695098
0.721896;0.690209
0.720129;0.696714
0.719738;0.711141
0.719902;0.729631
0.720783;0.748243
0.723747;0.763674
0.73144;0.774028
0.74742;0.779333
0.774836;0.781695
0.814268;0.785198
0.862542;0.795659
0.9142;0.820054
0.964248;0.864517
1.00972;0.929584
1.04961;1.00535
1.0842;1.07466
1.11429;1.12474
1.14078;1.15412
1.16441;1.16883
1.18567;1.17596
1.2049;1.18059
1.22236;1.18539
1.23836;1.19122
1.25342;1.19794
1.26824;1.20499
1.28345;1.21186
1.29863;1.21846
1.31101;1.22525
1.31531;1.23335
1.30617;1.24415
1.28148;1.25771
1.24292;1.26967
1.19413;1.26858
1.1388;1.24024
1.07994;1.18017
1.01976;1.0993
0.9598;1.01399
0.901115;0.934959
0.844428;0.865788
0.790195;0.806289
0.738653;0.755141
0.689861;0.711012
0.643738;0.672822
0.600176;0.639698
0.559231;0.610859
0.5213;0.585538
0.487203;0.56295
0.458163;0.542404
0.435878;0.523635
0.422726;0.507256
0.421944;0.49487
0.437383;0.488642
0.472207;0.490936
0.526507;0.504678
0.595526;0.534037
0.670882;0.584458
0.744105;0.660741
0.809284;0.762034
0.863475;0.87593
0.905872;0.97998
0.936865;1.0546
0.957421;1.09441
0.968768;1.106
0.972292;1.09916
0.969514;1.08158
0.962125;1.05797
0.952055;1.031
0.941594;1.00241
0.9335;0.973703
0.93096;0.946476
0.937165;0.922623
0.954408;0.904528
0.982928;0.895316
1.01994;0.898893
1.05956;0.919286
1.09467;0.958819
1.12018;1.01555
1.13484;1.08146
1.14048;1.14253
1.14033;1.18225
1.13765;1.19056
1.13518;1.17166
1.13481;1.13973
1.13755;1.10833
1.14348;1.08523
1.15182;1.0732
1.16102;1.07209
1.16884;1.08015
1.17228;1.09457
1.16759;1.11178
1.15107;1.12772
1.12123;1.13821
1.08027;1.13878
1.03295;1.12412
0.984021;1.0883
0.936932;1.02875
0.893658;0.952953
0.854977;0.877496
0.820754;0.816208
0.790219;0.773052
0.762253;0.745463
0.735714;0.729059
0.70972;0.719531
0.683859;0.71302
0.658277;0.706302
0.633717;0.697113
0.61159;0.684479
0.594151;0.66882
0.584643;0.651728
0.587035;0.635566
0.604897;0.623242
0.639486;0.618418
0.688386;0.625995
0.746262;0.652088
0.807198;0.702198
0.866568;0.77697
0.921528;0.867818
0.970623;0.95837
1.01323;1.03356
1.04914;1.0874
1.07837;1.12221
1.10107;1.14322
1.11762;1.15491
1.12864;1.15997
1.13512;1.15973
1.13854;1.15488
1.14096;1.14603
1.14496;1.13411
1.15324;1.12056
1.16768;1.10753
1.18824;1.09803
1.21184;1.09593
1.23241;1.10528
1.24288;1.12854
1.23842;1.16412
1.21832;1.20417
1.18517;1.23452
1.14298;1.23863
1.09565;1.20698
1.04641;1.14462
0.997636;1.06711
0.950977;0.989632
0.9074;0.920941
0.867209;0.864029
0.830013;0.818777
0.794741;0.783858
0.759896;0.757549
0.724131;0.73785
0.686942;0.722273
0.649026;0.707648
0.612042;0.690404
0.578095;0.667708
0.549439;0.639195
0.528519;0.607932
0.518099;0.579275
0.521149;0.558279
0.540128;0.548168
0.575733;0.550999
0.625866;0.569049
0.685904;0.605314
0.75028;0.6624
0.814122;0.739736
0.873967;0.830575
0.927614;0.922331
0.973665;1.00206
1.01121;1.06264
1.0398;1.10391
1.05954;1.1293
1.07119;1.14228
1.07603;1.14491
1.07581;1.13825
1.07267;1.12357
1.06912;1.10305
1.06798;1.07955
1.07206;1.05612
1.0836;1.03582
1.10347;1.02183
1.13025;1.01755
1.15956;1.02627
1.18449;1.0501
1.19803;1.08847
1.19634;1.13657
1.18001;1.18433
1.15265;1.21676
1.11875;1.21858
1.08232;1.184
1.04646;1.12253
1.01327;1.052
0.983917;0.987099
0.958643;0.934959
0.936697;0.897004
0.916361;0.871977
0.895186;0.857604
0.870564;0.851018
0.840662;0.848596
0.805336;0.84579
0.76636;0.837415
0.726718;0.818704
0.68963;0.787148
0.65805;0.74455
0.634611;0.697661
0.621609;0.655558
0.62074;0.625311
0.632616;0.610173
0.656392;0.611071
0.689887;0.628399
0.730241;0.662194
0.774733;0.711012
0.821329;0.770755
0.868827;0.83492
0.916563;0.896718
0.963794;0.951653
1.00906;0.998617
1.05016;1.03918
1.08492;1.07594
1.11216;1.11065
1.13197;1.1425
1.14553;1.16755
1.15474;1.18116
1.16189;1.18185
1.16933;1.17245
1.17912;1.15799
1.19256;1.14357
1.2099;1.1334
1.23003;1.13076
1.25029;1.13768
1.26668;1.15449
1.27436;1.17939
1.26891;1.2083
1.24805;1.23497
1.2127;1.25143
1.16648;1.24906
1.11392;1.22086
1.05897;1.16491
1.00447;1.08766
0.95213;1.00261
0.902708;0.923388
0.856219;0.857392
0.812127;0.805715
0.769616;0.766198
0.727916;0.735715
0.686608;0.711041
0.645795;0.689094
0.60609;0.667203
0.5685;0.643584
0.534326;0.617828
0.505197;0.591023
0.483237;0.565337
0.471257;0.543254
0.472699;0.527018
0.490908;0.518649
0.527521;0.520486
0.580809;0.535832
0.645605;0.569177
0.715191;0.62517
0.783495;0.705426
0.846159;0.803993
0.900524;0.906179
0.945217;0.995027
0.979787;1.06033
1.00446;1.10105
1.01996;1.12128
1.02742;1.12593
1.02827;1.11893
1.0242;1.10338
1.0173;1.08184
1.01004;1.05669
1.00532;1.03013
1.00626;1.00437
1.01558;0.981814
1.03476;0.965343
1.06308;0.958492
1.09685;0.965144
1.12946;0.988408
1.15355;1.02876
1.1645;1.08232
1.16205;1.13986
1.14917;1.18684
1.12994;1.20687
1.1082;1.19147
1.08701;1.1478
1.06855;1.0929
1.05404;1.04166
1.04373;1.00169
1.03679;0.975044
1.0313;0.961056
1.0244;0.957831
1.01263;0.96259
0.992817;0.971535
0.963386;0.979744
0.925528;0.981429
0.882807;0.970631
0.839516;0.942484
0.799364;0.895649
0.765084;0.835487
0.738486;0.773982
0.720505;0.723398
0.711154;0.689946
0.709537;0.674016
0.714035;0.673605
0.722702;0.686159
0.733754;0.708636
0.746044;0.737193
0.759448;0.767427
0.775083;0.79527
0.795247;0.818053
0.822726;0.835235
0.859185;0.848642
0.903381;0.86233
0.951186;0.882111
0.997784;0.914345
1.03983;0.962972
1.07603;1.02469
1.10668;1.08705
1.13285;1.13571
1.15588;1.16464
1.17693;1.1773
1.19681;1.18093
1.21593;1.18181
1.23445;1.18392
1.25233;1.18906
1.26952;1.1974
1.28589;1.20812
1.30093;1.22003
1.31302;1.23207
1.31863;1.24364
1.31285;1.25449
1.29215;1.26423
1.25673;1.27095
1.20987;1.26903
1.15565;1.24808
1.09749;1.19873
1.03784;1.12351
0.97821;1.03736
0.919572;0.955033
0.862519;0.883301
0.80745;0.822589
0.754648;0.770911
0.704309;0.726099
0.656563;0.686548
0.611506;0.651278
0.569267;0.619743
0.530141;0.591614
0.494722;0.566617
0.464017;0.544497
0.439537;0.525098
0.423456;0.508579
0.41878;0.495709
0.429225;0.488037
0.458256;0.487806
0.507022;0.497949
0.572278;0.522446
0.646591;0.566477
0.721279;0.635158
0.789486;0.729566
0.847308;0.841005
0.893299;0.949759
0.927541;1.03452
0.950906;1.08512
0.964621;1.10473
0.970076;1.10253
0.968776;1.08712
0.962363;1.0643
0.952693;1.03753
0.941947;1.00886
0.932749;0.979804
0.928176;0.951841
0.931464;0.9267
0.945259;0.906594
0.970534;0.894435
1.00553;0.893925
1.04528;0.909124
1.08271;0.943001
1.11181;0.995093
1.13009;1.05943
1.13866;1.12391
1.14049;1.17215
1.13891;1.19084
1.13682;1.17953
1.13636;1.15052
1.13878;1.11854
1.14442;1.0932
1.15271;1.07848
1.16233;1.07487
1.17126;1.08099
1.1768;1.09428
1.17543;1.11133
1.16328;1.12822
1.13783;1.14085
1.10006;1.14504
1.05417;1.13592
1.00515;1.10757
0.956946;1.05547
0.911968;0.983165
0.871324;0.905261
0.835123;0.837975
0.802759;0.788527
0.773205;0.7558
0.745326;0.735585
0.718181;0.723422
0.691245;0.715286
0.664522;0.707766
0.63857;0.698341
0.614549;0.685711
0.594366;0.66996
0.580865;0.652395
0.577788;0.635142
0.589033;0.620831
0.616989;0.612675
0.660752;0.614955
0.715949;0.633332
0.776632;0.673853
0.83751;0.739631
0.894986;0.826042
0.947039;0.919183
0.992695;1.00233
1.03155;1.0655
1.06351;1.10807
1.08865;1.13453
1.10729;1.14978
1.11996;1.15715
1.12756;1.15846
1.13139;1.15464
1.13332;1.14638
1.13579;1.13457
1.14155;1.12053
1.15302;1.10617
1.17117;1.09417
1.1944;1.08812
1.21791;1.09215
1.23469;1.10964
1.23843;1.14105
1.22636;1.18146
1.19975;1.21949
1.16217;1.23888
1.11774;1.22545
1.07006;1.17693
1.02193;1.10515
0.975319;1.02683
0.931512;0.954139
0.891099;0.892525
0.853963;0.843012
0.81925;0.804651
0.785504;0.775816
0.751118;0.754593
0.715061;0.738657
0.677472;0.725006
0.639685;0.709981
0.603747;0.69005
0.571936;0.663451
0.546635;0.631774
0.530447;0.599859
0.526234;0.573509
0.536718;0.557019
0.563485;0.55283
0.60581;0.56287
0.660285;0.589642
0.721832;0.635921
0.78536;0.702777
0.846882;0.786557
0.903703;0.877435
0.954059;0.962525
0.996715;1.03207
1.03083;1.08296
1.05606;1.11717
1.07274;1.13806
1.08182;1.14802
1.08482;1.14808
1.08367;1.13898
1.08071;1.12231
1.07862;1.10072
1.08022;1.07736
1.08805;1.05541
1.10371;1.03807
1.12697;1.02865
1.155;1.03051
1.18205;1.04639
1.20083;1.07709
1.20558;1.12001
1.19465;1.16788
1.17038;1.20818
1.13711;1.22511
1.09925;1.20692
1.06043;1.15516
1.02326;1.08471
0.989385;1.01312
0.959534;0.951645
0.933487;0.904288
0.91007;0.870816
0.887267;0.849276
0.862624;0.837057
0.833991;0.830972
0.800442;0.827041
0.762832;0.820502
0.723522;0.806467
0.685518;0.781367
0.651801;0.744899
0.62513;0.70136
0.60807;0.658604
0.602844;0.624446
0.610865;0.603661
0.632136;0.598183
0.665007;0.608933
0.706609;0.636716
0.753745;0.681479
0.803683;0.740737
0.854511;0.808711
0.905001;0.877644
0.954132;0.940843
1.00053;0.995047
1.04231;1.0405
1.07753;1.07933
1.10501;1.11351
1.12471;1.14316
1.13766;1.16586
1.14563;1.17806
1.15088;1.17812
1.1559;1.16799
1.16304;1.15205
1.17411;1.13511
1.18992;1.12149
1.20985;1.11478
1.23155;1.11772
1.25088;1.13162
1.2625;1.15572
1.26132;1.18669
1.24448;1.21846
1.2126;1.24238
1.16916;1.2482
1.11876;1.22698
1.06554;1.17565
1.01255;1.10068
0.96172;1.01619
0.913993;0.936474
0.86951;0.86971
0.827741;0.817585
0.787722;0.778284
0.748388;0.748845
0.708971;0.726073
0.669309;0.706719
0.629934;0.687651
0.591946;0.666341
0.556817;0.64158
0.526322;0.613995
0.502634;0.585913
0.488501;0.560518
0.487232;0.540851
0.502084;0.529399
0.534831;0.528498
0.584198;0.54111
0.645639;0.571248
0.712945;0.623191
0.780306;0.698684
0.843404;0.792767
0.89945;0.892305
0.946804;0.981357
0.984653;1.04956
1.01283;1.09506
1.03176;1.12112
1.04232;1.13193
1.04581;1.13076
1.0439;1.12004
1.03858;1.10203
1.0323;1.07907
1.02789;1.05359
1.02841;1.02806
1.03659;1.00506
1.05406;0.987554
1.08037;0.978995
1.11226;0.983171
1.14348;1.00321
1.16654;1.03986
1.17616;1.08985
1.17147;1.14481
1.15516;1.19101
1.13146;1.21201
1.10442;1.19734
1.07736;1.15159
1.05267;1.09129
1.03178;1.03277
1.01519;0.985129
1.00231;0.95116
0.991483;0.930405
0.980045;0.92105
0.964782;0.92048
0.942748;0.925151
0.912499;0.930381
0.875047;0.930506
0.833549;0.91963
0.791939;0.893107
0.753779;0.849868
0.721891;0.794912
0.698372;0.738907
0.684573;0.692881
0.680926;0.662906
0.686813;0.650071
0.700661;0.653327
0.720348;0.671095
0.743776;0.701116
0.769416;0.739847
0.796703;0.782509
0.826183;0.824145
0.859262;0.861129
0.897293;0.892197
0.94012;0.91868
0.985229;0.944129
1.02874;0.973449
1.06741;1.01112
1.0997;1.05793
1.12578;1.10779
1.14689;1.14953
1.16477;1.175
1.18114;1.18427
1.19739;1.18311
1.21435;1.17817
1.2322;1.17456
1.25058;1.17545
1.26867;1.18212
1.2853;1.19424
1.29872;1.21023
1.30627;1.22772
1.30415;1.24422
1.28856;1.25737
1.25808;1.26475
1.21475;1.26285
1.16269;1.2458
1.10598;1.20611
1.0477;1.14071
0.989765;1.05779
0.933174;0.972825
0.878334;0.897352
0.82533;0.834863
0.774155;0.783897
0.724842;0.741472
0.677518;0.704749
0.632398;0.671605
0.589775;0.640788
0.550043;0.611857
0.513786;0.584944
0.481917;0.560455
0.455845;0.53884
0.437662;0.52055
0.43029;0.506195
0.437356;0.496857
0.462322;0.494394
0.506623;0.501654
0.567773;0.522645
0.639343;0.562499
0.713289;0.626271
0.782696;0.71536
0.843107;0.822412
0.892421;0.930073
0.930201;1.01862
0.956991;1.0768
0.973845;1.10497
0.982071;1.11006
0.98312;1.09987
0.978585;1.08041
0.970271;1.05566
0.960297;1.02815
0.95122;0.999675
0.946046;0.971767
0.947971;0.946126
0.959717;0.924906
0.982555;0.910951
1.01528;0.907887
1.0535;0.91972
1.0903;0.949536
1.11903;0.997403
1.13637;1.05846
1.14294;1.12198
1.14168;1.17219
1.13615;1.19399
1.12952;1.18354
1.12424;1.15155
1.12188;1.11389
1.12307;1.08191
1.12748;1.06071
1.1339;1.0513
1.14028;1.0526
1.14383;1.06236
1.14103;1.07733
1.12809;1.09349
1.10259;1.10634
1.06534;1.1111
1.02032;1.10262
0.972504;1.07528
0.925905;1.0252
0.883115;0.955822
0.845434;0.880772
0.813135;0.81587
0.785688;0.768881
0.762006;0.739314
0.740743;0.723345
0.720634;0.716709
0.7008;0.715358
0.680966;0.71557
0.661573;0.714229
0.643858;0.709279
0.62999;0.700112
0.623196;0.687672
0.627517;0.674203
0.646631;0.662904
0.68179;0.65784
0.730389;0.664234
0.786905;0.688511
0.845465;0.73662
0.901751;0.809485
0.953367;0.898092
0.999328;0.985214
1.03942;1.05562
1.07374;1.10423
1.10247;1.13453
1.12582;1.15257
1.14406;1.16321
1.15762;1.1692
1.16725;1.17171
1.17418;1.17106
1.18021;1.16736
1.18764;1.16097
1.1988;1.15285
1.21498;1.14474
1.23501;1.13939
1.25449;1.14048
1.26669;1.1518
1.26557;1.17524
1.24863;1.20763
1.21714;1.23852
1.17456;1.25163
1.12479;1.23258
1.07127;1.17929
1.01667;1.10353
0.962947;1.02133
0.911404;0.944074
0.862792;0.876867
0.817339;0.820761
0.774739;0.775005
0.734219;0.738237
0.694798;0.708911
0.655764;0.685318
0.617148;0.665432
0.579828;0.646818
0.545279;0.626959
0.515285;0.604258
0.49193;0.579287
0.477772;0.555045
0.475967;0.535572
0.489895;0.524233
0.521907;0.523433
0.571484;0.535642
0.634309;0.564354
0.703578;0.613893
0.772562;0.687217
0.836356;0.78158
0.892121;0.885029
0.938527;0.979638
0.975135;1.05133
1.00205;1.09639
1.0198;1.11905
1.02934;1.12563
1.03197;1.12101
1.02933;1.10815
1.02339;1.08903
1.01648;1.06553
1.01136;1.03984
1.01108;1.01427
1.01853;0.991306
1.0356;0.973696
1.06212;0.964703
1.09497;0.968044
1.12794;0.98715
1.15354;1.02349
1.16651;1.07449
1.1658;1.13196
1.15388;1.18181
1.13468;1.20714
1.11213;1.19746
1.08947;1.15734
1.06906;1.10269
1.05232;1.04909
1.03974;1.00547
1.03075;0.974866
1.02374;0.957086
1.01605;0.95046
1.00436;0.952428
0.98538;0.959495
0.957191;0.967094
0.920488;0.969685
0.878476;0.961285
0.835344;0.936627
0.794867;0.893474
0.759917;0.835879
0.73249;0.774912
0.713752;0.723102
0.703981;0.687601
0.702523;0.669535
0.70792;0.667301
0.718264;0.678668
0.731677;0.700951
0.746806;0.730608
0.763232;0.763314
0.781733;0.79477
0.804265;0.821835
0.833344;0.843386
0.870536;0.860656
0.914707;0.877158
0.961952;0.898282
1.00764;0.930158
1.04855;0.976835
1.08344;1.03562
1.11266;1.09501
1.13739;1.14123
1.15906;1.16821
1.17897;1.17919
1.198;1.18124
1.21665;1.18068
1.23502;1.18164
1.25303;1.18612
1.27045;1.19442
1.28692;1.20573
1.30164;1.21869
1.31261;1.23199
1.31607;1.24467
1.30727;1.25611
1.28334;1.26545
1.2452;1.27025
1.19648;1.26433
1.14129;1.23757
1.08293;1.18239
1.02363;1.10377
0.964732;1.01743
0.907036;0.937134
0.850998;0.868288
0.796919;0.810537
0.745023;0.761536
0.695488;0.718952
0.648458;0.68111
0.60407;0.647031
0.562516;0.616244
0.524169;0.588543
0.489714;0.563803
0.460268;0.541915
0.437494;0.522862
0.423769;0.506934
0.422305;0.495022
0.436848;0.48878
0.470448;0.4906
0.52328;0.503679
0.59102;0.532331
0.665786;0.581868
0.739258;0.656726
0.805289;0.755908
0.860577;0.867881
0.90404;0.971867
0.935943;1.04887
0.957231;1.09218
0.969165;1.10671
0.973155;1.10156
0.970732;1.08457
0.96358;1.06095
0.953624;1.03379
0.943148;1.00505
0.934892;0.976203
0.932004;0.948787
0.937638;0.924637
0.954116;0.906132
0.981842;0.896389
1.01832;0.899256
1.05788;0.918652
1.09339;0.956875
1.11946;1.01227
1.13454;1.07749
1.14039;1.13919
1.1402;1.1808
1.1373;1.19117
1.13448;1.17329
1.13371;1.14122
1.13603;1.10904
1.14161;1.085
1.14967;1.07207
1.15871;1.07019
1.16652;1.07769
1.17016;1.09178
1.16592;1.1089
1.15009;1.12498
1.12098;1.1358
1.08058;1.13695
1.03355;1.12324
0.984708;1.0888
0.937602;1.03072
0.894291;0.955683
0.855614;0.879929
0.821477;0.817812
0.791129;0.77391
0.763451;0.745889
0.737272;0.729371
0.711675;0.720004
0.686205;0.713879
0.660973;0.707699
0.63669;0.699104
0.614737;0.687013
0.597332;0.671764
0.587687;0.654907
0.589767;0.6388
0.607191;0.626355
0.641311;0.621212
0.689805;0.628231
0.74738;0.653522
0.808108;0.702706
0.867343;0.776679
0.922225;0.867105
0.971304;0.957661
1.01396;1.03308
1.05001;1.08719
1.07944;1.12221
1.10243;1.14341
1.11932;1.15533
1.1307;1.16072
1.13755;1.1609
1.1413;1.15653
1.14398;1.14819
1.14815;1.13674
1.15647;1.1236
1.17086;1.11084
1.19126;1.10146
1.21462;1.09928
1.23487;1.10836
1.24495;1.13123
1.24007;1.16634
1.21955;1.20591
1.18598;1.23572
1.14336;1.23926
1.09558;1.20707
1.04586;1.14428
0.99658;1.06642
0.949377;0.988605
0.905222;0.919539
0.864437;0.8622
0.826657;0.816472
0.790854;0.781039
0.755578;0.754189
0.719519;0.733951
0.68219;0.717891
0.64427;0.702914
0.607382;0.685529
0.573591;0.66296
0.545124;0.634831
0.524414;0.604121
0.514243;0.576054
0.517615;0.555568
0.537044;0.545844
0.573252;0.548963
0.624093;0.567269
0.684833;0.603863
0.749773;0.661474
0.813949;0.739613
0.873861;0.831444
0.927317;0.924073
0.972965;1.00421
1.00996;1.06459
1.03792;1.10514
1.05704;1.1295
1.06811;1.14131
1.07243;1.14278
1.07177;1.13513
1.06826;1.1197
1.06444;1.09869
1.06313;1.07491
1.06716;1.05135
1.07879;1.03101
1.09889;1.01707
1.12601;1.01293
1.15571;1.02192
1.18102;1.0462
1.19493;1.08519
1.1937;1.13402
1.17799;1.18248
1.15143;1.21536
1.11846;1.21738
1.08309;1.18307
1.04836;1.12228
1.01635;1.05286
0.988231;0.98929
0.964196;0.938473
0.943463;0.901762
0.924262;0.877907
0.904071;0.864649
0.880204;0.859115
0.850759;0.857639
0.815579;0.855596
0.776495;0.847703
0.736586;0.829078
0.699148;0.797106
0.667166;0.753594
0.643255;0.705496
0.629641;0.662222
0.627922;0.631062
0.638622;0.615262
0.660866;0.615602
0.692526;0.63226
0.730858;0.665036
0.773275;0.712299
0.817884;0.769932
0.863637;0.83165
0.910069;0.891024
0.956652;0.943863
1.00206;0.989221
1.04404;1.02876
1.08021;1.06526
1.1091;1.10079
1.13059;1.13475
1.14572;1.163
1.15633;1.18016
1.16464;1.1839
1.17295;1.17667
1.18325;1.1636
1.19683;1.14997
1.21398;1.14016
1.23369;1.13747
1.25359;1.1439
1.27007;1.15974
1.27862;1.18328
1.27486;1.21068
1.25606;1.2362
1.22247;1.25262
1.1773;1.25208
1.125;1.22768
1.06967;1.17628
1.01431;1.10211
0.960789;1.01731
0.909987;0.93601
0.862027;0.867015
0.81648;0.812357
0.77264;0.770196
0.729822;0.737437
0.687649;0.710844
0.646197;0.687377
0.605999;0.664448
0.567938;0.640345
0.533178;0.614631
0.5032;0.588228
0.479967;0.563019
0.466137;0.541185
0.46508;0.52473
0.480318;0.515513
0.514029;0.515731
0.565217;0.528542
0.629181;0.558359
0.699142;0.610135
0.768604;0.68659
0.832746;0.783583
0.888586;0.88763
0.934597;0.980968
0.970284;1.05121
0.995884;1.09564
1.01215;1.11796
1.02019;1.12344
1.02143;1.1166
1.01753;1.10094
1.01047;1.07925
1.00266;1.05393
0.996914;1.0271
0.996372;1.00087
1.00392;0.977473
1.02137;0.959653
1.04851;0.950808
1.08226;0.954839
1.11644;0.97519
1.14362;1.01306
1.15848;1.06549
1.16001;1.1243
1.15068;1.17578
1.13444;1.20329
1.11516;1.19613
1.09601;1.15868
1.07929;1.10703
1.06635;1.0569
1.05758;1.017
1.05233;0.990143
1.04884;0.976003
1.04439;0.972873
1.03556;0.978117
1.0189;0.988105
0.992249;0.998112
0.956111;1.00252
0.913739;0.995362
0.869548;0.971298
0.82752;0.927664
0.7906;0.867958
0.760713;0.803339
0.738858;0.747304
0.725121;0.707919
0.718711;0.686451
0.71813;0.68085
0.721523;0.688285
0.727137;0.70558
0.733773;0.728974
0.741181;0.754255
0.750312;0.77747
0.7634;0.795883
0.783584;0.808697
0.813644;0.817368
0.853961;0.825548
0.901419;0.83878
0.950864;0.86377
0.997741;0.90636
1.03952;0.967068
1.07561;1.03657
1.10658;1.09878
1.13351;1.14206
1.15749;1.16572
1.17939;1.17603
1.19973;1.18013
1.21883;1.18304
1.23682;1.18742
1.25388;1.19407
1.2702;1.20262
1.28601;1.21225
1.30104;1.22216
1.31362;1.23191
1.31974;1.24159
1.31412;1.25162
1.29333;1.2621
1.25787;1.27102
1.21104;1.2714
1.15681;1.25098
1.09847;1.20037
1.03841;1.12412
0.978233;1.03807
0.919005;0.956114
0.861439;0.884172
0.806016;0.822596
0.753047;0.76976
0.702709;0.723921
0.655071;0.683775
0.610147;0.648441
0.568005;0.617297
0.528914;0.589822
0.493495;0.565519
0.462779;0.543923
0.438272;0.524739
0.422123;0.508137
0.417313;0.495061
0.427579;0.487252
0.456484;0.486976
0.505305;0.49705
0.57081;0.521337
0.645424;0.565018
0.720302;0.633408
0.78854;0.727956
0.846277;0.840156
0.892137;0.949847
0.926249;1.03499
0.949503;1.08525
0.963122;1.10421
0.96849;1.10147
0.967108;1.08577
0.960617;1.06286
0.950867;1.03606
0.94003;1.00738
0.930718;0.978293
0.926012;0.950291
0.929173;0.925108
0.942888;0.90494
0.968159;0.892669
1.00323;0.891993
1.04312;0.90702
1.0808;0.940833
1.11025;0.993054
1.12899;1.05769
1.13808;1.12252
1.14046;1.17115
1.13942;1.19037
1.13786;1.17975
1.1379;1.15148
1.14078;1.12016
1.14683;1.09535
1.15548;1.08104
1.16544;1.07777
1.17471;1.08414
1.18063;1.09761
1.1797;1.1148
1.16801;1.1318
1.14297;1.1446
1.10545;1.14906
1.05962;1.14038
1.01049;1.1126
0.962018;1.06097
0.916641;0.988744
0.875483;0.91042
0.838665;0.842386
0.805597;0.792082
0.775276;0.758488
0.746593;0.737408
0.71864;0.724364
0.690916;0.715336
0.663435;0.706937
0.636747;0.696691
0.611979;0.683343
0.59098;0.667006
0.576515;0.648978
0.572258;0.631336
0.582121;0.616622
0.608668;0.60793
0.651311;0.609402
0.70594;0.626558
0.766659;0.665439
0.828046;0.729493
0.886306;0.814869
0.939244;0.908407
0.985757;0.993344
1.02536;1.05887
1.05791;1.10358
1.08348;1.13158
1.10237;1.14775
1.11513;1.15554
1.12266;1.15689
1.12626;1.15284
1.12778;1.14417
1.12964;1.13185
1.13464;1.11721
1.14526;1.10215
1.16273;1.08933
1.18583;1.08225
1.21018;1.08505
1.2289;1.10126
1.23535;1.13174
1.22615;1.17229
1.20206;1.21238
1.16648;1.23617
1.12355;1.22858
1.077;1.18519
1.02973;1.11625
0.983847;1.03859
0.940704;0.965398
0.900968;0.902974
0.86458;0.852777
0.830714;0.814
0.797888;0.785048
0.764394;0.764005
0.729025;0.748541
0.691742;0.735633
0.653788;0.721532
0.617228;0.702472
0.584396;0.676295
0.557695;0.644176
0.539696;0.610822
0.533189;0.582335
0.540871;0.563461
0.564465;0.556858
0.603593;0.564355
0.655302;0.588201
0.714869;0.630994
0.777346;0.693972
0.838719;0.774207
0.896195;0.862941
0.947897;0.94798
0.992453;1.01937
1.02883;1.07325
1.05647;1.11091
1.07546;1.13539
1.08661;1.14899
1.09131;1.15257
1.09143;1.14656
1.08925;1.13219
1.08738;1.11198
1.08862;1.08918
1.09553;1.0671
1.10985;1.049
1.13168;1.0382
1.15865;1.03803
1.18554;1.0513
1.20523;1.0791
1.21148;1.11938
1.20185;1.16577
1.17809;1.20679
1.14438;1.22716
1.10524;1.21389
1.06451;1.16571
1.02499;1.09549
0.988491;1.02116
0.955895;0.955533
0.927171;0.90384
0.901353;0.866349
0.876643;0.84123
0.850754;0.825914
0.821589;0.817329
0.788091;0.811713
0.750831;0.804564
0.711859;0.791162
0.673972;0.767875
0.640055;0.733954
0.612862;0.692871
0.595046;0.651649
0.589046;0.617779
0.596621;0.596276
0.618149;0.589473
0.652196;0.598649
0.695832;0.625046
0.745565;0.669275
0.798268;0.7296
0.851631;0.800583
0.904076;0.873967
0.954325;0.941911
1.00092;1.00004
1.04208;1.04797
1.07615;1.08755
1.1022;1.12072
1.12034;1.14778
1.13167;1.1669
1.13799;1.17545
1.14158;1.17251
1.14498;1.16017
1.15068;1.14254
1.16069;1.12413
1.17603;1.10908
1.19622;1.10102
1.21889;1.1029
1.23961;1.11641
1.2526;1.14117
1.25243;1.17408
1.23631;1.20892
1.20516;1.23632
1.16271;1.24486
1.11364;1.22455
1.06203;1.1726
1.01089;1.09701
0.962122;1.01319
0.916671;0.935354
0.874641;0.87097
0.835424;0.821283
0.797897;0.784392
0.76078;0.757396
0.723085;0.737133
0.68452;0.720261
0.645639;0.703381
0.607696;0.683551
0.57238;0.659158
0.541666;0.630674
0.517868;0.600706
0.503788;0.573073
0.502663;0.551486
0.517511;0.538837
0.54977;0.537542
0.597952;0.550427
0.657629;0.581188
0.723005;0.633542
0.78875;0.708423
0.850897;0.800265
0.906814;0.896297
0.954824;0.981993
0.993925;1.04842
1.0237;1.09425
1.04432;1.12249
1.05652;1.13663
1.06152;1.13916
1.06097;1.13182
1.0569;1.1164
1.05177;1.09517
1.04841;1.07073
1.04983;1.04584
1.05861;1.02331
1.0762;1.00626
1.10198;0.998176
1.13256;1.00274
1.16161;1.02278
1.18172;1.0587
1.18771;1.10693
1.17884;1.15898
1.15799;1.20115
1.12951;1.2173
1.09758;1.19735
1.06556;1.14619
1.03585;1.08054
1.0099;1.01698
0.988226;0.964725
0.970288;0.926509
0.954489;0.901719
0.938312;0.888416
0.918792;0.883949
0.89339;0.884825
0.861104;0.886475
0.823141;0.883404
0.78248;0.870052
0.742698;0.842445
0.707089;0.800464
0.67842;0.749595
0.658945;0.699673
0.650293;0.66007
0.65316;0.635818
0.667028;0.628107
0.6902;0.636658
0.72027;0.660805
0.754816;0.698969
0.792001;0.747714
0.830893;0.801685
0.871444;0.854977
0.914001;0.903195
0.95837;0.944757
1.00294;0.98089
1.04487;1.01471
1.08138;1.04979
1.11097;1.08801
1.13365;1.12711
1.15062;1.16029
1.16377;1.18057
1.17522;1.18615
1.18696;1.18086
1.20048;1.17066
1.21646;1.161
1.23465;1.15595
1.25381;1.15808
1.27179;1.16832
1.2856;1.18582
1.29157;1.20801
1.2858;1.23097
1.26552;1.24985
1.23073;1.25938
1.18442;1.25393
1.13094;1.22784
1.07431;1.17709
1.01742;1.10385
0.962018;1.01909
0.908896;0.937098
0.858178;0.866992
0.809569;0.810776
0.762634;0.766456
0.717043;0.73084
0.672723;0.700767
0.629902;0.673542
0.589066;0.64722
0.55091;0.620861
0.516357;0.594589
0.48667;0.569357
0.463655;0.546499
0.449869;0.527354
0.448677;0.51319
0.463742;0.505479
0.497569;0.506363
0.54951;0.519114
0.614927;0.548337
0.686674;0.599333
0.757675;0.675534
0.82264;0.773729
0.878403;0.880747
0.923527;0.977698
0.957776;1.05025
0.981671;1.09451
0.996196;1.11431
1.00262;1.11596
1.00239;1.10513
0.997205;1.08611
0.989002;1.06204
0.980134;1.03523
0.973411;1.00759
0.971982;0.980922
0.97884;0.957255
0.995985;0.939161
1.02343;0.929958
1.05832;0.933577
1.09468;0.953678
1.12515;0.99184
1.14432;1.04554
1.15099;1.10692
1.14738;1.16247
1.13718;1.19554
1.12409;1.19509
1.11114;1.16492
1.10054;1.12047
1.09356;1.07698
1.09052;1.04303
1.09071;1.02149
1.09242;1.01215
1.09304;1.01336
1.08917;1.02244
1.07712;1.03576
1.05409;1.04873
1.01991;1.05608
0.977575;1.05217
0.931768;1.03144
0.886817;0.989825
0.845845;0.928758
0.810751;0.858612
0.782383;0.794541
0.760675;0.746788
0.744778;0.717372
0.733279;0.703787
0.724533;0.702424
0.717054;0.709543
0.709894;0.721275
0.702942;0.733749
0.697119;0.743626
0.694525;0.748772
0.698436;0.748793
0.712791;0.745211
0.740592;0.741325
0.781703;0.741958
0.83215;0.753293
0.886098;0.782329
0.938559;0.834392
0.986638;0.90775
1.0293;0.989703
1.06664;1.06223
1.09923;1.11407
1.12768;1.14534
1.15253;1.16244
1.17414;1.17201
1.1928;1.17845
1.20883;1.18391
1.22274;1.18904
1.23538;1.19368
1.24801;1.19746
1.26198;1.20021
1.27774;1.20226
1.29342;1.20473
1.30409;1.20965
1.30356;1.21954
1.28786;1.23581
1.25701;1.25538
1.21385;1.26751
1.16215;1.2563
1.10532;1.21187
1.04606;1.13973
0.986371;1.05549
0.927667;0.97279
0.87091;0.898349
0.816703;0.833849
0.765338;0.778764
0.716828;0.731954
0.670955;0.692243
0.627406;0.658542
0.586018;0.629796
0.547033;0.604897
0.511185;0.582643
0.479625;0.561864
0.45389;0.541869
0.436058;0.523089
0.428987;0.507276
0.436332;0.496855
0.461787;0.494202
0.507089;0.501803
0.569686;0.523086
0.642532;0.56293
0.716942;0.626787
0.785876;0.717039
0.845227;0.826816
0.893351;0.937215
0.930115;1.0259
0.956155;1.08111
0.972479;1.10522
0.980315;1.10726
0.981071;1.09574
0.97633;1.07627
0.967894;1.05205
0.957872;1.02503
0.948805;0.996831
0.943708;0.96909
0.945842;0.94364
0.958012;0.922672
0.98147;0.908981
1.01481;0.90616
1.05336;0.918324
1.09011;0.948823
1.11864;0.997856
1.13592;1.06015
1.1427;1.12409
1.14186;1.17338
1.13688;1.19365
1.13089;1.18246
1.12627;1.151
1.12455;1.1145
1.12632;1.0837
1.13123;1.06348
1.13806;1.05486
1.14476;1.05678
1.14852;1.06694
1.14577;1.08212
1.13267;1.09834
1.10683;1.11115
1.06922;1.11581
1.02394;1.10706
0.9759;1.07912
0.929078;1.02807
0.885998;0.957754
0.847916;0.882331
0.815078;0.817497
0.786943;0.770549
0.762435;0.740754
0.74024;0.724272
0.719141;0.716876
0.698307;0.714564
0.677502;0.713677
0.657189;0.711192
0.63861;0.705164
0.623929;0.69508
0.616361;0.681924
0.619937;0.667924
0.638361;0.656221
0.672987;0.650821
0.721355;0.656899
0.778016;0.680841
0.837048;0.728588
0.894007;0.801214
0.946367;0.890076
0.993034;0.978207
1.03372;1.05014
1.06847;1.10029
1.09745;1.13177
1.12085;1.15053
1.13895;1.16145
1.15221;1.16735
1.1614;1.16949
1.16778;1.16825
1.17316;1.16379
1.17992;1.15654
1.19046;1.1475
1.20625;1.13847
1.22642;1.13224
1.2469;1.1325
1.26104;1.14315
1.26251;1.1663
1.24822;1.19928
1.21907;1.23236
1.17834;1.24959
1.12998;1.23579
1.07752;1.187
1.02377;1.11369
0.970773;1.03204
0.919898;0.954345
0.871956;0.886454
0.827202;0.829795
0.785331;0.783738
0.745531;0.746935
0.706735;0.717814
0.668117;0.694623
0.629605;0.675268
0.592039;0.657199
0.556913;0.637713
0.526048;0.61497
0.501525;0.589337
0.485849;0.563802
0.482077;0.542633
0.493529;0.529469
0.522673;0.526808
0.569384;0.536989
0.629898;0.563242
0.697819;0.60967
0.766511;0.679342
0.830921;0.770299
0.887985;0.871955
0.936146;0.967339
0.974768;1.04203
1.00378;1.0911
1.02355;1.11779
1.03491;1.12794
1.0391;1.12635
1.0377;1.11595
1.03263;1.09867
1.02618;1.07637
1.02106;1.05127
1.02028;1.0258
1.02672;1.00248
1.04241;0.984077
1.06749;0.973788
1.09925;0.975257
1.13181;0.991934
1.15768;1.02555
1.17108;1.0741
1.17039;1.13023
1.15776;1.18065
1.13712;1.2085
1.11253;1.20169
1.08738;1.16258
1.06418;1.1063
1.04451;1.0493
1.029;1.00166
1.01729;0.96708
1.0079;0.94561
0.998363;0.93569
0.985475;0.934869
0.966019;0.939818
0.938004;0.946147
0.901878;0.948442
0.860555;0.94077
0.818049;0.917852
0.778111;0.877268
0.743693;0.822475
0.716949;0.763659
0.699265;0.712935
0.691157;0.677789
0.692165;0.659911
0.70092;0.658167
0.71548;0.670742
0.733832;0.695338
0.754426;0.728655
0.776595;0.766313
0.800815;0.803656
0.828642;0.837039
0.862048;0.864867
0.901956;0.887988
0.946786;0.909572
0.992692;0.934584
1.03558;0.968497
1.07286;1.0144
1.10387;1.06879
1.12931;1.12062
1.15063;1.15815
1.16946;1.17751
1.1872;1.18286
1.20483;1.18114
1.22279;1.17831
1.24104;1.17825
1.25919;1.18283
1.27665;1.19225
1.29245;1.20548
1.30498;1.22076
1.31127;1.23619
1.3071;1.25014
1.2887;1.26115
1.25543;1.26723
1.21006;1.2643
1.1568;1.24487
1.09949;1.2004
1.04083;1.12982
0.982487;1.04474
0.92535;0.961036
0.86983;0.888032
0.816118;0.827424
0.764338;0.777163
0.714625;0.734416
0.667147;0.696796
0.622096;0.662716
0.579714;0.631367
0.540357;0.602522
0.504614;0.576263
0.473453;0.552765
0.448362;0.532209
0.431515;0.514879
0.425908;0.501406
0.435203;0.493056
0.462765;0.491916
0.509723;0.500974
0.573098;0.524302
0.645988;0.567049
0.720139;0.63411
0.788749;0.726313
0.847671;0.835265
0.895137;0.942574
0.930974;1.02832
0.955892;1.08218
0.971039;1.10586
0.977769;1.10722
0.977563;1.09436
0.972045;1.07316
0.963057;1.04736
0.952768;1.01927
0.943786;0.990539
0.939159;0.962666
0.942083;0.937386
0.955187;0.916915
0.979524;0.904171
1.01353;0.902834
1.05244;0.916893
1.08919;0.949249
1.11748;0.999542
1.13454;1.06224
1.14136;1.12582
1.14095;1.17411
1.13679;1.19297
1.13192;1.18064
1.12864;1.14906
1.12832;1.11364
1.13145;1.08471
1.13754;1.06665
1.14528;1.06012
1.1526;1.06385
1.15668;1.0754
1.15398;1.09141
1.14069;1.10785
1.1145;1.12032
1.07648;1.12427
1.03084;1.11462
0.982524;1.08566
0.935459;1.03352
0.892087;0.962234
0.85357;0.886244
0.820059;0.821282
0.790951;0.774375
0.765149;0.744475
0.741379;0.727528
0.718509;0.719179
0.695829;0.715389
0.673213;0.712567
0.651195;0.707861
0.631035;0.699581
0.614858;0.687484
0.60581;0.672756
0.60787;0.657676
0.624794;0.645275
0.658148;0.63934
0.705766;0.644799
0.762376;0.667855
0.822019;0.714477
0.880062;0.786171
0.933745;0.875073
0.981767;0.964723
1.02368;1.03931
1.05941;1.09237
1.08904;1.12632
1.11275;1.1468
1.13081;1.15868
1.14372;1.16485
1.15229;1.16664
1.15782;1.16454
1.16217;1.15886
1.16775;1.15017
1.17713;1.13959
1.19203;1.129
1.21211;1.12119
1.23391;1.11989
1.2511;1.12911
1.2569;1.15133
1.24727;1.18474
1.22227;1.22084
1.18482;1.24463
1.1389;1.23994
1.08825;1.19962
1.03587;1.13128
0.984001;1.05091
0.934161;0.972379
0.887257;0.903046
0.84361;0.845153
0.802932;0.79835
0.764364;0.761318
0.726707;0.732434
0.688929;0.709873
0.650751;0.691443
0.612899;0.674423
0.576878;0.65581
0.544569;0.633326
0.518072;0.606901
0.499817;0.579372
0.492719;0.555324
0.499996;0.538916
0.524276;0.532917
0.566027;0.539521
0.622373;0.561558
0.687637;0.602758
0.755423;0.6663
0.820501;0.751371
0.879461;0.849505
0.930396;0.945436
0.972342;1.02449
1.00491;1.07994
1.02821;1.1133
1.04282;1.12959
1.04982;1.13337
1.05069;1.1275
1.04725;1.11375
1.04174;1.09388
1.03676;1.07011
1.03523;1.04501
1.04007;1.02122
1.0535;1.00156
1.07611;0.989147
1.10589;0.987517
1.13768;1.00014
1.16409;1.02912
1.17861;1.07336
1.17854;1.12686
1.16536;1.17782
1.14286;1.20986
1.11528;1.20876
1.0863;1.17284
1.05868;1.11508
1.03425;1.05299
1.01393;0.998723
0.997619;0.957375
0.984185;0.929581
0.971449;0.913968
0.956462;0.908243
0.936138;0.90934
0.908373;0.913203
0.873195;0.914718
0.832991;0.908113
0.791437;0.888093
0.752198;0.851874
0.718329;0.801854
0.692227;0.746691
0.675638;0.697682
0.669511;0.662776
0.673771;0.644615
0.68726;0.642869
0.70801;0.656441
0.733788;0.683764
0.762685;0.722102
0.793585;0.767145
0.826394;0.813676
0.861923;0.85711
0.901213;0.894928
0.944279;0.927249
0.989123;0.956577
1.03228;0.98703
1.07054;1.02286
1.10227;1.06578
1.12748;1.11173
1.14734;1.15131
1.16364;1.17615
1.17827;1.18504
1.19288;1.18283
1.20857;1.17599
1.22573;1.16994
1.24404;1.16833
1.26255;1.17303
1.27976;1.18425
1.29356;1.2007
1.301;1.21991
1.29827;1.23882
1.28183;1.25418
1.25057;1.26267
1.20671;1.26021
1.15442;1.24112
1.09782;1.199
1.04001;1.132
0.982889;1.04874
0.927425;0.964343
0.873936;0.889982
0.822375;0.829008
0.772584;0.779895
0.724467;0.739569
0.678082;0.705011
0.633646;0.673826
0.591513;0.644477
0.552168;0.616328
0.516291;0.589515
0.484887;0.564642
0.459464;0.542457
0.442231;0.523695
0.436231;0.509161
0.445133;0.500027
0.472197;0.498193
0.518346;0.506594
0.580509;0.529398
0.652039;0.571831
0.725161;0.638636
0.793431;0.730119
0.852747;0.837345
0.901164;0.942326
0.938263;1.0267
0.96455;1.08135
0.98104;1.10767
0.989013;1.11234
0.989916;1.10245
0.985356;1.08347
0.977171;1.05913
0.967534;1.03196
0.959068;1.00377
0.954824;0.976191
0.957965;0.951014
0.971046;0.930498
0.995042;0.917612
1.02835;0.916078
1.06619;0.929854
1.10143;0.961688
1.12763;1.01101
1.14197;1.07223
1.14548;1.13396
1.14137;1.18007
1.13326;1.19615
1.12436;1.18006
1.11707;1.14391
1.11291;1.10373
1.11245;1.07036
1.11531;1.04832
1.12014;1.03831
1.12475;1.03911
1.12615;1.04835
1.1207;1.06271
1.1048;1.07803
1.07659;1.08955
1.03759;1.09219
0.992084;1.08053
0.944906;1.04919
0.899828;0.995575
0.859232;0.925236
0.824291;0.852787
0.795188;0.792723
0.771313;0.750992
0.751483;0.726324
0.734248;0.714904
0.718239;0.712641
0.70251;0.71557
0.686776;0.719929
0.67157;0.722489
0.658348;0.721084
0.649624;0.715069
0.648996;0.705464
0.660564;0.694765
0.687275;0.68663
0.728784;0.685794
0.780924;0.698235
0.837696;0.730724
0.893871;0.788027
0.946205;0.867398
0.99325;0.955354
1.03468;1.03382
1.07067;1.09161
1.10154;1.12851
1.1276;1.15031
1.14909;1.16312
1.16631;1.17103
1.17971;1.17606
1.19005;1.17887
1.19862;1.17946
1.20723;1.17776
1.21802;1.17404
1.2326;1.16924
1.25068;1.16521
1.26885;1.16483
1.28089;1.17171
1.28052;1.18873
1.26452;1.21511
1.2336;1.24313
1.19091;1.25779
1.14028;1.24323
1.08516;1.19409
1.02829;1.11988
0.97169;1.03659
0.916757;0.956505
0.864384;0.885517
0.815007;0.825105
0.768621;0.774752
0.724812;0.733263
0.682899;0.699284
0.64226;0.671389
0.602754;0.647999
0.564939;0.627267
0.529967;0.607161
0.499362;0.58604
0.47498;0.563665
0.459196;0.541842
0.455089;0.523764
0.46626;0.512565
0.495745;0.510705
0.54399;0.520672
0.607244;0.54598
0.678381;0.591356
0.74976;0.661096
0.815626;0.754759
0.872693;0.862099
0.919577;0.963909
0.956017;1.04232
0.982365;1.09072
0.999358;1.11313
1.00805;1.11721
1.00979;1.10938
1.00617;1.09362
0.999078;1.07235
0.990751;1.04742
0.983868;1.0207
0.981498;0.994214
0.986736;0.97016
1.0019;0.951047
1.02747;0.939962
1.06103;0.940639
1.09694;0.956916
1.12782;0.991168
1.14781;1.042
1.15502;1.1024
1.1512;1.15918
1.13989;1.19544
1.12488;1.19876
1.10938;1.1708
1.09579;1.1257
1.08563;1.0791
1.07945;1.04075
1.0768;1.01449
1.07619;1.00067
1.07516;0.99791
1.07041;1.00378
1.05826;1.0149
1.03578;1.0269
1.00249;1.03456
0.961058;1.03211
0.915959;1.01375
0.871508;0.975145
0.830946;0.917119
0.796366;0.849135
0.768853;0.785882
0.748583;0.738017
0.734901;0.708291
0.726492;0.694788
0.721681;0.694335
0.718834;0.703536
0.716768;0.718704
0.715105;0.735908
0.714543;0.751476
0.717024;0.762757
0.725705;0.76877
0.744315;0.770525
0.775434;0.771029
0.818369;0.775105
0.868823;0.789123
0.92112;0.820151
0.97077;0.873051
1.01543;0.944973
1.05453;1.02234
1.0885;1.08785
1.11815;1.13223
1.14427;1.15724
1.16748;1.16979
1.1882;1.17645
1.20673;1.18138
1.22334;1.18654
1.23847;1.19241
1.25279;1.19867
1.26722;1.20479
1.28243;1.21048
1.29771;1.2159
